Chiralities
#      k1        k2        k3        kx        ky        kz      Chirality
   0.25158   0.39392   0.42903   0.50033  -0.54252  -0.30686       1
  -0.25158   0.39392   0.42903   0.50033  -0.54252   0.30686      -1
   0.25158  -0.39392   0.42903  -0.50033  -0.54252  -0.30686      -1
  -0.25158  -0.39392   0.42903  -0.50033  -0.54252   0.30686       1
   0.25158   0.39392  -0.42903   0.50033   0.54252  -0.30686       1
  -0.25158   0.39392  -0.42903   0.50033   0.54252   0.30686      -1
   0.25158  -0.39392  -0.42903  -0.50033   0.54252  -0.30686      -1
  -0.25158  -0.39392  -0.42903  -0.50033   0.54252   0.30686       1
 Time cost for WeylChirality_calc is about          629.817 s
