# Chirality              -1               1               1              -1
# k            phase           phase           phase           phase
      0.00000000       0.00000113       0.00000114       0.00000114       0.00000113
      0.00125000       0.00001100       0.00001165       0.00001169       0.00001100
      0.00250000       0.00002131       0.00002396       0.00002407       0.00002133
      0.00375000       0.00003094       0.00003693       0.00003714       0.00003102
      0.00500000       0.00003987       0.00005056       0.00005090       0.00004004
      0.00625000       0.00004811       0.00006484       0.00006535       0.00004840
      0.00750000       0.00005566       0.00007978       0.00008049       0.00005611
      0.00875000       0.00006252       0.00009538       0.00009631       0.00006315
      0.01000000       0.00006868       0.00011163       0.00011283       0.00006954
      0.01125000       0.00007415       0.00012855       0.00013005       0.00007526
      0.01250000       0.00007892       0.00014612       0.00014795       0.00008032
      0.01375000       0.00008300       0.00016436       0.00016655       0.00008471
      0.01500000       0.00008638       0.00018325       0.00018584       0.00008845
      0.01625000       0.00008905       0.00020281       0.00020583       0.00009151
      0.01750000       0.00009103       0.00022303       0.00022651       0.00009391
      0.01875000       0.00009230       0.00024391       0.00024789       0.00009564
      0.02000000       0.00009287       0.00026546       0.00026998       0.00009670
      0.02125000       0.00009273       0.00028767       0.00029276       0.00009709
      0.02250000       0.00009188       0.00031055       0.00031625       0.00009681
      0.02375000       0.00009032       0.00033410       0.00034044       0.00009585
      0.02500000       0.00008805       0.00035832       0.00036534       0.00009422
      0.02625000       0.00008506       0.00038321       0.00039095       0.00009190
      0.02750000       0.00008135       0.00040877       0.00041728       0.00008891
      0.02875000       0.00007692       0.00043501       0.00044431       0.00008523
      0.03000000       0.00007176       0.00046192       0.00047207       0.00008087
      0.03125000       0.00006587       0.00048951       0.00050054       0.00007582
      0.03250000       0.00005926       0.00051779       0.00052973       0.00007009
      0.03375000       0.00005191       0.00054675       0.00055966       0.00006366
      0.03500000       0.00004382       0.00057639       0.00059030       0.00005654
      0.03625000       0.00003499       0.00060672       0.00062169       0.00004871
      0.03750000       0.00002541       0.00063773       0.00065380       0.00004019
      0.03875000       0.00001509       0.00066944       0.00068666       0.00003097
      0.04000000       0.00000401       0.00070185       0.00072025       0.00002104
      0.04125000       0.99999218       0.00073495       0.00075459       0.00001041
      0.04250000       0.99997958       0.00076876       0.00078969       0.99999906
      0.04375000       0.99996622       0.00080326       0.00082553       0.99998699
      0.04500000       0.99995209       0.00083848       0.00086214       0.99997421
      0.04625000       0.99993718       0.00087440       0.00089950       0.99996070
      0.04750000       0.99992150       0.00091103       0.00093763       0.99994647
      0.04875000       0.99990503       0.00094839       0.00097654       0.99993151
      0.05000000       0.99988777       0.00098646       0.00101622       0.99991582
      0.05125000       0.99986971       0.00102525       0.00105668       0.99989939
      0.05250000       0.99985086       0.00106477       0.00109792       0.99988222
      0.05375000       0.99983120       0.00110502       0.00113996       0.99986431
      0.05500000       0.99981073       0.00114601       0.00118280       0.99984564
      0.05625000       0.99978944       0.00118773       0.00122643       0.99982622
      0.05750000       0.99976733       0.00123020       0.00127088       0.99980605
      0.05875000       0.99974438       0.00127341       0.00131613       0.99978511
      0.06000000       0.99972061       0.00131737       0.00136221       0.99976340
      0.06125000       0.99969598       0.00136209       0.00140911       0.99974093
      0.06250000       0.99967051       0.00140757       0.00145685       0.99971767
      0.06375000       0.99964419       0.00145381       0.00150542       0.99969363
      0.06500000       0.99961700       0.00150083       0.00155484       0.99966881
      0.06625000       0.99958894       0.00154861       0.00160511       0.99964319
      0.06750000       0.99956000       0.00159718       0.00165624       0.99961678
      0.06875000       0.99953018       0.00164653       0.00170824       0.99958956
      0.07000000       0.99949946       0.00169667       0.00176111       0.99956153
      0.07125000       0.99946785       0.00174761       0.00181486       0.99953269
      0.07250000       0.99943532       0.00179935       0.00186951       0.99950303
      0.07375000       0.99940188       0.00185190       0.00192505       0.99947254
      0.07500000       0.99936751       0.00190525       0.00198149       0.99944121
      0.07625000       0.99933221       0.00195943       0.00203885       0.99940905
      0.07750000       0.99929596       0.00201443       0.00209713       0.99937604
      0.07875000       0.99925876       0.00207027       0.00215634       0.99934218
      0.08000000       0.99922060       0.00212694       0.00221649       0.99930746
      0.08125000       0.99918146       0.00218445       0.00227759       0.99927187
      0.08250000       0.99914135       0.00224282       0.00233966       0.99923541
      0.08375000       0.99910024       0.00230204       0.00240268       0.99919807
      0.08500000       0.99905814       0.00236213       0.00246669       0.99915984
      0.08625000       0.99901502       0.00242309       0.00253169       0.99912071
      0.08750000       0.99897088       0.00248493       0.00259768       0.99908068
      0.08875000       0.99892570       0.00254766       0.00266468       0.99903974
      0.09000000       0.99887948       0.00261129       0.00273271       0.99899789
      0.09125000       0.99883221       0.00267581       0.00280176       0.99895510
      0.09250000       0.99878386       0.00274125       0.00287186       0.99891138
      0.09375000       0.99873444       0.00280760       0.00294301       0.99886671
      0.09500000       0.99868393       0.00287488       0.00301522       0.99882109
      0.09625000       0.99863231       0.00294310       0.00308851       0.99877451
      0.09750000       0.99857957       0.00301226       0.00316290       0.99872696
      0.09875000       0.99852571       0.00308238       0.00323838       0.99867843
      0.10000000       0.99847070       0.00315345       0.00331498       0.99862891
      0.10125000       0.99841454       0.00322550       0.00339271       0.99857838
      0.10250000       0.99835721       0.00329853       0.00347158       0.99852685
      0.10375000       0.99829869       0.00337256       0.00355161       0.99847431
      0.10500000       0.99823898       0.00344758       0.00363281       0.99842073
      0.10625000       0.99817805       0.00352361       0.00371519       0.99836611
      0.10750000       0.99811590       0.00360067       0.00379877       0.99831044
      0.10875000       0.99805250       0.00367875       0.00388356       0.99825371
      0.11000000       0.99798785       0.00375788       0.00396958       0.99819591
      0.11125000       0.99792191       0.00383806       0.00405685       0.99813703
      0.11250000       0.99785469       0.00391931       0.00414537       0.99807705
      0.11375000       0.99778616       0.00400163       0.00423517       0.99801596
      0.11500000       0.99771631       0.00408504       0.00432627       0.99795376
      0.11625000       0.99764512       0.00416955       0.00441867       0.99789042
      0.11750000       0.99757256       0.00425517       0.00451241       0.99782594
      0.11875000       0.99749863       0.00434191       0.00460748       0.99776031
      0.12000000       0.99742330       0.00442979       0.00470392       0.99769351
      0.12125000       0.99734656       0.00451882       0.00480175       0.99762552
      0.12250000       0.99726839       0.00460901       0.00490097       0.99755634
      0.12375000       0.99718876       0.00470038       0.00500161       0.99748595
      0.12500000       0.99710766       0.00479294       0.00510369       0.99741434
      0.12625000       0.99702507       0.00488670       0.00520723       0.99734149
      0.12750000       0.99694096       0.00498167       0.00531225       0.99726739
      0.12875000       0.99685532       0.00507788       0.00541877       0.99719202
      0.13000000       0.99676812       0.00517533       0.00552681       0.99711538
      0.13125000       0.99667934       0.00527405       0.00563640       0.99703743
      0.13250000       0.99658896       0.00537404       0.00574755       0.99695817
      0.13375000       0.99649695       0.00547533       0.00586029       0.99687759
      0.13500000       0.99640330       0.00557792       0.00597464       0.99679566
      0.13625000       0.99630798       0.00568184       0.00609063       0.99671237
      0.13750000       0.99621095       0.00578710       0.00620827       0.99662770
      0.13875000       0.99611221       0.00589371       0.00632760       0.99654164
      0.14000000       0.99601172       0.00600171       0.00644864       0.99645416
      0.14125000       0.99590946       0.00611109       0.00657142       0.99636525
      0.14250000       0.99580539       0.00622189       0.00669595       0.99627490
      0.14375000       0.99569950       0.00633411       0.00682228       0.99618307
      0.14500000       0.99559176       0.00644778       0.00695042       0.99608976
      0.14625000       0.99548213       0.00656292       0.00708040       0.99599495
      0.14750000       0.99537060       0.00667954       0.00721225       0.99589861
      0.14875000       0.99525712       0.00679767       0.00734601       0.99580072
      0.15000000       0.99514166       0.00691733       0.00748170       0.99570127
      0.15125000       0.99502421       0.00703853       0.00761935       0.99560023
      0.15250000       0.99490473       0.00716130       0.00775899       0.99549759
      0.15375000       0.99478318       0.00728566       0.00790065       0.99539331
      0.15500000       0.99465953       0.00741162       0.00804437       0.99528739
      0.15625000       0.99453375       0.00753922       0.00819018       0.99517978
      0.15750000       0.99440580       0.00766848       0.00833812       0.99507049
      0.15875000       0.99427566       0.00779941       0.00848821       0.99495947
      0.16000000       0.99414328       0.00793205       0.00864049       0.99484671
      0.16125000       0.99400863       0.00806641       0.00879500       0.99473218
      0.16250000       0.99387167       0.00820252       0.00895178       0.99461585
      0.16375000       0.99373236       0.00834040       0.00911086       0.99449771
      0.16500000       0.99359067       0.00848009       0.00927228       0.99437772
      0.16625000       0.99344656       0.00862160       0.00943608       0.99425587
      0.16750000       0.99329998       0.00876497       0.00960230       0.99413211
      0.16875000       0.99315090       0.00891021       0.00977098       0.99400644
      0.17000000       0.99299926       0.00905736       0.00994216       0.99387881
      0.17125000       0.99284504       0.00920645       0.01011589       0.99374919
      0.17250000       0.99268819       0.00935750       0.01029220       0.99361757
      0.17375000       0.99252866       0.00951055       0.01047114       0.99348391
      0.17500000       0.99236640       0.00966562       0.01065277       0.99334819
      0.17625000       0.99220138       0.00982274       0.01083711       0.99321036
      0.17750000       0.99203354       0.00998194       0.01102423       0.99307040
      0.17875000       0.99186283       0.01014326       0.01121416       0.99292828
      0.18000000       0.99168921       0.01030673       0.01140696       0.99278396
      0.18125000       0.99151262       0.01047238       0.01160268       0.99263742
      0.18250000       0.99133301       0.01064024       0.01180137       0.99248862
      0.18375000       0.99115034       0.01081035       0.01200308       0.99233752
      0.18500000       0.99096454       0.01098274       0.01220786       0.99218408
      0.18625000       0.99077557       0.01115745       0.01241577       0.99202828
      0.18750000       0.99058336       0.01133451       0.01262687       0.99187008
      0.18875000       0.99038786       0.01151397       0.01284121       0.99170944
      0.19000000       0.99018901       0.01169585       0.01305884       0.99154632
      0.19125000       0.98998675       0.01188020       0.01327984       0.99138068
      0.19250000       0.98978102       0.01206706       0.01350426       0.99121249
      0.19375000       0.98957176       0.01225646       0.01373215       0.99104170
      0.19500000       0.98935890       0.01244845       0.01396359       0.99086828
      0.19625000       0.98914239       0.01264306       0.01419864       0.99069217
      0.19750000       0.98892214       0.01284035       0.01443737       0.99051335
      0.19875000       0.98869811       0.01304034       0.01467983       0.99033176
      0.20000000       0.98847021       0.01324310       0.01492611       0.99014736
      0.20125000       0.98823838       0.01344865       0.01517626       0.98996011
      0.20250000       0.98800255       0.01365706       0.01543037       0.98976996
      0.20375000       0.98776264       0.01386835       0.01568850       0.98957686
      0.20500000       0.98751857       0.01408259       0.01595073       0.98938077
      0.20625000       0.98727028       0.01429982       0.01621713       0.98918163
      0.20750000       0.98701769       0.01452008       0.01648779       0.98897941
      0.20875000       0.98676070       0.01474343       0.01676277       0.98877404
      0.21000000       0.98649925       0.01496993       0.01704217       0.98856548
      0.21125000       0.98623326       0.01519961       0.01732607       0.98835367
      0.21250000       0.98596262       0.01543254       0.01761454       0.98813856
      0.21375000       0.98568727       0.01566877       0.01790767       0.98792010
      0.21500000       0.98540711       0.01590836       0.01820556       0.98769822
      0.21625000       0.98512206       0.01615136       0.01850829       0.98747288
      0.21750000       0.98483201       0.01639782       0.01881595       0.98724402
      0.21875000       0.98453688       0.01664781       0.01912864       0.98701157
      0.22000000       0.98423658       0.01690139       0.01944645       0.98677548
      0.22125000       0.98393100       0.01715862       0.01976947       0.98653568
      0.22250000       0.98362005       0.01741956       0.02009781       0.98629212
      0.22375000       0.98330363       0.01768427       0.02043156       0.98604473
      0.22500000       0.98298163       0.01795281       0.02077084       0.98579344
      0.22625000       0.98265395       0.01822527       0.02111574       0.98553819
      0.22750000       0.98232048       0.01850169       0.02146636       0.98527892
      0.22875000       0.98198111       0.01878214       0.02182283       0.98501554
      0.23000000       0.98163574       0.01906671       0.02218524       0.98474801
      0.23125000       0.98128424       0.01935545       0.02255372       0.98447623
      0.23250000       0.98092651       0.01964845       0.02292838       0.98420015
      0.23375000       0.98056242       0.01994577       0.02330933       0.98391968
      0.23500000       0.98019186       0.02024748       0.02369669       0.98363476
      0.23625000       0.97981470       0.02055367       0.02409059       0.98334530
      0.23750000       0.97943082       0.02086442       0.02449115       0.98305123
      0.23875000       0.97904010       0.02117979       0.02489849       0.98275247
      0.24000000       0.97864240       0.02149988       0.02531275       0.98244893
      0.24125000       0.97823760       0.02182476       0.02573405       0.98214055
      0.24250000       0.97782555       0.02215451       0.02616253       0.98182722
      0.24375000       0.97740613       0.02248923       0.02659832       0.98150887
      0.24500000       0.97697920       0.02282900       0.02704157       0.98118541
      0.24625000       0.97654462       0.02317390       0.02749240       0.98085676
      0.24750000       0.97610224       0.02352403       0.02795097       0.98052281
      0.24875000       0.97565192       0.02387947       0.02841742       0.98018349
      0.25000000       0.97519351       0.02424033       0.02889189       0.97983869
      0.25125000       0.97472686       0.02460669       0.02937454       0.97948833
      0.25250000       0.97425182       0.02497865       0.02986551       0.97913230
      0.25375000       0.97376823       0.02535631       0.03036497       0.97877051
      0.25500000       0.97327594       0.02573976       0.03087307       0.97840287
      0.25625000       0.97277479       0.02612912       0.03138996       0.97802925
      0.25750000       0.97226462       0.02652447       0.03191581       0.97764958
      0.25875000       0.97174525       0.02692593       0.03245079       0.97726373
      0.26000000       0.97121653       0.02733361       0.03299506       0.97687161
      0.26125000       0.97067829       0.02774760       0.03354879       0.97647310
      0.26250000       0.97013035       0.02816803       0.03411215       0.97606809
      0.26375000       0.96957254       0.02859500       0.03468531       0.97565648
      0.26500000       0.96900468       0.02902862       0.03526845       0.97523815
      0.26625000       0.96842660       0.02946902       0.03586175       0.97481298
      0.26750000       0.96783812       0.02991630       0.03646539       0.97438085
      0.26875000       0.96723904       0.03037060       0.03707955       0.97394165
      0.27000000       0.96662920       0.03083202       0.03770441       0.97349526
      0.27125000       0.96600839       0.03130069       0.03834017       0.97304155
      0.27250000       0.96537644       0.03177674       0.03898701       0.97258039
      0.27375000       0.96473315       0.03226030       0.03964512       0.97211166
      0.27500000       0.96407832       0.03275148       0.04031469       0.97163524
      0.27625000       0.96341177       0.03325043       0.04099593       0.97115098
      0.27750000       0.96273329       0.03375727       0.04168902       0.97065877
      0.27875000       0.96204269       0.03427214       0.04239416       0.97015845
      0.28000000       0.96133977       0.03479518       0.04311156       0.96964990
      0.28125000       0.96062432       0.03532653       0.04384141       0.96913298
      0.28250000       0.95989615       0.03586631       0.04458393       0.96860754
      0.28375000       0.95915504       0.03641469       0.04533931       0.96807345
      0.28500000       0.95840079       0.03697179       0.04610775       0.96753056
      0.28625000       0.95763319       0.03753777       0.04688948       0.96697873
      0.28750000       0.95685204       0.03811278       0.04768469       0.96641779
      0.28875000       0.95605713       0.03869697       0.04849359       0.96584762
      0.29000000       0.95524824       0.03929048       0.04931640       0.96526804
      0.29125000       0.95442516       0.03989347       0.05015332       0.96467891
      0.29250000       0.95358769       0.04050611       0.05100457       0.96408008
      0.29375000       0.95273560       0.04112853       0.05187036       0.96347138
      0.29500000       0.95186869       0.04176092       0.05275090       0.96285265
      0.29625000       0.95098674       0.04240342       0.05364641       0.96222373
      0.29750000       0.95008955       0.04305621       0.05455710       0.96158446
      0.29875000       0.94917688       0.04371944       0.05548318       0.96093467
      0.30000000       0.94824854       0.04439329       0.05642487       0.96027419
      0.30125000       0.94730431       0.04507793       0.05738237       0.95960285
      0.30250000       0.94634397       0.04577352       0.05835591       0.95892049
      0.30375000       0.94536731       0.04648024       0.05934569       0.95822692
      0.30500000       0.94437413       0.04719827       0.06035193       0.95752197
      0.30625000       0.94336420       0.04792778       0.06137484       0.95680547
      0.30750000       0.94233732       0.04866896       0.06241463       0.95607723
      0.30875000       0.94129328       0.04942198       0.06347150       0.95533707
      0.31000000       0.94023187       0.05018703       0.06454567       0.95458481
      0.31125000       0.93915288       0.05096430       0.06563735       0.95382027
      0.31250000       0.93805611       0.05175396       0.06674673       0.95304325
      0.31375000       0.93694135       0.05255621       0.06787403       0.95225357
      0.31500000       0.93580840       0.05337124       0.06901944       0.95145104
      0.31625000       0.93465705       0.05419924       0.07018318       0.95063546
      0.31750000       0.93348712       0.05504041       0.07136543       0.94980664
      0.31875000       0.93229839       0.05589494       0.07256639       0.94896439
      0.32000000       0.93109067       0.05676303       0.07378627       0.94810850
      0.32125000       0.92986378       0.05764488       0.07502525       0.94723877
      0.32250000       0.92861751       0.05854069       0.07628353       0.94635501
      0.32375000       0.92735169       0.05945066       0.07756129       0.94545701
      0.32500000       0.92606611       0.06037501       0.07885873       0.94454456
      0.32625000       0.92476060       0.06131394       0.08017602       0.94361746
      0.32750000       0.92343497       0.06226765       0.08151336       0.94267549
      0.32875000       0.92208904       0.06323637       0.08287092       0.94171845
      0.33000000       0.92072263       0.06422029       0.08424888       0.94074612
      0.33125000       0.91933557       0.06521964       0.08564742       0.93975829
      0.33250000       0.91792768       0.06623464       0.08706670       0.93875473
      0.33375000       0.91649879       0.06726550       0.08850692       0.93773524
      0.33500000       0.91504873       0.06831244       0.08996822       0.93669959
      0.33625000       0.91357733       0.06937569       0.09145079       0.93564755
      0.33750000       0.91208443       0.07045547       0.09295478       0.93457891
      0.33875000       0.91056986       0.07155200       0.09448036       0.93349343
      0.34000000       0.90903346       0.07266553       0.09602770       0.93239088
      0.34125000       0.90747506       0.07379627       0.09759695       0.93127104
      0.34250000       0.90589452       0.07494447       0.09918827       0.93013366
      0.34375000       0.90429167       0.07611036       0.10080182       0.92897852
      0.34500000       0.90266635       0.07729417       0.10243775       0.92780538
      0.34625000       0.90101841       0.07849615       0.10409623       0.92661398
      0.34750000       0.89934770       0.07971655       0.10577740       0.92540410
      0.34875000       0.89765406       0.08095560       0.10748143       0.92417549
      0.35000000       0.89593734       0.08221355       0.10920845       0.92292788
      0.35125000       0.89419738       0.08349066       0.11095864       0.92166105
      0.35250000       0.89243403       0.08478718       0.11273213       0.92037473
      0.35375000       0.89064715       0.08610336       0.11452908       0.91906866
      0.35500000       0.88883656       0.08743947       0.11634965       0.91774258
      0.35625000       0.88700213       0.08879576       0.11819399       0.91639624
      0.35750000       0.88514369       0.09017251       0.12006225       0.91502937
      0.35875000       0.88326109       0.09156998       0.12195460       0.91364170
      0.36000000       0.88135416       0.09298845       0.12387118       0.91223295
      0.36125000       0.87942276       0.09442818       0.12581217       0.91080285
      0.36250000       0.87746671       0.09588946       0.12777772       0.90935112
      0.36375000       0.87548586       0.09737257       0.12976800       0.90787749
      0.36500000       0.87348003       0.09887779       0.13178317       0.90638165
      0.36625000       0.87144906       0.10040543       0.13382340       0.90486333
      0.36750000       0.86939276       0.10195576       0.13588887       0.90332223
      0.36875000       0.86731098       0.10352909       0.13797975       0.90175805
      0.37000000       0.86520352       0.10512572       0.14009623       0.90017048
      0.37125000       0.86307020       0.10674596       0.14223848       0.89855923
      0.37250000       0.86091083       0.10839011       0.14440670       0.89692398
      0.37375000       0.85872522       0.11005850       0.14660108       0.89526442
      0.37500000       0.85651317       0.11175144       0.14882182       0.89358022
      0.37625000       0.85427448       0.11346925       0.15106911       0.89187106
      0.37750000       0.85200894       0.11521227       0.15334318       0.89013662
      0.37875000       0.84971634       0.11698083       0.15564422       0.88837655
      0.38000000       0.84739645       0.11877527       0.15797247       0.88659052
      0.38125000       0.84504905       0.12059594       0.16032814       0.88477818
      0.38250000       0.84267392       0.12244317       0.16271147       0.88293919
      0.38375000       0.84027080       0.12431734       0.16512270       0.88107319
      0.38500000       0.83783946       0.12621879       0.16756207       0.87917982
      0.38625000       0.83537965       0.12814789       0.17002982       0.87725871
      0.38750000       0.83289111       0.13010502       0.17252623       0.87530949
      0.38875000       0.83037357       0.13209054       0.17505154       0.87333180
      0.39000000       0.82782677       0.13410485       0.17760603       0.87132523
      0.39125000       0.82525042       0.13614833       0.18018999       0.86928942
      0.39250000       0.82264425       0.13822136       0.18280369       0.86722396
      0.39375000       0.82000796       0.14032436       0.18544742       0.86512845
      0.39500000       0.81734126       0.14245772       0.18812148       0.86300250
      0.39625000       0.81464383       0.14462186       0.19082618       0.86084569
      0.39750000       0.81191538       0.14681718       0.19356183       0.85865761
      0.39875000       0.80915557       0.14904411       0.19632874       0.85643784
      0.40000000       0.80636408       0.15130307       0.19912725       0.85418595
      0.40125000       0.80354060       0.15359450       0.20195768       0.85190150
      0.40250000       0.80068476       0.15591882       0.20482036       0.84958408
      0.40375000       0.79779625       0.15827649       0.20771564       0.84723323
      0.40500000       0.79487470       0.16066794       0.21064387       0.84484851
      0.40625000       0.79191977       0.16309363       0.21360541       0.84242947
      0.40750000       0.78893109       0.16555400       0.21660060       0.83997566
      0.40875000       0.78590830       0.16804952       0.21962981       0.83748661
      0.41000000       0.78285105       0.17058065       0.22269341       0.83496188
      0.41125000       0.77975895       0.17314785       0.22579176       0.83240098
      0.41250000       0.77663164       0.17575159       0.22892525       0.82980346
      0.41375000       0.77346874       0.17839233       0.23209423       0.82716885
      0.41500000       0.77026988       0.18107056       0.23529910       0.82449667
      0.41625000       0.76703467       0.18378674       0.23854022       0.82178645
      0.41750000       0.76376275       0.18654136       0.24181797       0.81903771
      0.41875000       0.76045373       0.18933487       0.24513274       0.81624999
      0.42000000       0.75710723       0.19216777       0.24848489       0.81342279
      0.42125000       0.75372290       0.19504051       0.25187479       0.81055567
      0.42250000       0.75030035       0.19795358       0.25530283       0.80764813
      0.42375000       0.74683922       0.20090745       0.25876935       0.80469971
      0.42500000       0.74333916       0.20390257       0.26227473       0.80170994
      0.42625000       0.73979981       0.20693942       0.26581931       0.79867836
      0.42750000       0.73622082       0.21001844       0.26940343       0.79560452
      0.42875000       0.73260187       0.21314009       0.27302744       0.79248797
      0.43000000       0.72894262       0.21630482       0.27669166       0.78932825
      0.43125000       0.72524276       0.21951305       0.28039639       0.78612494
      0.43250000       0.72150200       0.22276522       0.28414195       0.78287761
      0.43375000       0.71772005       0.22606173       0.28792860       0.77958585
      0.43500000       0.71389664       0.22940300       0.29175663       0.77624925
      0.43625000       0.71003153       0.23278940       0.29562627       0.77286742
      0.43750000       0.70612449       0.23622131       0.29953776       0.76944000
      0.43875000       0.70217530       0.23969909       0.30349131       0.76596662
      0.44000000       0.69818380       0.24322307       0.30748708       0.76244695
      0.44125000       0.69414981       0.24679358       0.31152525       0.75888067
      0.44250000       0.69007322       0.25041091       0.31560595       0.75526748
      0.44375000       0.68595391       0.25407533       0.31972926       0.75160710
      0.44500000       0.68179183       0.25778709       0.32389526       0.74789930
      0.44625000       0.67758695       0.26154641       0.32810398       0.74414385
      0.44750000       0.67333925       0.26535349       0.33235542       0.74034056
      0.44875000       0.66904879       0.26920848       0.33664953       0.73648927
      0.45000000       0.66471565       0.27311151       0.34098625       0.73258985
      0.45125000       0.66033994       0.27706267       0.34536544       0.72864221
      0.45250000       0.65592183       0.28106202       0.34978695       0.72464630
      0.45375000       0.65146154       0.28510957       0.35425054       0.72060210
      0.45500000       0.64695933       0.28920529       0.35875597       0.71650964
      0.45625000       0.64241552       0.29334911       0.36330292       0.71236898
      0.45750000       0.63783046       0.29754092       0.36789102       0.70818026
      0.45875000       0.63320458       0.30178055       0.37251986       0.70394362
      0.46000000       0.62853835       0.30606779       0.37718895       0.69965928
      0.46125000       0.62383231       0.31040238       0.38189777       0.69532752
      0.46250000       0.61908705       0.31478398       0.38664572       0.69094864
      0.46375000       0.61430323       0.31921222       0.39143215       0.68652304
      0.46500000       0.60948155       0.32368668       0.39625633       0.68205113
      0.46625000       0.60462281       0.32820686       0.40111750       0.67753342
      0.46750000       0.59972784       0.33277220       0.40601481       0.67297045
      0.46875000       0.59479756       0.33738208       0.41094734       0.66836285
      0.47000000       0.58983293       0.34203584       0.41591413       0.66371129
      0.47125000       0.58483499       0.34673272       0.42091414       0.65901652
      0.47250000       0.57980486       0.35147191       0.42594625       0.65427935
      0.47375000       0.57474370       0.35625253       0.43100931       0.64950065
      0.47500000       0.56965274       0.36107366       0.43610207       0.64468137
      0.47625000       0.56453329       0.36593426       0.44122324       0.63982252
      0.47750000       0.55938671       0.37083327       0.44637145       0.63492517
      0.47875000       0.55421441       0.37576955       0.45154529       0.62999047
      0.48000000       0.54901790       0.38074187       0.45674326       0.62501963
      0.48125000       0.54379870       0.38574898       0.46196382       0.62001392
      0.48250000       0.53855841       0.39078952       0.46720538       0.61497469
      0.48375000       0.53329870       0.39586209       0.47246628       0.60990333
      0.48500000       0.52802125       0.40096523       0.47774483       0.60480132
      0.48625000       0.52272781       0.40609742       0.48303927       0.59967017
      0.48750000       0.51742018       0.41125707       0.48834782       0.59451147
      0.48875000       0.51210020       0.41644255       0.49366864       0.58932685
      0.49000000       0.50676972       0.42165218       0.49899986       0.58411800
      0.49125000       0.50143065       0.42688420       0.50433958       0.57888666
      0.49250000       0.49608492       0.43213686       0.50968587       0.57363460
      0.49375000       0.49073448       0.43740832       0.51503679       0.56836365
      0.49500000       0.48538131       0.44269672       0.52039035       0.56307566
      0.49625000       0.48002738       0.44800017       0.52574457       0.55777254
      0.49750000       0.47467470       0.45331674       0.53109746       0.55245620
      0.49875000       0.46932526       0.45864450       0.53644703       0.54712859
      0.50000000       0.46398105       0.46398148       0.54179126       0.54179168
      0.50125000       0.45864408       0.46932568       0.54712818       0.53644744
      0.50250000       0.45331632       0.47467513       0.55245579       0.53109788
      0.50375000       0.44799975       0.48002781       0.55777213       0.52574498
      0.50500000       0.44269630       0.48538174       0.56307526       0.52039076
      0.50625000       0.43740790       0.49073491       0.56836324       0.51503720
      0.50750000       0.43213644       0.49608535       0.57363420       0.50968629
      0.50875000       0.42688379       0.50143108       0.57888626       0.50433999
      0.51000000       0.42165177       0.50677015       0.58411760       0.49900027
      0.51125000       0.41644215       0.51210062       0.58932645       0.49366905
      0.51250000       0.41125667       0.51742061       0.59451108       0.48834823
      0.51375000       0.40609702       0.52272824       0.59966978       0.48303968
      0.51500000       0.40096483       0.52802167       0.60480093       0.47774524
      0.51625000       0.39586169       0.53329912       0.60990294       0.47246669
      0.51750000       0.39078912       0.53855884       0.61497430       0.46720578
      0.51875000       0.38574859       0.54379912       0.62001354       0.46196422
      0.52000000       0.38074149       0.54901832       0.62501925       0.45674366
      0.52125000       0.37576916       0.55421484       0.62999009       0.45154569
      0.52250000       0.37083289       0.55938713       0.63492480       0.44637185
      0.52375000       0.36593388       0.56453371       0.63982215       0.44122364
      0.52500000       0.36107328       0.56965316       0.64468100       0.43610247
      0.52625000       0.35625217       0.57474411       0.64950029       0.43100970
      0.52750000       0.35147154       0.57980527       0.65427899       0.42594664
      0.52875000       0.34673235       0.58483540       0.65901616       0.42091452
      0.53000000       0.34203548       0.58983333       0.66371094       0.41591452
      0.53125000       0.33738173       0.59479796       0.66836250       0.41094772
      0.53250000       0.33277185       0.59972825       0.67297010       0.40601519
      0.53375000       0.32820651       0.60462321       0.67753307       0.40111788
      0.53500000       0.32368634       0.60948195       0.68205079       0.39625671
      0.53625000       0.31921189       0.61430362       0.68652270       0.39143252
      0.53750000       0.31478364       0.61908744       0.69094831       0.38664609
      0.53875000       0.31040205       0.62383270       0.69532719       0.38189814
      0.54000000       0.30606747       0.62853874       0.69965896       0.37718931
      0.54125000       0.30178023       0.63320496       0.70394330       0.37252022
      0.54250000       0.29754061       0.63783084       0.70817994       0.36789138
      0.54375000       0.29334880       0.64241589       0.71236867       0.36330327
      0.54500000       0.28920498       0.64695971       0.71650933       0.35875632
      0.54625000       0.28510926       0.65146191       0.72060180       0.35425089
      0.54750000       0.28106172       0.65592220       0.72464600       0.34978729
      0.54875000       0.27706238       0.66034030       0.72864192       0.34536578
      0.55000000       0.27311122       0.66471601       0.73258956       0.34098659
      0.55125000       0.26920819       0.66904915       0.73648898       0.33664987
      0.55250000       0.26535321       0.67333961       0.74034028       0.33235574
      0.55375000       0.26154614       0.67758730       0.74414357       0.32810430
      0.55500000       0.25778682       0.68179219       0.74789903       0.32389558
      0.55625000       0.25407506       0.68595426       0.75160683       0.31972957
      0.55750000       0.25041064       0.69007356       0.75526721       0.31560626
      0.55875000       0.24679332       0.69415015       0.75888040       0.31152557
      0.56000000       0.24322281       0.69818413       0.76244669       0.30748739
      0.56125000       0.23969883       0.70217564       0.76596636       0.30349161
      0.56250000       0.23622106       0.70612482       0.76943974       0.29953806
      0.56375000       0.23278915       0.71003186       0.77286717       0.29562657
      0.56500000       0.22940276       0.71389697       0.77624900       0.29175692
      0.56625000       0.22606150       0.71772037       0.77958560       0.28792889
      0.56750000       0.22276499       0.72150232       0.78287737       0.28414223
      0.56875000       0.21951282       0.72524308       0.78612471       0.28039668
      0.57000000       0.21630459       0.72894293       0.78932802       0.27669194
      0.57125000       0.21313987       0.73260218       0.79248774       0.27302772
      0.57250000       0.21001822       0.73622113       0.79560430       0.26940371
      0.57375000       0.20693920       0.73980011       0.79867814       0.26581958
      0.57500000       0.20390236       0.74333946       0.80170972       0.26227499
      0.57625000       0.20090724       0.74683952       0.80469949       0.25876962
      0.57750000       0.19795338       0.75030065       0.80764791       0.25530309
      0.57875000       0.19504031       0.75372319       0.81055546       0.25187505
      0.58000000       0.19216757       0.75710752       0.81342259       0.24848514
      0.58125000       0.18933468       0.76045401       0.81624978       0.24513299
      0.58250000       0.18654117       0.76376303       0.81903751       0.24181822
      0.58375000       0.18378656       0.76703495       0.82178625       0.23854046
      0.58500000       0.18107038       0.77027016       0.82449648       0.23529934
      0.58625000       0.17839215       0.77346902       0.82716866       0.23209447
      0.58750000       0.17575141       0.77663191       0.82980328       0.22892548
      0.58875000       0.17314767       0.77975922       0.83240080       0.22579200
      0.59000000       0.17058048       0.78285132       0.83496169       0.22269364
      0.59125000       0.16804935       0.78590857       0.83748643       0.21963004
      0.59250000       0.16555384       0.78893135       0.83997548       0.21660082
      0.59375000       0.16309347       0.79192003       0.84242930       0.21360563
      0.59500000       0.16066778       0.79487496       0.84484834       0.21064409
      0.59625000       0.15827633       0.79779650       0.84723306       0.20771586
      0.59750000       0.15591867       0.80068502       0.84958391       0.20482057
      0.59875000       0.15359435       0.80354085       0.85190134       0.20195789
      0.60000000       0.15130292       0.80636433       0.85418578       0.19912746
      0.60125000       0.14904396       0.80915581       0.85643768       0.19632895
      0.60250000       0.14681703       0.81191562       0.85865746       0.19356203
      0.60375000       0.14462172       0.81464407       0.86084554       0.19082638
      0.60500000       0.14245758       0.81734150       0.86300235       0.18812168
      0.60625000       0.14032423       0.82000820       0.86512831       0.18544761
      0.60750000       0.13822123       0.82264449       0.86722381       0.18280388
      0.60875000       0.13614820       0.82525065       0.86928928       0.18019018
      0.61000000       0.13410472       0.82782700       0.87132509       0.17760622
      0.61125000       0.13209042       0.83037379       0.87333166       0.17505172
      0.61250000       0.13010489       0.83289133       0.87530936       0.17252641
      0.61375000       0.12814777       0.83537987       0.87725857       0.17003000
      0.61500000       0.12621867       0.83783968       0.87917968       0.16756224
      0.61625000       0.12431722       0.84027102       0.88107306       0.16512288
      0.61750000       0.12244306       0.84267413       0.88293906       0.16271165
      0.61875000       0.12059583       0.84504927       0.88477806       0.16032831
      0.62000000       0.11877516       0.84739666       0.88659039       0.15797264
      0.62125000       0.11698073       0.84971655       0.88837643       0.15564439
      0.62250000       0.11521217       0.85200915       0.89013650       0.15334334
      0.62375000       0.11346915       0.85427469       0.89187094       0.15106927
      0.62500000       0.11175134       0.85651338       0.89358010       0.14882198
      0.62625000       0.11005840       0.85872542       0.89526430       0.14660124
      0.62750000       0.10839001       0.86091103       0.89692387       0.14440686
      0.62875000       0.10674586       0.86307039       0.89855912       0.14223864
      0.63000000       0.10512563       0.86520371       0.90017037       0.14009638
      0.63125000       0.10352900       0.86731117       0.90175794       0.13797990
      0.63250000       0.10195567       0.86939295       0.90332212       0.13588902
      0.63375000       0.10040534       0.87144924       0.90486323       0.13382355
      0.63500000       0.09887771       0.87348021       0.90638155       0.13178331
      0.63625000       0.09737248       0.87548604       0.90787739       0.12976814
      0.63750000       0.09588938       0.87746689       0.90935102       0.12777786
      0.63875000       0.09442810       0.87942294       0.91080275       0.12581231
      0.64000000       0.09298837       0.88135434       0.91223285       0.12387132
      0.64125000       0.09156991       0.88326126       0.91364160       0.12195473
      0.64250000       0.09017244       0.88514386       0.91502928       0.12006238
      0.64375000       0.08879569       0.88700230       0.91639615       0.11819412
      0.64500000       0.08743940       0.88883673       0.91774250       0.11634977
      0.64625000       0.08610329       0.89064731       0.91906857       0.11452920
      0.64750000       0.08478711       0.89243420       0.92037464       0.11273225
      0.64875000       0.08349059       0.89419754       0.92166097       0.11095876
      0.65000000       0.08221348       0.89593750       0.92292780       0.10920857
      0.65125000       0.08095553       0.89765422       0.92417540       0.10748155
      0.65250000       0.07971648       0.89934786       0.92540402       0.10577752
      0.65375000       0.07849609       0.90101857       0.92661391       0.10409634
      0.65500000       0.07729411       0.90266650       0.92780530       0.10243787
      0.65625000       0.07611030       0.90429182       0.92897845       0.10080193
      0.65750000       0.07494442       0.90589467       0.93013359       0.09918837
      0.65875000       0.07379622       0.90747521       0.93127097       0.09759705
      0.66000000       0.07266548       0.90903360       0.93239081       0.09602780
      0.66125000       0.07155195       0.91057000       0.93349336       0.09448046
      0.66250000       0.07045541       0.91208457       0.93457884       0.09295488
      0.66375000       0.06937564       0.91357747       0.93564749       0.09145089
      0.66500000       0.06831239       0.91504887       0.93669952       0.08996832
      0.66625000       0.06726545       0.91649892       0.93773518       0.08850701
      0.66750000       0.06623459       0.91792781       0.93875467       0.08706680
      0.66875000       0.06521960       0.91933570       0.93975823       0.08564751
      0.67000000       0.06422025       0.92072276       0.94074606       0.08424897
      0.67125000       0.06323632       0.92208916       0.94171839       0.08287101
      0.67250000       0.06226761       0.92343509       0.94267543       0.08151345
      0.67375000       0.06131390       0.92476072       0.94361740       0.08017611
      0.67500000       0.06037497       0.92606623       0.94454450       0.07885881
      0.67625000       0.05945063       0.92735180       0.94545695       0.07756137
      0.67750000       0.05854065       0.92861763       0.94635496       0.07628361
      0.67875000       0.05764484       0.92986390       0.94723872       0.07502533
      0.68000000       0.05676299       0.93109079       0.94810845       0.07378635
      0.68125000       0.05589490       0.93229850       0.94896434       0.07256647
      0.68250000       0.05504037       0.93348723       0.94980659       0.07136550
      0.68375000       0.05419921       0.93465716       0.95063541       0.07018325
      0.68500000       0.05337121       0.93580850       0.95145099       0.06901952
      0.68625000       0.05255618       0.93694145       0.95225353       0.06787410
      0.68750000       0.05175393       0.93805621       0.95304321       0.06674680
      0.68875000       0.05096427       0.93915298       0.95382022       0.06563742
      0.69000000       0.05018700       0.94023197       0.95458477       0.06454574
      0.69125000       0.04942196       0.94129338       0.95533703       0.06347157
      0.69250000       0.04866893       0.94233742       0.95607719       0.06241469
      0.69375000       0.04792776       0.94336429       0.95680543       0.06137490
      0.69500000       0.04719825       0.94437422       0.95752193       0.06035199
      0.69625000       0.04648022       0.94536740       0.95822688       0.05934575
      0.69750000       0.04577349       0.94634406       0.95892045       0.05835597
      0.69875000       0.04507790       0.94730440       0.95960282       0.05738243
      0.70000000       0.04439327       0.94824863       0.96027415       0.05642492
      0.70125000       0.04371942       0.94917697       0.96093463       0.05548323
      0.70250000       0.04305619       0.95008963       0.96158442       0.05455715
      0.70375000       0.04240340       0.95098682       0.96222370       0.05364646
      0.70500000       0.04176090       0.95186877       0.96285261       0.05275095
      0.70625000       0.04112852       0.95273568       0.96347134       0.05187041
      0.70750000       0.04050609       0.95358776       0.96408005       0.05100462
      0.70875000       0.03989346       0.95442524       0.96467888       0.05015337
      0.71000000       0.03929046       0.95524831       0.96526801       0.04931644
      0.71125000       0.03869695       0.95605720       0.96584759       0.04849363
      0.71250000       0.03811277       0.95685211       0.96641777       0.04768473
      0.71375000       0.03753776       0.95763326       0.96697870       0.04688952
      0.71500000       0.03697178       0.95840086       0.96753054       0.04610779
      0.71625000       0.03641467       0.95915510       0.96807343       0.04533935
      0.71750000       0.03586630       0.95989621       0.96860752       0.04458397
      0.71875000       0.03532651       0.96062439       0.96913295       0.04384145
      0.72000000       0.03479517       0.96133983       0.96964988       0.04311160
      0.72125000       0.03427213       0.96204276       0.97015843       0.04239420
      0.72250000       0.03375726       0.96273335       0.97065874       0.04168905
      0.72375000       0.03325042       0.96341183       0.97115096       0.04099596
      0.72500000       0.03275147       0.96407838       0.97163522       0.04031473
      0.72625000       0.03226028       0.96473321       0.97211164       0.03964515
      0.72750000       0.03177673       0.96537650       0.97258037       0.03898704
      0.72875000       0.03130068       0.96600845       0.97304153       0.03834020
      0.73000000       0.03083201       0.96662925       0.97349524       0.03770444
      0.73125000       0.03037059       0.96723909       0.97394163       0.03707958
      0.73250000       0.02991630       0.96783817       0.97438083       0.03646542
      0.73375000       0.02946901       0.96842665       0.97481296       0.03586178
      0.73500000       0.02902862       0.96900473       0.97523813       0.03526848
      0.73625000       0.02859499       0.96957258       0.97565646       0.03468534
      0.73750000       0.02816802       0.97013039       0.97606808       0.03411217
      0.73875000       0.02774760       0.97067833       0.97647308       0.03354881
      0.74000000       0.02733360       0.97121658       0.97687159       0.03299509
      0.74125000       0.02692593       0.97174529       0.97726372       0.03245082
      0.74250000       0.02652447       0.97226466       0.97764956       0.03191584
      0.74375000       0.02612911       0.97277483       0.97802924       0.03138998
      0.74500000       0.02573976       0.97327598       0.97840285       0.03087309
      0.74625000       0.02535630       0.97376827       0.97877050       0.03036499
      0.74750000       0.02497864       0.97425186       0.97913229       0.02986553
      0.74875000       0.02460668       0.97472689       0.97948832       0.02937456
      0.75000000       0.02424032       0.97519354       0.97983868       0.02889191
      0.75125000       0.02387947       0.97565195       0.98018348       0.02841744
      0.75250000       0.02352402       0.97610227       0.98052280       0.02795099
      0.75375000       0.02317390       0.97654465       0.98085674       0.02749242
      0.75500000       0.02282899       0.97697924       0.98118540       0.02704158
      0.75625000       0.02248923       0.97740617       0.98150886       0.02659834
      0.75750000       0.02215451       0.97782559       0.98182721       0.02616255
      0.75875000       0.02182475       0.97823763       0.98214054       0.02573407
      0.76000000       0.02149987       0.97864243       0.98244892       0.02531276
      0.76125000       0.02117979       0.97904013       0.98275246       0.02489850
      0.76250000       0.02086441       0.97943085       0.98305122       0.02449116
      0.76375000       0.02055367       0.97981473       0.98334529       0.02409060
      0.76500000       0.02024748       0.98019189       0.98363475       0.02369670
      0.76625000       0.01994577       0.98056245       0.98391967       0.02330934
      0.76750000       0.01964845       0.98092653       0.98420014       0.02292839
      0.76875000       0.01935545       0.98128427       0.98447622       0.02255373
      0.77000000       0.01906671       0.98163576       0.98474800       0.02218526
      0.77125000       0.01878214       0.98198114       0.98501554       0.02182284
      0.77250000       0.01850168       0.98232050       0.98527891       0.02146638
      0.77375000       0.01822526       0.98265397       0.98553819       0.02111575
      0.77500000       0.01795281       0.98298165       0.98579343       0.02077085
      0.77625000       0.01768427       0.98330365       0.98604472       0.02043158
      0.77750000       0.01741956       0.98362008       0.98629211       0.02009782
      0.77875000       0.01715862       0.98393103       0.98653568       0.01976948
      0.78000000       0.01690139       0.98423660       0.98677547       0.01944646
      0.78125000       0.01664781       0.98453691       0.98701156       0.01912865
      0.78250000       0.01639782       0.98483203       0.98724401       0.01881596
      0.78375000       0.01615136       0.98512208       0.98747288       0.01850830
      0.78500000       0.01590836       0.98540713       0.98769822       0.01820557
      0.78625000       0.01566877       0.98568729       0.98792009       0.01790768
      0.78750000       0.01543254       0.98596264       0.98813855       0.01761455
      0.78875000       0.01519961       0.98623327       0.98835366       0.01732607
      0.79000000       0.01496993       0.98649927       0.98856547       0.01704218
      0.79125000       0.01474343       0.98676072       0.98877404       0.01676278
      0.79250000       0.01452008       0.98701770       0.98897940       0.01648779
      0.79375000       0.01429982       0.98727030       0.98918163       0.01621714
      0.79500000       0.01408259       0.98751859       0.98938076       0.01595073
      0.79625000       0.01386835       0.98776265       0.98957686       0.01568851
      0.79750000       0.01365706       0.98800256       0.98976995       0.01543037
      0.79875000       0.01344865       0.98823840       0.98996010       0.01517627
      0.80000000       0.01324310       0.98847023       0.99014736       0.01492611
      0.80125000       0.01304034       0.98869812       0.99033175       0.01467984
      0.80250000       0.01284035       0.98892216       0.99051334       0.01443737
      0.80375000       0.01264306       0.98914240       0.99069217       0.01419865
      0.80500000       0.01244845       0.98935892       0.99086827       0.01396360
      0.80625000       0.01225646       0.98957177       0.99104170       0.01373216
      0.80750000       0.01206706       0.98978103       0.99121249       0.01350426
      0.80875000       0.01188020       0.98998676       0.99138068       0.01327985
      0.81000000       0.01169585       0.99018902       0.99154632       0.01305885
      0.81125000       0.01151397       0.99038787       0.99170944       0.01284121
      0.81250000       0.01133451       0.99058337       0.99187008       0.01262687
      0.81375000       0.01115745       0.99077558       0.99202828       0.01241578
      0.81500000       0.01098274       0.99096455       0.99218408       0.01220786
      0.81625000       0.01081035       0.99115035       0.99233751       0.01200308
      0.81750000       0.01064024       0.99133302       0.99248862       0.01180137
      0.81875000       0.01047238       0.99151263       0.99263742       0.01160269
      0.82000000       0.01030673       0.99168922       0.99278396       0.01140697
      0.82125000       0.01014326       0.99186284       0.99292828       0.01121416
      0.82250000       0.00998194       0.99203355       0.99307040       0.01102423
      0.82375000       0.00982274       0.99220139       0.99321036       0.01083712
      0.82500000       0.00966562       0.99236641       0.99334819       0.01065277
      0.82625000       0.00951055       0.99252867       0.99348391       0.01047115
      0.82750000       0.00935750       0.99268820       0.99361757       0.01029220
      0.82875000       0.00920645       0.99284505       0.99374919       0.01011589
      0.83000000       0.00905737       0.99299927       0.99387880       0.00994216
      0.83125000       0.00891021       0.99315090       0.99400644       0.00977098
      0.83250000       0.00876497       0.99329999       0.99413211       0.00960230
      0.83375000       0.00862160       0.99344657       0.99425587       0.00943608
      0.83500000       0.00848009       0.99359068       0.99437772       0.00927228
      0.83625000       0.00834040       0.99373237       0.99449771       0.00911086
      0.83750000       0.00820252       0.99387168       0.99461585       0.00895178
      0.83875000       0.00806641       0.99400863       0.99473218       0.00879500
      0.84000000       0.00793205       0.99414329       0.99484671       0.00864049
      0.84125000       0.00779941       0.99427567       0.99495947       0.00848821
      0.84250000       0.00766848       0.99440581       0.99507049       0.00833812
      0.84375000       0.00753922       0.99453375       0.99517978       0.00819019
      0.84500000       0.00741162       0.99465953       0.99528739       0.00804437
      0.84625000       0.00728566       0.99478318       0.99539331       0.00790065
      0.84750000       0.00716130       0.99490473       0.99549759       0.00775899
      0.84875000       0.00703853       0.99502422       0.99560023       0.00761935
      0.85000000       0.00691733       0.99514167       0.99570127       0.00748170
      0.85125000       0.00679767       0.99525712       0.99580072       0.00734601
      0.85250000       0.00667955       0.99537060       0.99589861       0.00721226
      0.85375000       0.00656292       0.99548214       0.99599495       0.00708040
      0.85500000       0.00644778       0.99559176       0.99608976       0.00695042
      0.85625000       0.00633411       0.99569951       0.99618307       0.00682228
      0.85750000       0.00622189       0.99580540       0.99627490       0.00669595
      0.85875000       0.00611109       0.99590946       0.99636525       0.00657142
      0.86000000       0.00600171       0.99601172       0.99645416       0.00644864
      0.86125000       0.00589372       0.99611221       0.99654164       0.00632760
      0.86250000       0.00578710       0.99621096       0.99662770       0.00620827
      0.86375000       0.00568184       0.99630798       0.99671237       0.00609063
      0.86500000       0.00557792       0.99640330       0.99679566       0.00597464
      0.86625000       0.00547533       0.99649696       0.99687759       0.00586029
      0.86750000       0.00537404       0.99658896       0.99695817       0.00574755
      0.86875000       0.00527405       0.99667934       0.99703743       0.00563640
      0.87000000       0.00517534       0.99676812       0.99711538       0.00552681
      0.87125000       0.00507788       0.99685532       0.99719202       0.00541877
      0.87250000       0.00498167       0.99694096       0.99726739       0.00531225
      0.87375000       0.00488670       0.99702507       0.99734149       0.00520723
      0.87500000       0.00479294       0.99710766       0.99741434       0.00510369
      0.87625000       0.00470038       0.99718876       0.99748595       0.00500161
      0.87750000       0.00460901       0.99726839       0.99755634       0.00490097
      0.87875000       0.00451882       0.99734657       0.99762552       0.00480175
      0.88000000       0.00442979       0.99742331       0.99769351       0.00470393
      0.88125000       0.00434191       0.99749863       0.99776031       0.00460749
      0.88250000       0.00425517       0.99757256       0.99782594       0.00451241
      0.88375000       0.00416955       0.99764512       0.99789042       0.00441868
      0.88500000       0.00408504       0.99771631       0.99795376       0.00432627
      0.88625000       0.00400163       0.99778617       0.99801596       0.00423517
      0.88750000       0.00391931       0.99785469       0.99807705       0.00414537
      0.88875000       0.00383806       0.99792192       0.99813703       0.00405685
      0.89000000       0.00375788       0.99798785       0.99819591       0.00396958
      0.89125000       0.00367875       0.99805250       0.99825371       0.00388356
      0.89250000       0.00360067       0.99811590       0.99831044       0.00379877
      0.89375000       0.00352361       0.99817806       0.99836611       0.00371519
      0.89500000       0.00344758       0.99823898       0.99842073       0.00363281
      0.89625000       0.00337256       0.99829870       0.99847431       0.00355161
      0.89750000       0.00329854       0.99835721       0.99852686       0.00347158
      0.89875000       0.00322550       0.99841454       0.99857839       0.00339271
      0.90000000       0.00315346       0.99847071       0.99862891       0.00331498
      0.90125000       0.00308238       0.99852571       0.99867843       0.00323838
      0.90250000       0.00301226       0.99857958       0.99872696       0.00316290
      0.90375000       0.00294310       0.99863231       0.99877451       0.00308851
      0.90500000       0.00287488       0.99868393       0.99882109       0.00301522
      0.90625000       0.00280760       0.99873444       0.99886671       0.00294301
      0.90750000       0.00274125       0.99878386       0.99891138       0.00287186
      0.90875000       0.00267581       0.99883221       0.99895510       0.00280176
      0.91000000       0.00261129       0.99887948       0.99899789       0.00273271
      0.91125000       0.00254766       0.99892570       0.99903974       0.00266468
      0.91250000       0.00248494       0.99897088       0.99908068       0.00259768
      0.91375000       0.00242309       0.99901502       0.99912071       0.00253169
      0.91500000       0.00236213       0.99905814       0.99915984       0.00246669
      0.91625000       0.00230204       0.99910024       0.99919807       0.00240268
      0.91750000       0.00224282       0.99914135       0.99923541       0.00233966
      0.91875000       0.00218445       0.99918146       0.99927187       0.00227760
      0.92000000       0.00212694       0.99922060       0.99930746       0.00221649
      0.92125000       0.00207027       0.99925876       0.99934218       0.00215634
      0.92250000       0.00201443       0.99929596       0.99937604       0.00209713
      0.92375000       0.00195943       0.99933221       0.99940905       0.00203885
      0.92500000       0.00190525       0.99936751       0.99944121       0.00198149
      0.92625000       0.00185190       0.99940188       0.99947254       0.00192505
      0.92750000       0.00179935       0.99943532       0.99950303       0.00186951
      0.92875000       0.00174761       0.99946785       0.99953269       0.00181486
      0.93000000       0.00169667       0.99949946       0.99956153       0.00176111
      0.93125000       0.00164653       0.99953018       0.99958956       0.00170824
      0.93250000       0.00159718       0.99956000       0.99961678       0.00165624
      0.93375000       0.00154861       0.99958894       0.99964319       0.00160511
      0.93500000       0.00150083       0.99961700       0.99966881       0.00155484
      0.93625000       0.00145381       0.99964419       0.99969363       0.00150542
      0.93750000       0.00140757       0.99967051       0.99971767       0.00145685
      0.93875000       0.00136209       0.99969598       0.99974093       0.00140911
      0.94000000       0.00131737       0.99972061       0.99976340       0.00136221
      0.94125000       0.00127341       0.99974438       0.99978511       0.00131613
      0.94250000       0.00123020       0.99976733       0.99980605       0.00127088
      0.94375000       0.00118773       0.99978944       0.99982622       0.00122643
      0.94500000       0.00114601       0.99981073       0.99984564       0.00118280
      0.94625000       0.00110502       0.99983120       0.99986431       0.00113996
      0.94750000       0.00106477       0.99985086       0.99988222       0.00109792
      0.94875000       0.00102525       0.99986972       0.99989939       0.00105668
      0.95000000       0.00098646       0.99988777       0.99991582       0.00101622
      0.95125000       0.00094839       0.99990503       0.99993152       0.00097654
      0.95250000       0.00091103       0.99992150       0.99994647       0.00093763
      0.95375000       0.00087440       0.99993718       0.99996070       0.00089950
      0.95500000       0.00083848       0.99995209       0.99997421       0.00086214
      0.95625000       0.00080326       0.99996622       0.99998699       0.00082553
      0.95750000       0.00076876       0.99997958       0.99999906       0.00078969
      0.95875000       0.00073495       0.99999218       0.00001041       0.00075459
      0.96000000       0.00070185       0.00000401       0.00002104       0.00072025
      0.96125000       0.00066944       0.00001509       0.00003097       0.00068666
      0.96250000       0.00063773       0.00002541       0.00004019       0.00065380
      0.96375000       0.00060672       0.00003499       0.00004872       0.00062169
      0.96500000       0.00057639       0.00004382       0.00005654       0.00059030
      0.96625000       0.00054675       0.00005191       0.00006366       0.00055966
      0.96750000       0.00051779       0.00005926       0.00007009       0.00052973
      0.96875000       0.00048951       0.00006587       0.00007583       0.00050054
      0.97000000       0.00046192       0.00007176       0.00008087       0.00047207
      0.97125000       0.00043501       0.00007692       0.00008523       0.00044431
      0.97250000       0.00040877       0.00008135       0.00008891       0.00041728
      0.97375000       0.00038321       0.00008506       0.00009190       0.00039095
      0.97500000       0.00035832       0.00008805       0.00009422       0.00036534
      0.97625000       0.00033410       0.00009032       0.00009585       0.00034044
      0.97750000       0.00031055       0.00009188       0.00009681       0.00031625
      0.97875000       0.00028767       0.00009273       0.00009709       0.00029276
      0.98000000       0.00026546       0.00009287       0.00009670       0.00026998
      0.98125000       0.00024391       0.00009230       0.00009564       0.00024789
      0.98250000       0.00022303       0.00009103       0.00009391       0.00022651
      0.98375000       0.00020281       0.00008905       0.00009151       0.00020583
      0.98500000       0.00018325       0.00008638       0.00008845       0.00018584
      0.98625000       0.00016436       0.00008300       0.00008471       0.00016655
      0.98750000       0.00014612       0.00007892       0.00008032       0.00014795
      0.98875000       0.00012855       0.00007415       0.00007526       0.00013005
      0.99000000       0.00011163       0.00006868       0.00006954       0.00011283
      0.99125000       0.00009538       0.00006252       0.00006315       0.00009631
      0.99250000       0.00007978       0.00005566       0.00005611       0.00008049
      0.99375000       0.00006484       0.00004811       0.00004840       0.00006535
      0.99500000       0.00005056       0.00003987       0.00004004       0.00005090
      0.99625000       0.00003693       0.00003094       0.00003102       0.00003714
      0.99750000       0.00002396       0.00002131       0.00002133       0.00002407
      0.99875000       0.00001165       0.00001100       0.00001100       0.00001169
      1.00000000       0.00000114       0.00000113       0.00000113       0.00000114
