# Chirality               1              -1              -1               1               1              -1              -1               1
# k            phase           phase           phase           phase           phase           phase           phase           phase
      0.00000000       0.00000232       0.00000230       0.00000231       0.00000231       0.00000227       0.00000225       0.00000226       0.00000226
      0.00250000       0.00002340       0.00002280       0.00002290       0.00002326       0.00002291       0.00002231       0.00002241       0.00002277
      0.00500000       0.00004730       0.00004515       0.00004529       0.00004699       0.00004632       0.00004416       0.00004431       0.00004600
      0.00750000       0.00007171       0.00006702       0.00006717       0.00007116       0.00007024       0.00006554       0.00006570       0.00006968
      0.01000000       0.00009661       0.00008844       0.00008855       0.00009580       0.00009465       0.00008646       0.00008659       0.00009383
      0.01250000       0.00012201       0.00010938       0.00010941       0.00012089       0.00011957       0.00010691       0.00010696       0.00011843
      0.01500000       0.00014792       0.00012986       0.00012976       0.00014644       0.00014499       0.00012689       0.00012682       0.00014348
      0.01750000       0.00017432       0.00014986       0.00014959       0.00017245       0.00017091       0.00014639       0.00014616       0.00016900
      0.02000000       0.00020123       0.00016939       0.00016890       0.00019891       0.00019732       0.00016542       0.00016498       0.00019497
      0.02250000       0.00022863       0.00018843       0.00018769       0.00022582       0.00022424       0.00018398       0.00018327       0.00022139
      0.02500000       0.00025654       0.00020700       0.00020595       0.00025320       0.00025166       0.00020204       0.00020104       0.00024828
      0.02750000       0.00028495       0.00022508       0.00022368       0.00028103       0.00027959       0.00021963       0.00021828       0.00027562
      0.03000000       0.00031386       0.00024266       0.00024088       0.00030932       0.00030802       0.00023672       0.00023498       0.00030343
      0.03250000       0.00034328       0.00025975       0.00025753       0.00033808       0.00033696       0.00025331       0.00025115       0.00033169
      0.03500000       0.00037321       0.00027634       0.00027364       0.00036729       0.00036640       0.00026941       0.00026676       0.00036042
      0.03750000       0.00040364       0.00029243       0.00028920       0.00039698       0.00039636       0.00028500       0.00028183       0.00038962
      0.04000000       0.00043459       0.00030801       0.00030420       0.00042713       0.00042683       0.00030008       0.00029634       0.00041929
      0.04250000       0.00046606       0.00032307       0.00031864       0.00045775       0.00045782       0.00031464       0.00031029       0.00044942
      0.04500000       0.00049804       0.00033761       0.00033251       0.00048884       0.00048933       0.00032869       0.00032368       0.00048003
      0.04750000       0.00053055       0.00035162       0.00034581       0.00052041       0.00052136       0.00034221       0.00033648       0.00051112
      0.05000000       0.00056359       0.00036510       0.00035853       0.00055246       0.00055391       0.00035519       0.00034871       0.00054269
      0.05250000       0.00059715       0.00037804       0.00037066       0.00058499       0.00058700       0.00036763       0.00036036       0.00057474
      0.05500000       0.00063125       0.00039043       0.00038220       0.00061801       0.00062063       0.00037953       0.00037140       0.00060728
      0.05750000       0.00066589       0.00040226       0.00039313       0.00065152       0.00065480       0.00039087       0.00038185       0.00064032
      0.06000000       0.00070107       0.00041354       0.00040346       0.00068553       0.00068951       0.00040165       0.00039169       0.00067385
      0.06250000       0.00073680       0.00042424       0.00041317       0.00072004       0.00072477       0.00041187       0.00040090       0.00070789
      0.06500000       0.00077309       0.00043437       0.00042224       0.00075506       0.00076059       0.00042150       0.00040950       0.00074243
      0.06750000       0.00080994       0.00044391       0.00043069       0.00079060       0.00079698       0.00043055       0.00041745       0.00077749
      0.07000000       0.00084736       0.00045285       0.00043848       0.00082665       0.00083393       0.00043900       0.00042476       0.00081307
      0.07250000       0.00088536       0.00046119       0.00044562       0.00086323       0.00087146       0.00044685       0.00043142       0.00084918
      0.07500000       0.00092394       0.00046891       0.00045210       0.00090034       0.00090958       0.00045408       0.00043741       0.00088582
      0.07750000       0.00096311       0.00047601       0.00045790       0.00093799       0.00094829       0.00046069       0.00044273       0.00092301
      0.08000000       0.00100288       0.00048247       0.00046301       0.00097619       0.00098760       0.00046667       0.00044735       0.00096074
      0.08250000       0.00104326       0.00048829       0.00046743       0.00101495       0.00102752       0.00047200       0.00045129       0.00099903
      0.08500000       0.00108425       0.00049345       0.00047113       0.00105427       0.00106805       0.00047667       0.00045451       0.00103789
      0.08750000       0.00112587       0.00049794       0.00047412       0.00109416       0.00110922       0.00048067       0.00045701       0.00107732
      0.09000000       0.00116813       0.00050175       0.00047636       0.00113464       0.00115102       0.00048400       0.00045878       0.00111734
      0.09250000       0.00121103       0.00050487       0.00047786       0.00117571       0.00119347       0.00048663       0.00045980       0.00115795
      0.09500000       0.00125459       0.00050728       0.00047860       0.00121738       0.00123657       0.00048856       0.00046006       0.00119916
      0.09750000       0.00129881       0.00050897       0.00047856       0.00125967       0.00128035       0.00048977       0.00045954       0.00124099
      0.10000000       0.00134372       0.00050993       0.00047773       0.00130257       0.00132481       0.00049024       0.00045824       0.00128345
      0.10250000       0.00138932       0.00051014       0.00047610       0.00134612       0.00136997       0.00048997       0.00045613       0.00132654
      0.10500000       0.00143563       0.00050958       0.00047365       0.00139032       0.00141583       0.00048894       0.00045320       0.00137029
      0.10750000       0.00148265       0.00050825       0.00047035       0.00143517       0.00146241       0.00048713       0.00044943       0.00141470
      0.11000000       0.00153041       0.00050612       0.00046621       0.00148070       0.00150973       0.00048452       0.00044482       0.00145978
      0.11250000       0.00157892       0.00050318       0.00046119       0.00152692       0.00155780       0.00048111       0.00043933       0.00150555
      0.11500000       0.00162819       0.00049942       0.00045528       0.00157384       0.00160664       0.00047686       0.00043295       0.00155203
      0.11750000       0.00167824       0.00049480       0.00044847       0.00162148       0.00165625       0.00047178       0.00042567       0.00159923
      0.12000000       0.00172908       0.00048932       0.00044072       0.00166986       0.00170666       0.00046582       0.00041746       0.00164717
      0.12250000       0.00178074       0.00048296       0.00043203       0.00171898       0.00175789       0.00045899       0.00040830       0.00169586
      0.12500000       0.00183323       0.00047570       0.00042237       0.00176888       0.00180995       0.00045125       0.00039818       0.00174532
      0.12750000       0.00188657       0.00046750       0.00041172       0.00181956       0.00186287       0.00044259       0.00038707       0.00179557
      0.13000000       0.00194078       0.00045837       0.00040006       0.00187104       0.00191665       0.00043299       0.00037494       0.00184662
      0.13250000       0.00199588       0.00044826       0.00038737       0.00192335       0.00197133       0.00042242       0.00036179       0.00189850
      0.13500000       0.00205189       0.00043717       0.00037361       0.00197650       0.00202692       0.00041086       0.00034758       0.00195123
      0.13750000       0.00210884       0.00042506       0.00035878       0.00203052       0.00208345       0.00039829       0.00033228       0.00200482
      0.14000000       0.00216674       0.00041191       0.00034283       0.00208542       0.00214094       0.00038468       0.00031588       0.00205930
      0.14250000       0.00222562       0.00039770       0.00032575       0.00214123       0.00219940       0.00037001       0.00029835       0.00211470
      0.14500000       0.00228550       0.00038240       0.00030750       0.00219798       0.00225888       0.00035425       0.00027965       0.00217103
      0.14750000       0.00234642       0.00036598       0.00028807       0.00225569       0.00231939       0.00033737       0.00025976       0.00222832
      0.15000000       0.00240839       0.00034842       0.00026741       0.00231438       0.00238096       0.00031935       0.00023866       0.00228660
      0.15250000       0.00247145       0.00032968       0.00024550       0.00237408       0.00244361       0.00030015       0.00021630       0.00234589
      0.15500000       0.00253563       0.00030973       0.00022231       0.00243482       0.00250739       0.00027976       0.00019266       0.00240622
      0.15750000       0.00260095       0.00028855       0.00019780       0.00249662       0.00257231       0.00025812       0.00016771       0.00246763
      0.16000000       0.00266744       0.00026609       0.00017195       0.00255953       0.00263841       0.00023522       0.00014141       0.00253013
      0.16250000       0.00273515       0.00024233       0.00014470       0.00262357       0.00270573       0.00021101       0.00011373       0.00259377
      0.16500000       0.00280410       0.00021723       0.00011604       0.00268877       0.00277429       0.00018546       0.00008463       0.00265857
      0.16750000       0.00287433       0.00019076       0.00008591       0.00275516       0.00284413       0.00015855       0.00005407       0.00272458
      0.17000000       0.00294588       0.00016286       0.00005428       0.00282279       0.00291530       0.00013021       0.00002201       0.00279182
      0.17250000       0.00301878       0.00013352       0.00002112       0.00289169       0.00298782       0.00010043       0.99998841       0.00286033
      0.17500000       0.00309308       0.00010268       0.99998637       0.00296190       0.00306174       0.00006915       0.99995323       0.00293015
      0.17750000       0.00316881       0.00007030       0.99994999       0.00303346       0.00313710       0.00003633       0.99991642       0.00300133
      0.18000000       0.00324603       0.00003634       0.99991193       0.00310641       0.00321394       0.00000194       0.99987794       0.00307390
      0.18250000       0.00332477       0.00000074       0.99987216       0.00318079       0.00329232       0.99996591       0.99983774       0.00314791
      0.18500000       0.00340509       0.99996347       0.99983061       0.00325666       0.00337227       0.99992821       0.99979577       0.00322340
      0.18750000       0.00348703       0.99992447       0.99978723       0.00333405       0.00345385       0.99988879       0.99975198       0.00330043
      0.19000000       0.00357065       0.99988370       0.99974198       0.00341303       0.00353710       0.99984758       0.99970632       0.00337903
      0.19250000       0.00365599       0.99984108       0.99969480       0.00349363       0.00362209       0.99980455       0.99965872       0.00345927
      0.19500000       0.00374312       0.99979658       0.99964562       0.00357592       0.00370887       0.99975962       0.99960913       0.00354120
      0.19750000       0.00383210       0.99975013       0.99959439       0.00365995       0.00379749       0.99971275       0.99955749       0.00362488
      0.20000000       0.00392298       0.99970166       0.99954104       0.00374578       0.00388803       0.99966387       0.99950373       0.00371036
      0.20250000       0.00401583       0.99965112       0.99948551       0.00383348       0.00398053       0.99961291       0.99944780       0.00379770
      0.20500000       0.00411071       0.99959844       0.99942773       0.00392310       0.00407507       0.99955981       0.99938961       0.00388698
      0.20750000       0.00420770       0.99954354       0.99936762       0.00401472       0.00417172       0.99950451       0.99932911       0.00397826
      0.21000000       0.00430686       0.99948636       0.99930511       0.00410840       0.00427056       0.99944692       0.99926620       0.00407160
      0.21250000       0.00440828       0.99942681       0.99924013       0.00420422       0.00437165       0.99938697       0.99920082       0.00416709
      0.21500000       0.00451203       0.99936483       0.99917258       0.00430226       0.00447507       0.99932458       0.99913289       0.00426479
      0.21750000       0.00461820       0.99930032       0.99910239       0.00440260       0.00458092       0.99925967       0.99906231       0.00436480
      0.22000000       0.00472687       0.99923320       0.99902947       0.00450532       0.00468927       0.99919216       0.99898901       0.00446720
      0.22250000       0.00483814       0.99916338       0.99895372       0.00461051       0.00480022       0.99912194       0.99891287       0.00457207
      0.22500000       0.00495209       0.99909076       0.99887505       0.00471826       0.00491386       0.99904893       0.99883382       0.00467950
      0.22750000       0.00506884       0.99901524       0.99879335       0.00482867       0.00503030       0.99897303       0.99875175       0.00478960
      0.23000000       0.00518847       0.99893673       0.99870852       0.00494185       0.00514963       0.99889412       0.99866654       0.00490247
      0.23250000       0.00531111       0.99885511       0.99862044       0.00505789       0.00527197       0.99881212       0.99857809       0.00501821
      0.23500000       0.00543687       0.99877026       0.99852900       0.00517692       0.00539743       0.99872689       0.99848628       0.00513694
      0.23750000       0.00556587       0.99868207       0.99843408       0.00529904       0.00552614       0.99863832       0.99839100       0.00525876
      0.24000000       0.00569823       0.99859041       0.99833554       0.00542439       0.00565821       0.99854628       0.99829210       0.00538382
      0.24250000       0.00583409       0.99849515       0.99823326       0.00555309       0.00579379       0.99845065       0.99818945       0.00551223
      0.24500000       0.00597358       0.99839615       0.99812708       0.00568528       0.00593300       0.99835128       0.99808293       0.00564414
      0.24750000       0.00611686       0.99829327       0.99801687       0.00582110       0.00607601       0.99824803       0.99797236       0.00577968
      0.25000000       0.00626408       0.99818635       0.99790246       0.00596070       0.00622295       0.99814075       0.99785761       0.00591901
      0.25250000       0.00641539       0.99807523       0.99778370       0.00610425       0.00637400       0.99802927       0.99773850       0.00606229
      0.25500000       0.00657098       0.99795974       0.99766040       0.00625190       0.00652933       0.99791343       0.99761486       0.00620968
      0.25750000       0.00673102       0.99783971       0.99753240       0.00640384       0.00668911       0.99779304       0.99748652       0.00636136
      0.26000000       0.00689569       0.99771495       0.99739949       0.00656025       0.00685353       0.99766793       0.99735327       0.00651751
      0.26250000       0.00706520       0.99758526       0.99726147       0.00672132       0.00702279       0.99753789       0.99721493       0.00667833
      0.26500000       0.00723976       0.99745043       0.99711814       0.00688726       0.00719710       0.99740271       0.99707127       0.00684403
      0.26750000       0.00741958       0.99731024       0.99696927       0.00705829       0.00737669       0.99726218       0.99692208       0.00701482
      0.27000000       0.00760491       0.99716447       0.99681463       0.00723464       0.00756179       0.99711607       0.99676712       0.00719094
      0.27250000       0.00779598       0.99701286       0.99665396       0.00741655       0.00775264       0.99696412       0.99660613       0.00737262
      0.27500000       0.00799307       0.99685515       0.99648701       0.00760428       0.00794950       0.99680609       0.99643887       0.00756013
      0.27750000       0.00819644       0.99669109       0.99631349       0.00779810       0.00815265       0.99664169       0.99626504       0.00775373
      0.28000000       0.00840639       0.99652036       0.99613311       0.00799830       0.00836239       0.99647064       0.99608436       0.00795372
      0.28250000       0.00862323       0.99634268       0.99594556       0.00820518       0.00857902       0.99629264       0.99589652       0.00816039
      0.28500000       0.00884728       0.99615770       0.99575052       0.00841906       0.00880287       0.99610735       0.99570118       0.00837407
      0.28750000       0.00907889       0.99596510       0.99554763       0.00864029       0.00903429       0.99591443       0.99549799       0.00859511
      0.29000000       0.00931843       0.99576450       0.99533652       0.00886923       0.00927364       0.99571352       0.99528660       0.00882386
      0.29250000       0.00956628       0.99555552       0.99511680       0.00910627       0.00952131       0.99550424       0.99506660       0.00906072
      0.29500000       0.00982288       0.99533774       0.99488806       0.00935181       0.00977773       0.99528616       0.99483758       0.00930609
      0.29750000       0.01008864       0.99511073       0.99464985       0.00960630       0.01004332       0.99505885       0.99459910       0.00956041
      0.30000000       0.01036405       0.99487402       0.99440170       0.00987019       0.01031857       0.99482184       0.99435068       0.00982414
      0.30250000       0.01064961       0.99462711       0.99414310       0.01014399       0.01060397       0.99457464       0.99409182       0.01009778
      0.30500000       0.01094584       0.99436947       0.99387354       0.01042821       0.01090004       0.99431672       0.99382200       0.01038186
      0.30750000       0.01125331       0.99410055       0.99359242       0.01072343       0.01120737       0.99404752       0.99354064       0.01067694
      0.31000000       0.01157263       0.99381973       0.99329916       0.01103024       0.01152656       0.99376642       0.99324712       0.01098362
      0.31250000       0.01190445       0.99352637       0.99299309       0.01134929       0.01185825       0.99347279       0.99294082       0.01130254
      0.31500000       0.01224945       0.99321979       0.99267354       0.01168126       0.01220313       0.99316594       0.99262103       0.01163440
      0.31750000       0.01260838       0.99289924       0.99233974       0.01202689       0.01256195       0.99284514       0.99228700       0.01197992
      0.32000000       0.01298203       0.99256394       0.99199092       0.01238696       0.01293549       0.99250958       0.99193796       0.01233990
      0.32250000       0.01337125       0.99221304       0.99162622       0.01276233       0.01332461       0.99215843       0.99157304       0.01271517
      0.32500000       0.01377694       0.99184563       0.99124473       0.01315390       0.01373021       0.99179077       0.99119134       0.01310666
      0.32750000       0.01420010       0.99146073       0.99084547       0.01356265       0.01415328       0.99140563       0.99079187       0.01351534
      0.33000000       0.01464176       0.99105729       0.99042737       0.01398962       0.01459487       0.99100195       0.99037358       0.01394225
      0.33250000       0.01510306       0.99063418       0.98998932       0.01443595       0.01505611       0.99057861       0.98993534       0.01438853
      0.33500000       0.01558522       0.99019017       0.98953009       0.01490286       0.01553822       0.99013438       0.98947592       0.01485540
      0.33750000       0.01608956       0.98972395       0.98904836       0.01539167       0.01604251       0.98966794       0.98899401       0.01534417
      0.34000000       0.01661749       0.98923409       0.98854271       0.01590379       0.01657041       0.98917787       0.98848820       0.01585627
      0.34250000       0.01717056       0.98871906       0.98801161       0.01644077       0.01712345       0.98866262       0.98795693       0.01639324
      0.34500000       0.01775042       0.98817717       0.98745338       0.01700428       0.01770330       0.98812054       0.98739855       0.01695675
      0.34750000       0.01835887       0.98760663       0.98686623       0.01759612       0.01831175       0.98754980       0.98681125       0.01754860
      0.35000000       0.01899786       0.98700546       0.98624821       0.01821826       0.01895075       0.98694844       0.98619309       0.01817077
      0.35250000       0.01966953       0.98637152       0.98559718       0.01887284       0.01962244       0.98631433       0.98554194       0.01882539
      0.35500000       0.02037617       0.98570249       0.98491084       0.01956218       0.02032912       0.98564513       0.98485548       0.01951479
      0.35750000       0.02112031       0.98499583       0.98418668       0.02028883       0.02107330       0.98493830       0.98413121       0.02024150
      0.36000000       0.02190468       0.98424875       0.98342194       0.02105556       0.02185773       0.98419106       0.98336637       0.02100831
      0.36250000       0.02273228       0.98345823       0.98261362       0.02186540       0.02268541       0.98340040       0.98255797       0.02181825
      0.36500000       0.02360640       0.98262094       0.98175846       0.02272167       0.02355962       0.98256296       0.98170272       0.02267464
      0.36750000       0.02453062       0.98173323       0.98085284       0.02362803       0.02448395       0.98167512       0.98079704       0.02358112
      0.37000000       0.02550888       0.98079109       0.97989283       0.02458848       0.02546234       0.98073286       0.97983698       0.02454171
      0.37250000       0.02654553       0.97979010       0.97887409       0.02560743       0.02649913       0.97973177       0.97881820       0.02556083
      0.37500000       0.02764534       0.97872540       0.97779185       0.02668976       0.02759909       0.97866696       0.97773593       0.02664334
      0.37750000       0.02881357       0.97759160       0.97664083       0.02784083       0.02876750       0.97753308       0.97658490       0.02779462
      0.38000000       0.03005604       0.97638276       0.97541522       0.02906661       0.03001016       0.97632416       0.97535930       0.02902062
      0.38250000       0.03137918       0.97509226       0.97410858       0.03037370       0.03133353       0.97503359       0.97405267       0.03032795
      0.38500000       0.03279014       0.97371277       0.97271376       0.03176943       0.03274473       0.97365405       0.97265789       0.03172394
      0.38750000       0.03429685       0.97223612       0.97122284       0.03326196       0.03425170       0.97217737       0.97116702       0.03321677
      0.39000000       0.03590814       0.97065321       0.96962697       0.03486040       0.03586328       0.97059443       0.96957122       0.03481553
      0.39250000       0.03763386       0.96895386       0.96791631       0.03657494       0.03758932       0.96889507       0.96786065       0.03653040
      0.39500000       0.03948501       0.96712665       0.96607985       0.03841696       0.03944081       0.96706787       0.96602431       0.03837280
      0.39750000       0.04147391       0.96515881       0.96410528       0.04039926       0.04143008       0.96510006       0.96404987       0.04035550
      0.40000000       0.04361437       0.96303596       0.96197877       0.04253622       0.04357095       0.96297724       0.96192351       0.04249288
      0.40250000       0.04592194       0.96074190       0.95968478       0.04484402       0.04587895       0.96068324       0.95962971       0.04480114
      0.40500000       0.04841409       0.95825835       0.95720584       0.04734093       0.04837157       0.95819977       0.95715097       0.04729855
      0.40750000       0.05111055       0.95556466       0.95452220       0.05004762       0.05106855       0.95550618       0.95446756       0.05000577
      0.41000000       0.05403362       0.95263744       0.95161159       0.05298746       0.05399216       0.95257909       0.95155721       0.05294618
      0.41250000       0.05720850       0.94945021       0.94844877       0.05618695       0.05716763       0.94939200       0.94839469       0.05614628
      0.41500000       0.06066377       0.94597288       0.94500519       0.05967614       0.06062354       0.94591485       0.94495142       0.05963612
      0.41750000       0.06443183       0.94217136       0.94124843       0.06348914       0.06439229       0.94211353       0.94119502       0.06344981
      0.42000000       0.06854943       0.93800694       0.93714174       0.06766466       0.06851062       0.93794933       0.93708872       0.06762607
      0.42250000       0.07305824       0.93343577       0.93264346       0.07224653       0.07302023       0.93337841       0.93259086       0.07220873
      0.42500000       0.07800549       0.92840826       0.92770636       0.07728433       0.07796832       0.92835118       0.92765422       0.07724736
      0.42750000       0.08344452       0.92286860       0.92227709       0.08283387       0.08340826       0.92281183       0.92222545       0.08279780
      0.43000000       0.08943538       0.91675431       0.91629561       0.08895764       0.08940010       0.91669786       0.91624450       0.08892251
      0.43250000       0.09604526       0.90999610       0.90969474       0.09572490       0.09601101       0.90994001       0.90964420       0.09569077
      0.43500000       0.10334858       0.90251814       0.90240008       0.10321147       0.10331543       0.90246243       0.90235013       0.10317839
      0.43750000       0.11142665       0.89423902       0.89433031       0.11149875       0.11139468       0.89418371       0.89428099       0.11146679
      0.44000000       0.12036651       0.88507377       0.88539842       0.12067172       0.12033578       0.88501886       0.88534973       0.12064092
      0.44250000       0.13025852       0.87493727       0.87551406       0.13081546       0.13022910       0.87488277       0.87546603       0.13078588
      0.44500000       0.14119220       0.86374970       0.86458775       0.14200980       0.14116416       0.86369562       0.86454036       0.14198148
      0.44750000       0.15324974       0.85144419       0.85253731       0.15432160       0.15322314       0.85139050       0.85249054       0.15429458
      0.45000000       0.16649679       0.83797676       0.83929712       0.16779483       0.16647168       0.83792344       0.83925094       0.16776916
      0.45250000       0.18097040       0.82333802       0.82483017       0.18243889       0.18094682       0.82328504       0.82478452       0.18241459
      0.45500000       0.19666515       0.80756484       0.80914186       0.19821693       0.19664313       0.80751217       0.80909668       0.19819403
      0.45750000       0.21351963       0.79074943       0.79229361       0.21503675       0.21349919       0.79069705       0.79224882       0.21501526
      0.46000000       0.23140693       0.77304244       0.77441229       0.23274774       0.23138809       0.77299034       0.77436784       0.23272771
      0.46250000       0.25013357       0.75464713       0.75569130       0.25114667       0.25011635       0.75459535       0.75564715       0.25112811
      0.46500000       0.26945029       0.73580399       0.73637982       0.26999309       0.26943471       0.73575259       0.73633598       0.26997603
      0.46750000       0.28907466       0.71676779       0.71676017       0.28903225       0.28906079       0.71671688       0.71671669       0.28901676
      0.47000000       0.30872147       0.69778215       0.69711749       0.30802055       0.30870936       0.69773186       0.69707447       0.30800670
      0.47250000       0.32813326       0.67905736       0.67770914       0.32674771       0.32812301       0.67900787       0.67766675       0.32673557
      0.47500000       0.34710387       0.66075567       0.65874125       0.34505145       0.34709559       0.66070717       0.65869967       0.34504112
      0.47750000       0.36549054       0.64298552       0.64035658       0.36282332       0.36548434       0.64293823       0.64031603       0.36281489
      0.48000000       0.38321474       0.62580347       0.62263367       0.38000676       0.38321075       0.62575758       0.62259435       0.38000032
      0.48250000       0.40025478       0.60922105       0.60559425       0.39659021       0.40025312       0.60917677       0.60555636       0.39658584
      0.48500000       0.41663424       0.59321388       0.58921478       0.41259804       0.41663500       0.59317139       0.58917850       0.41259581
      0.48750000       0.43240971       0.57773074       0.57343872       0.42808144       0.43241299       0.57769022       0.57340423       0.42808143
      0.49000000       0.44765997       0.56270147       0.55818733       0.44311057       0.44766584       0.56266308       0.55815477       0.44311283
      0.49250000       0.46247749       0.54804308       0.54336819       0.45776841       0.46248600       0.54800697       0.54333769       0.45777299
      0.49500000       0.47696234       0.53366420       0.52888127       0.47214633       0.47697352       0.53363051       0.52885293       0.47215325
      0.49750000       0.49121813       0.51946805       0.51462299       0.48634112       0.49123198       0.51943689       0.51459691       0.48635041
      0.50000000       0.50534951       0.50535429       0.50048871       0.50045312       0.50536603       0.50532576       0.50046496       0.50046478
      0.50250000       0.51946065       0.49122023       0.48637429       0.51458502       0.51947981       0.49119442       0.48635294       0.51459905
      0.50500000       0.53365424       0.47696173       0.47217706       0.52884098       0.53367600       0.47693871       0.47215816       0.52885737
      0.50750000       0.54803063       0.46247415       0.45779667       0.54332563       0.54805494       0.46245399       0.45778026       0.54334437
      0.51000000       0.56268661       0.44765391       0.44313634       0.55814260       0.56271339       0.44763666       0.44312246       0.55816366
      0.51250000       0.57771354       0.43240096       0.42810468       0.57339193       0.57774274       0.43238668       0.42809336       0.57341529
      0.51500000       0.59319441       0.41662286       0.41261872       0.58916607       0.59322595       0.41661160       0.41261000       0.58919171
      0.51750000       0.60919937       0.40024087       0.39660828       0.60554381       0.60923316       0.40023267       0.39660218       0.60557169
      0.52000000       0.62577961       0.38319844       0.38002214       0.62258171       0.62581558       0.38319336       0.38001870       0.62261182
      0.52250000       0.64295950       0.36547202       0.36283592       0.64030336       0.64299756       0.36547010       0.36283517       0.64033565
      0.52500000       0.66072747       0.34708333       0.34506115       0.65868707       0.66076755       0.34708462       0.34506313       0.65872150
      0.52750000       0.67902698       0.32811092       0.32675439       0.67765430       0.67906899       0.32811547       0.32675911       0.67769083
      0.53000000       0.69774955       0.30869757       0.30802407       0.69706233       0.69779341       0.30870537       0.30803157       0.69710088
      0.53250000       0.71673294       0.28904944       0.28903249       0.71670499       0.71677855       0.28906048       0.28904275       0.71674547
      0.53500000       0.73576687       0.26942396       0.26998996       0.73632486       0.73581412       0.26943815       0.27000295       0.73636716
      0.53750000       0.75460775       0.25010630       0.25114015       0.75563675       0.75465652       0.25012352       0.25115579       0.75568073
      0.54000000       0.77300085       0.23137884       0.23273785       0.77435824       0.77305101       0.23139890       0.23275604       0.77440376
      0.54250000       0.79070574       0.21349080       0.21502357       0.79224008       0.79075715       0.21351349       0.21504418       0.79228697
      0.54500000       0.80751916       0.19663560       0.19820064       0.80908881       0.80757169       0.19666068       0.19822349       0.80913691
      0.54750000       0.82329052       0.18094013       0.18241969       0.82477749       0.82334403       0.18096737       0.18244462       0.82482666
      0.55000000       0.83792761       0.16646578       0.16777295       0.83924471       0.83798199       0.16649494       0.16779978       0.83929481
      0.55250000       0.85139357       0.15321796       0.15429729       0.85248504       0.85144870       0.15324884       0.15432583       0.85253596
      0.55500000       0.86369780       0.14115962       0.14198329       0.86453551       0.86375358       0.14119203       0.14201340       0.86458716
      0.55750000       0.87488424       0.13022514       0.13078698       0.87546176       0.87494058       0.13025892       0.13081851       0.87551405
      0.56000000       0.88501976       0.12033232       0.12064146       0.88534598       0.88507660       0.12036733       0.12067429       0.88539883
      0.56250000       0.89418417       0.11139165       0.11146691       0.89427768       0.89424144       0.11142776       0.11150092       0.89433104
      0.56500000       0.90246256       0.10331278       0.10317819       0.90234721       0.90252021       0.10334990       0.10321329       0.90240103
      0.56750000       0.90993990       0.09600868       0.09569033       0.90964161       0.90999787       0.09604672       0.09572642       0.90969584
      0.57000000       0.91669757       0.08939805       0.08892189       0.91624220       0.91675583       0.08943693       0.08895892       0.91629680
      0.57250000       0.92281140       0.08340645       0.08279707       0.92222340       0.92286990       0.08344610       0.08283495       0.92227834
      0.57500000       0.92835067       0.07796672       0.07724655       0.92765239       0.92840938       0.07800708       0.07728522       0.92770763
      0.57750000       0.93337783       0.07301881       0.07220786       0.93258922       0.93343673       0.07305983       0.07224728       0.93264473
      0.58000000       0.93794872       0.06850936       0.06762517       0.93708724       0.93800777       0.06855099       0.06766528       0.93714300
      0.58250000       0.94211289       0.06439116       0.06344891       0.94119368       0.94217208       0.06443335       0.06348966       0.94124966
      0.58500000       0.94591421       0.06062254       0.05963521       0.94495021       0.94597351       0.06066525       0.05967657       0.94500639
      0.58750000       0.94939137       0.05716673       0.05614538       0.94839359       0.94945075       0.05720993       0.05618730       0.94844994
      0.59000000       0.95257847       0.05399135       0.05294531       0.95155621       0.95263791       0.05403499       0.05298775       0.95161271
      0.59250000       0.95550557       0.05106782       0.05000492       0.95446665       0.95556507       0.05111188       0.05004786       0.95452328
      0.59500000       0.95819918       0.04837091       0.04729773       0.95715013       0.95825871       0.04841536       0.04734112       0.95720687
      0.59750000       0.96068267       0.04587835       0.04480034       0.95962894       0.96074221       0.04592315       0.04484416       0.95968578
      0.60000000       0.96297669       0.04357041       0.04249211       0.96192281       0.96303623       0.04361554       0.04253633       0.96197972
      0.60250000       0.96509953       0.04142958       0.04035476       0.96404922       0.96515905       0.04147502       0.04039935       0.96410619
      0.60500000       0.96706736       0.03944036       0.03837209       0.96602371       0.96712686       0.03948607       0.03841702       0.96608072
      0.60750000       0.96889458       0.03758891       0.03652973       0.96786010       0.96895403       0.03763488       0.03657498       0.96791714
      0.61000000       0.97059397       0.03586291       0.03481488       0.96957071       0.97065337       0.03590911       0.03486042       0.96962776
      0.61250000       0.97217693       0.03425136       0.03321614       0.97116655       0.97223626       0.03429778       0.03326196       0.97122359
      0.61500000       0.97365363       0.03274441       0.03172335       0.97265745       0.97371288       0.03279103       0.03176941       0.97271448
      0.61750000       0.97503319       0.03133324       0.03032738       0.97405227       0.97509236       0.03138003       0.03037368       0.97410927
      0.62000000       0.97632377       0.03000990       0.02902008       0.97535892       0.97638284       0.03005685       0.02906658       0.97541588
      0.62250000       0.97753271       0.02876725       0.02779410       0.97658455       0.97759167       0.02881435       0.02784079       0.97664146
      0.62500000       0.97866662       0.02759887       0.02664284       0.97773560       0.97872546       0.02764608       0.02668971       0.97779244
      0.62750000       0.97973143       0.02649892       0.02556036       0.97881789       0.97979015       0.02654625       0.02560738       0.97887466
      0.63000000       0.98073255       0.02546214       0.02454126       0.97983669       0.98079113       0.02550956       0.02458842       0.97989338
      0.63250000       0.98167482       0.02448377       0.02358069       0.98079677       0.98173326       0.02453127       0.02362797       0.98085336
      0.63500000       0.98256268       0.02355945       0.02267422       0.98170247       0.98262097       0.02360702       0.02272161       0.98175896
      0.63750000       0.98340012       0.02268526       0.02181785       0.98255772       0.98345825       0.02273288       0.02186533       0.98261410
      0.64000000       0.98419081       0.02185759       0.02100793       0.98336614       0.98424877       0.02190525       0.02105549       0.98342239
      0.64250000       0.98493805       0.02107317       0.02024114       0.98413099       0.98499584       0.02112086       0.02028876       0.98418712
      0.64500000       0.98564489       0.02032900       0.01951444       0.98485528       0.98570250       0.02037670       0.01956211       0.98491127
      0.64750000       0.98631410       0.01962233       0.01882506       0.98554175       0.98637153       0.01967004       0.01887276       0.98559759
      0.65000000       0.98694823       0.01895065       0.01817045       0.98619291       0.98700546       0.01899835       0.01821818       0.98624860
      0.65250000       0.98754960       0.01831165       0.01754830       0.98681108       0.98760662       0.01835934       0.01759604       0.98686661
      0.65500000       0.98812034       0.01770320       0.01695646       0.98739839       0.98817717       0.01775087       0.01700420       0.98745374
      0.65750000       0.98866244       0.01712336       0.01639296       0.98795678       0.98871905       0.01717099       0.01644069       0.98801195
      0.66000000       0.98917769       0.01657033       0.01585600       0.98848805       0.98923408       0.01661791       0.01590371       0.98854305
      0.66250000       0.98966777       0.01604243       0.01534391       0.98899388       0.98972394       0.01608996       0.01539159       0.98904868
      0.66500000       0.99013421       0.01553815       0.01485515       0.98947579       0.99019015       0.01558561       0.01490278       0.98953040
      0.66750000       0.99057845       0.01505604       0.01438829       0.98993521       0.99063416       0.01510343       0.01443587       0.98998962
      0.67000000       0.99100180       0.01459481       0.01394202       0.99037346       0.99105727       0.01464211       0.01398954       0.99042766
      0.67250000       0.99140549       0.01415322       0.01351512       0.99079176       0.99146071       0.01420044       0.01356257       0.99084574
      0.67500000       0.99179063       0.01373016       0.01310645       0.99119123       0.99184561       0.01377728       0.01315382       0.99124499
      0.67750000       0.99215830       0.01332455       0.01271497       0.99157294       0.99221302       0.01337157       0.01276225       0.99162648
      0.68000000       0.99250945       0.01293544       0.01233970       0.99193786       0.99256392       0.01298234       0.01238689       0.99199117
      0.68250000       0.99284502       0.01256190       0.01197973       0.99228691       0.99289922       0.01260868       0.01202681       0.99233998
      0.68500000       0.99316583       0.01220308       0.01163422       0.99262094       0.99321976       0.01224974       0.01168118       0.99267377
      0.68750000       0.99347268       0.01185821       0.01130237       0.99294074       0.99352634       0.01190473       0.01134922       0.99299332
      0.69000000       0.99376631       0.01152652       0.01098345       0.99324705       0.99381970       0.01157290       0.01103017       0.99329937
      0.69250000       0.99404741       0.01120734       0.01067678       0.99354056       0.99410052       0.01125357       0.01072336       0.99359263
      0.69500000       0.99431662       0.01090001       0.01038171       0.99382193       0.99436944       0.01094609       0.01042814       0.99387373
      0.69750000       0.99457455       0.01060393       0.01009763       0.99409176       0.99462708       0.01064985       0.01014392       0.99414330
      0.70000000       0.99482175       0.01031854       0.00982400       0.99435061       0.99487399       0.01036429       0.00987012       0.99440188
      0.70250000       0.99505876       0.01004329       0.00956027       0.99459904       0.99511070       0.01008887       0.00960623       0.99465003
      0.70500000       0.99528607       0.00977770       0.00930596       0.99483752       0.99533771       0.00982309       0.00935175       0.99488823
      0.70750000       0.99550416       0.00952128       0.00906059       0.99506654       0.99555549       0.00956650       0.00910621       0.99511697
      0.71000000       0.99571345       0.00927361       0.00882374       0.99528655       0.99576447       0.00931863       0.00886917       0.99533668
      0.71250000       0.99591436       0.00903426       0.00859499       0.99549794       0.99596507       0.00907909       0.00864023       0.99554779
      0.71500000       0.99610728       0.00880285       0.00837396       0.99570113       0.99615768       0.00884747       0.00841900       0.99575067
      0.71750000       0.99629257       0.00857900       0.00816028       0.99589647       0.99634265       0.00862341       0.00820512       0.99594571
      0.72000000       0.99647058       0.00836237       0.00795361       0.99608431       0.99652033       0.00840657       0.00799824       0.99613325
      0.72250000       0.99664163       0.00815263       0.00775363       0.99626500       0.99669106       0.00819662       0.00779805       0.99631363
      0.72500000       0.99680603       0.00794948       0.00756003       0.99643882       0.99685513       0.00799324       0.00760423       0.99648714
      0.72750000       0.99696406       0.00775262       0.00737253       0.99660609       0.99701283       0.00779615       0.00741650       0.99665409
      0.73000000       0.99711601       0.00756177       0.00719085       0.99676708       0.99716444       0.00760507       0.00723459       0.99681476
      0.73250000       0.99726213       0.00737668       0.00701474       0.99692204       0.99731022       0.00741973       0.00705824       0.99696940
      0.73500000       0.99740266       0.00719709       0.00684395       0.99707124       0.99745040       0.00723990       0.00688721       0.99711826
      0.73750000       0.99753783       0.00702277       0.00667825       0.99721489       0.99758523       0.00706534       0.00672127       0.99726159
      0.74000000       0.99766788       0.00685351       0.00651743       0.99735324       0.99771493       0.00689583       0.00656020       0.99739960
      0.74250000       0.99779299       0.00668909       0.00636128       0.99748648       0.99783969       0.00673115       0.00640379       0.99753250
      0.74500000       0.99791338       0.00652931       0.00620961       0.99761483       0.99795972       0.00657111       0.00625186       0.99766051
      0.74750000       0.99802922       0.00637399       0.00606222       0.99773847       0.99807520       0.00641552       0.00610421       0.99778380
      0.75000000       0.99814071       0.00622294       0.00591895       0.99785758       0.99818632       0.00626420       0.00596066       0.99790256
      0.75250000       0.99824799       0.00607600       0.00577962       0.99797233       0.99829324       0.00611698       0.00582106       0.99801697
      0.75500000       0.99835124       0.00593299       0.00564408       0.99808290       0.99839613       0.00597370       0.00568524       0.99812717
      0.75750000       0.99845061       0.00579378       0.00551217       0.99818943       0.99849513       0.00583420       0.00555305       0.99823335
      0.76000000       0.99854625       0.00565820       0.00538376       0.99829207       0.99859039       0.00569834       0.00542435       0.99833563
      0.76250000       0.99863828       0.00552613       0.00525871       0.99839097       0.99868205       0.00556597       0.00529901       0.99843416
      0.76500000       0.99872685       0.00539742       0.00513688       0.99848626       0.99877024       0.00543697       0.00517688       0.99852908
      0.76750000       0.99881208       0.00527196       0.00501816       0.99857807       0.99885508       0.00531121       0.00505786       0.99862052
      0.77000000       0.99889409       0.00514962       0.00490242       0.99866652       0.99893671       0.00518857       0.00494181       0.99870860
      0.77250000       0.99897299       0.00503029       0.00478955       0.99875173       0.99901522       0.00506893       0.00482864       0.99879343
      0.77500000       0.99904890       0.00491385       0.00467945       0.99883380       0.99909074       0.00495218       0.00471823       0.99887512
      0.77750000       0.99912191       0.00480021       0.00457202       0.99891286       0.99916336       0.00483822       0.00461047       0.99895379
      0.78000000       0.99919213       0.00468926       0.00446715       0.99898899       0.99923318       0.00472696       0.00450529       0.99902954
      0.78250000       0.99925965       0.00458091       0.00436476       0.99906230       0.99930030       0.00461828       0.00440257       0.99910246
      0.78500000       0.99932456       0.00447506       0.00426475       0.99913287       0.99936481       0.00451211       0.00430223       0.99917265
      0.78750000       0.99938694       0.00437164       0.00416705       0.99920081       0.99942679       0.00440836       0.00420419       0.99924019
      0.79000000       0.99944689       0.00427055       0.00407156       0.99926619       0.99948634       0.00430694       0.00410837       0.99930517
      0.79250000       0.99950448       0.00417172       0.00397822       0.99932909       0.99954352       0.00420777       0.00401469       0.99936768
      0.79500000       0.99955979       0.00407507       0.00388695       0.99938960       0.99959842       0.00411078       0.00392307       0.99942778
      0.79750000       0.99961289       0.00398052       0.00379767       0.99944778       0.99965110       0.00401589       0.00383345       0.99948557
      0.80000000       0.99966385       0.00388802       0.00371033       0.99950372       0.99970164       0.00392304       0.00374576       0.99954110
      0.80250000       0.99971273       0.00379749       0.00362485       0.99955748       0.99975011       0.00383216       0.00365993       0.99959444
      0.80500000       0.99975960       0.00370886       0.00354117       0.99960912       0.99979656       0.00374318       0.00357590       0.99964567
      0.80750000       0.99980453       0.00362209       0.00345925       0.99965871       0.99984107       0.00365605       0.00349361       0.99969485
      0.81000000       0.99984756       0.00353710       0.00337901       0.99970631       0.99988368       0.00357070       0.00341300       0.99974203
      0.81250000       0.99988877       0.00345384       0.00330040       0.99975197       0.99992446       0.00348709       0.00333403       0.99978728
      0.81500000       0.99992819       0.00337226       0.00322337       0.99979576       0.99996346       0.00340514       0.00325664       0.99983065
      0.81750000       0.99996590       0.00329231       0.00314788       0.99983773       0.00000073       0.00332482       0.00318077       0.99987220
      0.82000000       0.00000192       0.00321394       0.00307387       0.99987793       0.00003632       0.00324608       0.00310639       0.99991197
      0.82250000       0.00003632       0.00313709       0.00300130       0.99991641       0.00007028       0.00316886       0.00303344       0.99995003
      0.82500000       0.00006913       0.00306173       0.00293013       0.99995322       0.00010266       0.00309312       0.00296188       0.99998640
      0.82750000       0.00010041       0.00298781       0.00286031       0.99998840       0.00013351       0.00301882       0.00289167       0.00002115
      0.83000000       0.00013020       0.00291529       0.00279179       0.00002200       0.00016285       0.00294592       0.00282277       0.00005432
      0.83250000       0.00015853       0.00284413       0.00272456       0.00005406       0.00019074       0.00287437       0.00275515       0.00008595
      0.83500000       0.00018545       0.00277429       0.00265855       0.00008462       0.00021722       0.00280414       0.00268875       0.00011607
      0.83750000       0.00021100       0.00270573       0.00259375       0.00011373       0.00024232       0.00273519       0.00262355       0.00014474
      0.84000000       0.00023520       0.00263841       0.00253011       0.00014141       0.00026608       0.00266748       0.00255952       0.00017198
      0.84250000       0.00025811       0.00257231       0.00246761       0.00016771       0.00028853       0.00260098       0.00249661       0.00019783
      0.84500000       0.00027974       0.00250739       0.00240621       0.00019266       0.00030972       0.00253566       0.00243480       0.00022234
      0.84750000       0.00030014       0.00244361       0.00234587       0.00021630       0.00032967       0.00247148       0.00237406       0.00024553
      0.85000000       0.00031934       0.00238095       0.00228658       0.00023865       0.00034841       0.00240842       0.00231436       0.00026744
      0.85250000       0.00033736       0.00231939       0.00222830       0.00025976       0.00036597       0.00234645       0.00225567       0.00028809
      0.85500000       0.00035424       0.00225888       0.00217101       0.00027964       0.00038239       0.00228553       0.00219797       0.00030753
      0.85750000       0.00037000       0.00219940       0.00211468       0.00029834       0.00039769       0.00222564       0.00214122       0.00032577
      0.86000000       0.00038467       0.00214093       0.00205929       0.00031588       0.00041191       0.00216676       0.00208541       0.00034285
      0.86250000       0.00039828       0.00208345       0.00200481       0.00033228       0.00042505       0.00210886       0.00203051       0.00035880
      0.86500000       0.00041085       0.00202692       0.00195121       0.00034757       0.00043716       0.00205192       0.00197649       0.00037364
      0.86750000       0.00042241       0.00197133       0.00189849       0.00036179       0.00044826       0.00199591       0.00192334       0.00038739
      0.87000000       0.00043298       0.00191665       0.00184661       0.00037494       0.00045836       0.00194080       0.00187103       0.00040008
      0.87250000       0.00044259       0.00186287       0.00179556       0.00038706       0.00046750       0.00188659       0.00181955       0.00041174
      0.87500000       0.00045125       0.00180995       0.00174531       0.00039817       0.00047569       0.00183325       0.00176887       0.00042239
      0.87750000       0.00045898       0.00175789       0.00169585       0.00040830       0.00048296       0.00178076       0.00171898       0.00043205
      0.88000000       0.00046582       0.00170666       0.00164716       0.00041745       0.00048932       0.00172910       0.00166985       0.00044074
      0.88250000       0.00047177       0.00165625       0.00159923       0.00042566       0.00049480       0.00167826       0.00162148       0.00044848
      0.88500000       0.00047686       0.00160663       0.00155203       0.00043295       0.00049941       0.00162821       0.00157384       0.00045530
      0.88750000       0.00048110       0.00155780       0.00150555       0.00043933       0.00050318       0.00157894       0.00152691       0.00046120
      0.89000000       0.00048452       0.00150973       0.00145977       0.00044481       0.00050612       0.00153043       0.00148069       0.00046622
      0.89250000       0.00048712       0.00146241       0.00141469       0.00044943       0.00050825       0.00148267       0.00143516       0.00047037
      0.89500000       0.00048893       0.00141583       0.00137028       0.00045320       0.00050958       0.00143564       0.00139031       0.00047366
      0.89750000       0.00048997       0.00136997       0.00132654       0.00045613       0.00051013       0.00138934       0.00134611       0.00047611
      0.90000000       0.00049024       0.00132481       0.00128344       0.00045824       0.00050992       0.00134374       0.00130257       0.00047775
      0.90250000       0.00048976       0.00128035       0.00124099       0.00045954       0.00050897       0.00129883       0.00125966       0.00047857
      0.90500000       0.00048856       0.00123657       0.00119916       0.00046006       0.00050728       0.00125460       0.00121738       0.00047861
      0.90750000       0.00048663       0.00119347       0.00115794       0.00045980       0.00050487       0.00121104       0.00117570       0.00047787
      0.91000000       0.00048400       0.00115102       0.00111733       0.00045878       0.00050175       0.00116814       0.00113464       0.00047637
      0.91250000       0.00048067       0.00110921       0.00107732       0.00045701       0.00049794       0.00112588       0.00109416       0.00047412
      0.91500000       0.00047667       0.00106805       0.00103789       0.00045451       0.00049345       0.00108426       0.00105427       0.00047114
      0.91750000       0.00047199       0.00102751       0.00099903       0.00045129       0.00048829       0.00104327       0.00101495       0.00046744
      0.92000000       0.00046666       0.00098760       0.00096074       0.00044735       0.00048247       0.00100289       0.00097619       0.00046302
      0.92250000       0.00046069       0.00094829       0.00092301       0.00044272       0.00047601       0.00096312       0.00093799       0.00045791
      0.92500000       0.00045408       0.00090958       0.00088582       0.00043741       0.00046891       0.00092395       0.00090034       0.00045211
      0.92750000       0.00044685       0.00087146       0.00084918       0.00043142       0.00046119       0.00088537       0.00086323       0.00044563
      0.93000000       0.00043900       0.00083393       0.00081307       0.00042476       0.00045285       0.00084737       0.00082665       0.00043849
      0.93250000       0.00043055       0.00079698       0.00077749       0.00041745       0.00044390       0.00080995       0.00079059       0.00043069
      0.93500000       0.00042150       0.00076059       0.00074243       0.00040950       0.00043437       0.00077310       0.00075506       0.00042225
      0.93750000       0.00041186       0.00072477       0.00070788       0.00040090       0.00042424       0.00073681       0.00072004       0.00041317
      0.94000000       0.00040165       0.00068951       0.00067385       0.00039169       0.00041354       0.00070107       0.00068553       0.00040346
      0.94250000       0.00039087       0.00065480       0.00064031       0.00038185       0.00040226       0.00066589       0.00065152       0.00039314
      0.94500000       0.00037953       0.00062063       0.00060728       0.00037140       0.00039043       0.00063125       0.00061801       0.00038220
      0.94750000       0.00036763       0.00058700       0.00057474       0.00036036       0.00037803       0.00059715       0.00058499       0.00037067
      0.95000000       0.00035519       0.00055391       0.00054268       0.00034871       0.00036510       0.00056359       0.00055245       0.00035853
      0.95250000       0.00034220       0.00052136       0.00051112       0.00033648       0.00035162       0.00053055       0.00052041       0.00034581
      0.95500000       0.00032869       0.00048933       0.00048003       0.00032367       0.00033761       0.00049805       0.00048884       0.00033251
      0.95750000       0.00031464       0.00045782       0.00044942       0.00031029       0.00032307       0.00046606       0.00045774       0.00031864
      0.96000000       0.00030008       0.00042683       0.00041928       0.00029634       0.00030801       0.00043460       0.00042712       0.00030420
      0.96250000       0.00028500       0.00039636       0.00038962       0.00028183       0.00029243       0.00040364       0.00039698       0.00028920
      0.96500000       0.00026941       0.00036640       0.00036042       0.00026676       0.00027634       0.00037321       0.00036729       0.00027364
      0.96750000       0.00025331       0.00033696       0.00033169       0.00025115       0.00025975       0.00034328       0.00033808       0.00025753
      0.97000000       0.00023672       0.00030802       0.00030343       0.00023498       0.00024266       0.00031386       0.00030932       0.00024088
      0.97250000       0.00021963       0.00027959       0.00027562       0.00021828       0.00022508       0.00028495       0.00028103       0.00022368
      0.97500000       0.00020204       0.00025166       0.00024828       0.00020104       0.00020700       0.00025654       0.00025320       0.00020595
      0.97750000       0.00018398       0.00022424       0.00022139       0.00018327       0.00018843       0.00022863       0.00022582       0.00018769
      0.98000000       0.00016542       0.00019732       0.00019497       0.00016498       0.00016939       0.00020123       0.00019891       0.00016890
      0.98250000       0.00014639       0.00017091       0.00016900       0.00014616       0.00014986       0.00017432       0.00017245       0.00014959
      0.98500000       0.00012689       0.00014499       0.00014348       0.00012682       0.00012986       0.00014792       0.00014644       0.00012976
      0.98750000       0.00010691       0.00011957       0.00011843       0.00010696       0.00010938       0.00012201       0.00012089       0.00010941
      0.99000000       0.00008646       0.00009465       0.00009383       0.00008659       0.00008844       0.00009661       0.00009580       0.00008855
      0.99250000       0.00006554       0.00007024       0.00006968       0.00006570       0.00006702       0.00007171       0.00007116       0.00006717
      0.99500000       0.00004416       0.00004632       0.00004600       0.00004431       0.00004515       0.00004730       0.00004699       0.00004529
      0.99750000       0.00002231       0.00002291       0.00002277       0.00002241       0.00002280       0.00002340       0.00002326       0.00002290
      1.00000000       0.00000225       0.00000227       0.00000226       0.00000226       0.00000230       0.00000232       0.00000231       0.00000231
