96   
18   

1    
  0.0000000000000000   0.0000000000000000  -0.0100000000000000
   0.0049766500    0.0051530500    0.2488305000
  -0.0008686600    0.0004662800   -0.0203468800
   0.0004728600   -0.0010297600    0.0116165300
   0.0003142200   -0.0002811200   -0.0092952000
  -0.0019602100    0.0007970300    0.0102550400
   0.0005603200   -0.0001604900   -0.0076477100
   0.0006369500    0.0009233800    0.0040384900
   0.0000422000   -0.0001752800   -0.0039430500
  -0.0062424500   -0.0387194500   -0.0169220000
  -0.0051071200    0.0190470900   -0.0196155300
   0.0002790200   -0.0035845500    0.0014619700
   0.0001240700    0.0032514900   -0.0026488800
   0.0013709300    0.0281490400   -0.0170042100
  -0.0051503800   -0.0182118800   -0.0196034100
   0.0001548400    0.0023035200    0.0014547600
   0.0017871200   -0.0024461900   -0.0026510100
  -0.0252342100   -0.0006529700   -0.0225878300
   0.0313306700    0.0020226900   -0.0226848200
   0.0361845700    0.0082837400   -0.0191307200
  -0.0205698000   -0.0033524000   -0.0191035200
  -0.0030286200   -0.0009278200   -0.0014386400
   0.0027128700   -0.0000338500   -0.0014195100
   0.0035729900   -0.0012932700    0.0003428900
  -0.0023764400    0.0011188200    0.0003827700
  -0.0012987900   -0.0008645700   -0.0090031700
   0.0053573000    0.0044936700    0.0296692100
   0.0006395700   -0.0014634700   -0.0096487100
  -0.0045559400    0.0121383600    0.0176688800
   0.0000966000    0.0000873300   -0.0090008800
   0.0077359000   -0.0048327400    0.0296308100
   0.0002351900    0.0012557600   -0.0096483800
   0.0045296700   -0.0032695900    0.0177695000
   0.0106771200   -0.0097766000   -0.0398236800
   0.0012018700   -0.0003264100    0.0105472300
   0.0048779400    0.0004772100   -0.0026096500
  -0.0065411700   -0.0021718100    0.0046259100
  -0.0008203100   -0.0030497900   -0.0013457100
   0.0010000100    0.0034589200    0.0019782000
   0.0009408900   -0.0006607100   -0.0013443500
  -0.0011860400    0.0005321500    0.0014909500
  -0.0044973100    0.0046537200   -0.0094396200
   0.0032769300   -0.0014498500    0.0065978900
  -0.0027384500    0.0002122600   -0.0030323000
   0.0014087700   -0.0002898700    0.0023903600
  -0.0059994000   -0.0010528500   -0.0245024500
   0.0027070000   -0.0008383100    0.0060282800
  -0.0005542800   -0.0016777000   -0.0038501700
   0.0006072400    0.0000307900    0.0029138900
   0.0034621800    0.0015775000    0.0097918600
   0.0037247200    0.0071317700   -0.0260367700
  -0.0024845200    0.0027936600    0.0035527400
   0.0050327400   -0.0024862300   -0.0007012100
   0.0010873600   -0.0016367900    0.0030992900
  -0.0004966400    0.0067028100   -0.0028685600
  -0.0004578000   -0.0005340800    0.0014186100
  -0.0002983700   -0.0003027200   -0.0025391000
   0.0020598100    0.0026683000    0.0052149300
  -0.0010622000   -0.0058343800   -0.0042048200
  -0.0009957000    0.0008545700    0.0012332200
   0.0012344500   -0.0015197900   -0.0005780300
   0.0013965000   -0.0010224200    0.0086400400
   0.0104596400   -0.0148008000   -0.0328237500
  -0.0035509900   -0.0027370600    0.0049821900
   0.0028068300    0.0025333900   -0.0029573400
   0.0028022300    0.0048501200   -0.0036415600
  -0.0015456300   -0.0012334500    0.0031398200
  -0.0000927700   -0.0004840400   -0.0032847400
  -0.0000033300   -0.0002641100    0.0019289400
  -0.0035151100    0.0019170600   -0.0225736400
  -0.0009359000    0.0011928500    0.0094129000
  -0.0031051500   -0.0012540800   -0.0041538400
   0.0018841000    0.0019403500    0.0048056400
  -0.0106865500   -0.0069203700   -0.0331410000
  -0.0004219200   -0.0015924000    0.0087779200
  -0.0044044300    0.0019946700   -0.0086435900
   0.0007065100   -0.0018175100    0.0048499300
   0.0021305800   -0.0035593700   -0.0031741000
  -0.0011953500    0.0010330000    0.0031126200
  -0.0004482200   -0.0004122600   -0.0018487900
  -0.0002247300    0.0001605400    0.0024869400
   0.0032722000    0.0010618800    0.0054914400
  -0.0074859600   -0.0016427100   -0.0078274100
   0.0015220000    0.0014608400    0.0105473100
  -0.0259301400    0.0102213300   -0.0216006400
   0.0009868800    0.0002499700    0.0018220200
  -0.0011724200    0.0004069200   -0.0011308100
   0.0007859900    0.0000255700    0.0024087000
  -0.0015871800   -0.0011222100   -0.0036997200
   0.0005471700    0.0003689100    0.0011057500
  -0.0003442600   -0.0014280100   -0.0023209300
  -0.0054193400    0.0049911900    0.0047818200
   0.0027101900   -0.0048627300   -0.0006543300
   0.0022689400   -0.0030213100    0.0023494600
  -0.0073692900    0.0048747300    0.0002613000
  -0.0035263800   -0.0052116200    0.0058013600
   0.0067965400    0.0084255000   -0.0010141500

1    
  0.0000000000000000   0.0000000000000000   0.0100000000000000
  -0.0057625700   -0.0061884000   -0.2498308500
   0.0009257900   -0.0004995100    0.0203825200
  -0.0004219000    0.0010154500   -0.0116213600
  -0.0002948500    0.0002730600    0.0093262500
   0.0019425200   -0.0007374100   -0.0102212400
  -0.0005442500    0.0001847500    0.0076660800
  -0.0005960800   -0.0009121200   -0.0040331800
  -0.0000168500    0.0001839300    0.0039627800
   0.0063824000    0.0390944600    0.0169586400
   0.0051156300   -0.0189020100    0.0195662300
  -0.0002650000    0.0035993000   -0.0014948100
  -0.0000897700   -0.0032409800    0.0026676300
  -0.0014711600   -0.0284359000    0.0168759900
   0.0052187000    0.0181365500    0.0195780700
  -0.0001178000   -0.0023111500   -0.0015021000
  -0.0017584600    0.0024490400    0.0026657800
   0.0255057000    0.0006984900    0.0227044400
  -0.0311363900   -0.0020500200    0.0226074900
  -0.0365354100   -0.0083892700    0.0192306900
   0.0204493200    0.0033967600    0.0192557400
   0.0030112400    0.0009424800    0.0014303000
  -0.0027238300    0.0000460400    0.0014493600
  -0.0035797100    0.0013197800   -0.0003724000
   0.0023529300   -0.0011183800   -0.0003327200
   0.0013126100    0.0008890300    0.0089915500
  -0.0054032200   -0.0045707400   -0.0296121000
  -0.0006929000    0.0015042400    0.0096461800
   0.0046138100   -0.0122548400   -0.0177246400
  -0.0001032600   -0.0001055600    0.0089936500
  -0.0078277900    0.0048858600   -0.0296496900
  -0.0002732000   -0.0012700500    0.0096464700
  -0.0043316300    0.0033647400   -0.0176248500
  -0.0123310100    0.0110007600    0.0424769600
  -0.0011088400    0.0003316800   -0.0105176900
  -0.0048559300   -0.0004478300    0.0026363400
   0.0065468300    0.0021989600   -0.0046190200
   0.0008378500    0.0030366100    0.0014007700
  -0.0009714100   -0.0034232900   -0.0019781000
  -0.0009266000    0.0006987200    0.0013644600
   0.0012040300   -0.0004969900   -0.0014857200
   0.0045314700   -0.0046405300    0.0094890100
  -0.0032487600    0.0014689200   -0.0066064600
   0.0027456200   -0.0001774700    0.0030178200
  -0.0014003400    0.0003240300   -0.0024106200
   0.0058122400    0.0005764500    0.0247518600
  -0.0026794500    0.0009000300   -0.0060460400
   0.0005761400    0.0017180100    0.0038430800
  -0.0005934100    0.0000125400   -0.0029368700
  -0.0035344000   -0.0016398900   -0.0097701600
  -0.0028593000   -0.0060516300    0.0247659700
   0.0024835800   -0.0028547600   -0.0035184800
  -0.0050900400    0.0024540300    0.0007218900
  -0.0010967700    0.0015843900   -0.0030374300
   0.0004748400   -0.0067430100    0.0029033400
   0.0004378500    0.0004971200   -0.0013715500
   0.0002625300    0.0002487700    0.0025566200
  -0.0020957200   -0.0027352000   -0.0052728200
   0.0010296900    0.0057607300    0.0041575100
   0.0009788100   -0.0009066900   -0.0012655000
  -0.0012716500    0.0014844700    0.0005214100
  -0.0014357000    0.0010161300   -0.0086969900
  -0.0094257800    0.0133012100    0.0312358600
   0.0035485700    0.0027210600   -0.0050262900
  -0.0028481700   -0.0025618800    0.0028853000
  -0.0027982100   -0.0048865400    0.0036150400
   0.0015594800    0.0011814600   -0.0031847700
   0.0001022400    0.0004410800    0.0032669700
   0.0000255300    0.0002149900   -0.0019819100
   0.0040162400   -0.0023034500    0.0228097500
   0.0009459900   -0.0012150400   -0.0094696200
   0.0030992300    0.0012355400    0.0041597000
  -0.0018684200   -0.0019978700   -0.0048706700
   0.0115541100    0.0075086900    0.0337724500
   0.0004202900    0.0015349500   -0.0087400000
   0.0044465900   -0.0020432300    0.0087390100
  -0.0006755300    0.0017797400   -0.0048289900
  -0.0020915600    0.0035121900    0.0032283400
   0.0012156700   -0.0010707300   -0.0030796200
   0.0004512200    0.0003599100    0.0019061200
   0.0002475400   -0.0002002800   -0.0024558200
  -0.0033075300   -0.0010176200   -0.0054802000
   0.0074261000    0.0016890500    0.0078131800
  -0.0015110400   -0.0014382200   -0.0105740600
   0.0249924600   -0.0098295700    0.0214080800
  -0.0010114200   -0.0002066300   -0.0018077300
   0.0011486700   -0.0003726500    0.0011374400
  -0.0008041300    0.0000156100   -0.0023895600
   0.0015595000    0.0011298500    0.0036824600
  -0.0005737100   -0.0003317600   -0.0011041300
   0.0003277900    0.0014750600    0.0023099800
   0.0054090500   -0.0049811000   -0.0047867900
  -0.0027112300    0.0049174100    0.0006122500
  -0.0023097100    0.0030692900   -0.0023577900
   0.0073696900   -0.0048227200   -0.0002862900
   0.0034988500    0.0053072700   -0.0057881100
  -0.0067351600   -0.0083077700    0.0009709300

1    
  0.0100000000000000   0.0000000000000000   0.0000000000000000
  -0.2479560900    0.0219786600   -0.0047874000
  -0.0101094400    0.0020132500    0.0008960600
   0.0254977100   -0.0003990700   -0.0004087100
   0.0082109400   -0.0010903600   -0.0003010500
  -0.0122901600    0.0006574900    0.0019597100
  -0.0029484400    0.0001393500   -0.0005466100
   0.0083027000   -0.0000099000   -0.0006085000
   0.0032768400   -0.0001538000   -0.0000246600
  -0.0311760100   -0.0037856200    0.0013751200
  -0.0191147800    0.0022434200   -0.0051557600
   0.0098730200   -0.0001421200    0.0001411900
   0.0097792000   -0.0003173400    0.0017436800
  -0.0311811300   -0.0021184600   -0.0063725400
  -0.0191071900   -0.0057089500   -0.0050846900
   0.0098706700   -0.0004851500    0.0002759100
   0.0097752600    0.0003031900    0.0000932100
   0.0185160600    0.0022521300    0.0312891100
   0.0184781900    0.0007841700   -0.0254559100
   0.0201651900    0.0040675200   -0.0204225200
   0.0201157300    0.0085040800    0.0362300300
   0.0009203000   -0.0000109300    0.0027230900
   0.0009179000    0.0005584000   -0.0030103400
   0.0006056600   -0.0004240500   -0.0023550000
   0.0006002300   -0.0009272800    0.0035784400
   0.0006563300    0.0027231800   -0.0001084100
   0.0193136200    0.0288820200   -0.0077878500
  -0.0003247900   -0.0026840900   -0.0002655700
   0.0216460800   -0.0344079900   -0.0044338000
   0.0006592800   -0.0027495800    0.0012958800
   0.0193248900   -0.0284568900   -0.0054026500
  -0.0003264600    0.0020642500   -0.0006781100
   0.0216860500    0.0187162300    0.0045931200
   0.0230528200   -0.0016219900   -0.0154280900
   0.0100530200    0.0023411200   -0.0082440800
  -0.0093100000   -0.0021303000    0.0007703700
  -0.0072749300   -0.0024040200    0.0033476100
   0.0022916800   -0.0007123100    0.0019179300
   0.0034544700    0.0018228200   -0.0012160800
  -0.0021227000   -0.0000375100    0.0002108300
  -0.0023681400   -0.0006118500    0.0008936500
   0.0076661700    0.0081049100    0.0033556800
   0.0030322400    0.0006247800    0.0021952700
  -0.0066896400   -0.0027020400   -0.0026860100
  -0.0020063900   -0.0005617400   -0.0006014400
   0.0209240800    0.0037953100    0.0037677500
   0.0033985000   -0.0002795200    0.0005832500
  -0.0089496700   -0.0005741300   -0.0019764400
  -0.0028395800   -0.0002517300   -0.0005916300
   0.0060373500   -0.0009660900   -0.0027789700
   0.0163645300    0.0027715900    0.0000355700
  -0.0031241900    0.0014347200    0.0014643400
  -0.0116183200    0.0025093400   -0.0014732500
   0.0015335800   -0.0007636000    0.0005160100
   0.0026166200    0.0042786200   -0.0002633600
  -0.0012124300    0.0000495600    0.0001442700
  -0.0033365700   -0.0016028600   -0.0008468000
   0.0014723800   -0.0000317000    0.0009318900
   0.0032196900   -0.0042116100    0.0004547600
  -0.0009629300    0.0001971000    0.0001419800
  -0.0045414600    0.0023130800   -0.0023610700
   0.0038443400    0.0005646200   -0.0044296200
   0.0190150000   -0.0086578300   -0.0084933400
  -0.0032125300   -0.0013059400    0.0014110500
  -0.0080178700   -0.0018784800   -0.0016772300
   0.0043142800   -0.0053812900   -0.0029289200
   0.0006616300   -0.0004025200    0.0007322100
  -0.0039199500    0.0023883000    0.0036709300
  -0.0010474100    0.0001035700   -0.0007202800
   0.0183437300    0.0040064200   -0.0051398800
   0.0015394100    0.0014001800    0.0046409000
  -0.0081330100   -0.0017435500    0.0021859000
  -0.0042522000   -0.0041723000   -0.0046450100
   0.0320210000    0.0105114500    0.0107800800
   0.0023679200   -0.0008976300    0.0040546000
  -0.0111024100    0.0014039300    0.0040702200
  -0.0035358800    0.0020611700   -0.0025040300
   0.0047120000    0.0050769100   -0.0001163400
   0.0011158400    0.0004919600    0.0003728600
  -0.0029051600   -0.0015785300    0.0014066700
  -0.0015508800   -0.0004340900   -0.0003295100
  -0.0039179600   -0.0013883300   -0.0044663600
  -0.0142766500   -0.0013187000    0.0010905200
   0.0015451700    0.0007340500    0.0045531700
   0.0723747900   -0.0228639700    0.0256062200
  -0.0011018600    0.0008396800   -0.0007269700
  -0.0035804400    0.0039217700    0.0002729700
   0.0010170000   -0.0005088700    0.0009706400
   0.0016129300   -0.0035987200   -0.0007621900
  -0.0022129800   -0.0004528300   -0.0000836400
  -0.0046211300   -0.0020088100    0.0046408400
   0.0028483700    0.0012907900    0.0005640400
   0.0036398000    0.0070044400   -0.0063289000
  -0.0051606100    0.0042206400   -0.0024266300
  -0.0076463400    0.0028555900    0.0035274600
   0.0014097600   -0.0048131300    0.0040078100
   0.0053948100   -0.0082656300   -0.0080286300

1    
 -0.0100000000000000   0.0000000000000000  -0.0000000000000000
   0.2502910200   -0.0242240300    0.0060409300
   0.0101656100   -0.0020201500   -0.0008987500
  -0.0254739800    0.0003520800    0.0004853200
  -0.0082096400    0.0010857900    0.0003075800
   0.0123343300   -0.0006365400   -0.0019425800
   0.0029784800   -0.0001364900    0.0005579500
  -0.0083014600    0.0000275400    0.0006245000
  -0.0032644400    0.0001602900    0.0000344100
   0.0312518000    0.0037032100   -0.0014676700
   0.0192245900   -0.0022843200    0.0052128300
  -0.0098809900    0.0001678900   -0.0001315800
  -0.0097793300    0.0003484600   -0.0018016900
   0.0312461800    0.0022295500    0.0062517700
   0.0192327200    0.0057699700    0.0051365000
  -0.0098833100    0.0004724900   -0.0002679800
  -0.0097831500   -0.0003159700   -0.0001206200
  -0.0185586700   -0.0022602200   -0.0311761700
  -0.0185948100   -0.0008196800    0.0252830200
  -0.0202043300   -0.0040810700    0.0205962900
  -0.0202543700   -0.0085480400   -0.0364889800
  -0.0009598500    0.0000159700   -0.0027132700
  -0.0009620200   -0.0005458500    0.0030294100
  -0.0006033200    0.0004318300    0.0023745000
  -0.0006089600    0.0009379900   -0.0035740500
  -0.0006978600   -0.0027245900    0.0000910600
  -0.0193830500   -0.0286536900    0.0077762600
   0.0003234200    0.0027001200    0.0002427600
  -0.0217818800    0.0347031500    0.0044272500
  -0.0006949400    0.0027566500   -0.0013159000
  -0.0193724200    0.0283095900    0.0053580000
   0.0003217100   -0.0020687200    0.0006541900
  -0.0217413400   -0.0188905700   -0.0045769700
  -0.0231876800    0.0019219900    0.0159714400
  -0.0100866200   -0.0023171400    0.0083215900
   0.0093567000    0.0021590300   -0.0007942800
   0.0073266800    0.0024563700   -0.0033203100
  -0.0022814100    0.0007329500   -0.0018975400
  -0.0034524100   -0.0017947600    0.0012342300
   0.0021564000    0.0000780400   -0.0002039300
   0.0023985100    0.0006544400   -0.0008830600
  -0.0077091100   -0.0080945400   -0.0034027900
  -0.0030272100   -0.0005886500   -0.0022225000
   0.0067281700    0.0027256800    0.0026697800
   0.0020408100    0.0005982700    0.0006007900
  -0.0212042400   -0.0042674900   -0.0036623600
  -0.0033921000    0.0003228400   -0.0005977500
   0.0090076300    0.0006486600    0.0019610100
   0.0028749600    0.0002953500    0.0005859600
  -0.0060642100    0.0009214500    0.0028343700
  -0.0161705200   -0.0024481100   -0.0004513700
   0.0031038800   -0.0014784700   -0.0014339600
   0.0116148800   -0.0025872900    0.0015588800
  -0.0015490900    0.0007178900   -0.0004698000
  -0.0026330500   -0.0043453800    0.0003010000
   0.0011901400   -0.0000891800   -0.0001058500
   0.0033186700    0.0015662800    0.0008843800
  -0.0014911000   -0.0000097500   -0.0009699800
  -0.0032348100    0.0041774900   -0.0004864500
   0.0009403900   -0.0002421500   -0.0001833100
   0.0045313400   -0.0023729000    0.0023322500
  -0.0038645300   -0.0005988400    0.0044017000
  -0.0187053000    0.0081453500    0.0078877000
   0.0031956300    0.0012738900   -0.0014582700
   0.0080152600    0.0018716200    0.0016490500
  -0.0042986200    0.0053531400    0.0028710200
  -0.0006346900    0.0003645200   -0.0007735900
   0.0039434200   -0.0024457900   -0.0037252400
   0.0010654700   -0.0001493700    0.0006865400
  -0.0173474200   -0.0047621800    0.0057397800
  -0.0015118800   -0.0014350800   -0.0046991700
   0.0081700700    0.0017356000   -0.0022569300
   0.0042796400    0.0041490000    0.0046209700
  -0.0307519700   -0.0093237000   -0.0096310400
  -0.0023471500    0.0008513200   -0.0040380500
   0.0111313300   -0.0014591000   -0.0040782600
   0.0035646700   -0.0021149400    0.0025632600
  -0.0046933400   -0.0051294500    0.0001553400
  -0.0010922200   -0.0005364800   -0.0003344400
   0.0029247700    0.0015445900   -0.0013729300
   0.0015735900    0.0003935000    0.0003722800
   0.0039088200    0.0014236000    0.0044790500
   0.0141451400    0.0012838700   -0.0010116800
  -0.0015786200   -0.0006943400   -0.0045421200
  -0.0767399200    0.0249145400   -0.0281085200
   0.0010889300   -0.0008030600    0.0007419700
   0.0035797900   -0.0039005400   -0.0002633400
  -0.0010458600    0.0005509300   -0.0009599500
  -0.0016542100    0.0036438000    0.0007622000
   0.0022114500    0.0004927500    0.0000700400
   0.0046228400    0.0020305100   -0.0046472200
  -0.0028852600   -0.0012488400   -0.0005691900
  -0.0036840500   -0.0069887600    0.0063456000
   0.0051757700   -0.0041923300    0.0024267600
   0.0076711700   -0.0028091600   -0.0035441000
  -0.0014613900    0.0048672600   -0.0040092700
  -0.0054526600    0.0083986100    0.0080713000

1    
 -0.0000000000000000  -0.0100000000000000  -0.0000000000000000
  -0.0237391300    0.2428486000    0.0054040500
  -0.0020236200    0.0089382700    0.0004897200
   0.0004018400    0.0096186500   -0.0010224900
   0.0011097000    0.0029002000   -0.0002723100
  -0.0005966300   -0.0229549800    0.0007557200
  -0.0001312900   -0.0061960500   -0.0001640700
   0.0000285000   -0.0076860600    0.0009279700
   0.0001697000   -0.0031945300   -0.0001739600
   0.0021882700   -0.0236388700   -0.0281595900
   0.0057753500   -0.0119703600    0.0181774100
   0.0004955800   -0.0008024200   -0.0023186800
  -0.0002938600   -0.0000320700    0.0024532600
   0.0037735100   -0.0237008000    0.0391601400
  -0.0022591900   -0.0119487800   -0.0190805100
   0.0001673400   -0.0007793400    0.0036012600
   0.0003469100   -0.0000099600   -0.0032680000
   0.0007659600    0.0257304600    0.0020257600
   0.0022344800    0.0257211700   -0.0006465500
   0.0086292200    0.0157152900   -0.0034324000
   0.0041263900    0.0157076600    0.0084516400
   0.0005572700   -0.0082443500   -0.0000190600
  -0.0000073500   -0.0082392100   -0.0009427100
  -0.0009667700   -0.0080884300    0.0011515700
  -0.0004491800   -0.0080951100   -0.0013198900
  -0.0027721500   -0.0009038200   -0.0001045700
  -0.0283236100   -0.0218842600    0.0048537400
   0.0020630500   -0.0006205400   -0.0012747100
   0.0187455000   -0.0124992200    0.0032449100
   0.0027269200   -0.0008873400    0.0008748500
   0.0289622400   -0.0219772200   -0.0045733400
  -0.0027179200   -0.0005960900    0.0014845100
  -0.0347749500   -0.0124140900   -0.0122774900
  -0.0022370100   -0.0208416600   -0.0037899900
  -0.0007785600   -0.0040065200   -0.0042370500
   0.0013807800   -0.0031541200    0.0006901600
  -0.0020484900   -0.0010768400   -0.0000959700
   0.0025912000    0.0097798200   -0.0002416300
   0.0013726800    0.0043360200    0.0012847800
   0.0002992400    0.0019592000   -0.0001938800
   0.0005207500    0.0014163000    0.0006129000
  -0.0041693500    0.0152724200    0.0011273200
  -0.0011103800    0.0021400700   -0.0025991800
   0.0045604100    0.0030065100    0.0014716400
   0.0007043900    0.0009739400   -0.0003976700
  -0.0054744500   -0.0337849600    0.0069366700
   0.0007052000   -0.0024138100    0.0020247400
  -0.0056393800   -0.0023596400   -0.0010059200
  -0.0011550300   -0.0010414800    0.0002961700
   0.0021316600   -0.0024787400    0.0059297800
  -0.0002076400   -0.0216387500   -0.0000127500
  -0.0007112100   -0.0002330700    0.0013062500
  -0.0038133700   -0.0006531800   -0.0019025700
  -0.0026838800    0.0048999400   -0.0041687500
  -0.0017612200    0.0083003500    0.0017434300
   0.0000558900    0.0009972200   -0.0008363000
   0.0031408600    0.0043167500    0.0028118300
   0.0010876300    0.0032868000    0.0020139100
   0.0004704400    0.0075894700   -0.0007955200
  -0.0003410300    0.0017814400    0.0003652000
  -0.0011664000    0.0035104500   -0.0009234000
  -0.0008771900   -0.0042302500   -0.0052753600
   0.0151031000   -0.0386245700   -0.0231036700
  -0.0006350600   -0.0029087900    0.0003515500
   0.0011445200   -0.0061283500    0.0010915400
   0.0016969000    0.0078635000    0.0015427200
   0.0011778200    0.0027453300   -0.0008357500
  -0.0017624800    0.0032513700    0.0016262900
  -0.0001566700    0.0018048000    0.0000198100
   0.0047705800   -0.0267272000    0.0040759100
  -0.0020040500   -0.0027663400    0.0041680400
   0.0048005700   -0.0055229300   -0.0035587900
  -0.0003291500   -0.0035297300   -0.0004207800
  -0.0118425100   -0.0330199000   -0.0070345000
   0.0013791300   -0.0018341100   -0.0040664100
  -0.0042478900   -0.0008894200    0.0017145900
  -0.0010372600   -0.0005925300   -0.0001456200
  -0.0023012300    0.0086733800   -0.0023154600
  -0.0009745200    0.0021270900    0.0007759600
   0.0021449500    0.0036832700   -0.0024872300
   0.0003734600    0.0012843800    0.0003336700
  -0.0001551900   -0.0012646300   -0.0017103200
   0.0053987400   -0.0068305200   -0.0007076900
  -0.0001592300   -0.0012091500    0.0022664700
   0.0200405700   -0.0244978500    0.0076527700
  -0.0009525100    0.0015191200    0.0003135400
  -0.0024224400    0.0054779700    0.0013511300
  -0.0000482000    0.0016276300   -0.0000202600
  -0.0001838600    0.0085734400    0.0018623200
  -0.0000258700    0.0018409200    0.0005400200
   0.0030194000    0.0032193300   -0.0033324200
  -0.0045529900    0.0035880100    0.0029585600
  -0.0024748600    0.0050059800   -0.0021963400
  -0.0011183400   -0.0016433200   -0.0019080400
  -0.0053567200   -0.0018039000    0.0044852700
   0.0061792700   -0.0048596900   -0.0072138500
   0.0064533900   -0.0031026800    0.0077819600

1    
  0.0000000000000000   0.0100000000000000   0.0000000000000000
   0.0224085600   -0.2418909400   -0.0059053100
   0.0020095800   -0.0088605300   -0.0004765400
  -0.0003482600   -0.0095309000    0.0010228300
  -0.0010663100   -0.0028745400    0.0002816100
   0.0006976200    0.0229038600   -0.0007789600
   0.0001445100    0.0061444000    0.0001811800
  -0.0000091400    0.0076307300   -0.0009077600
  -0.0001444600    0.0031684200    0.0001853100
  -0.0021605900    0.0235614500    0.0284270700
  -0.0057047500    0.0118896700   -0.0181716200
  -0.0004619100    0.0007701400    0.0022958600
   0.0003253400    0.0000111600   -0.0024423300
  -0.0037163500    0.0235004600   -0.0386561000
   0.0022690300    0.0119113300    0.0188676600
  -0.0001428300    0.0007935500   -0.0035828900
  -0.0003189800    0.0000335200    0.0032245600
  -0.0008381800   -0.0255512200   -0.0020472700
  -0.0022780000   -0.0255599600    0.0007049500
  -0.0084232200   -0.0155281300    0.0033176900
  -0.0040227200   -0.0155361500   -0.0082218400
  -0.0005469700    0.0081720800    0.0000608600
   0.0000197200    0.0081772600    0.0009274300
   0.0008988000    0.0080377800   -0.0010858300
   0.0004068400    0.0080310800    0.0012932500
   0.0027343900    0.0008867500    0.0000882700
   0.0284452800    0.0218957600   -0.0048656800
  -0.0020699700    0.0005867200    0.0012508100
  -0.0188625700    0.0122404500   -0.0033904500
  -0.0027209900    0.0009032700   -0.0008791500
  -0.0285750000    0.0218021700    0.0044913100
   0.0026664600    0.0006116700   -0.0014833800
   0.0343388700    0.0123269400    0.0121179300
   0.0019545000    0.0212145500    0.0043388600
   0.0008248800    0.0040361600    0.0042027000
  -0.0013495600    0.0031681200   -0.0006762600
   0.0020536500    0.0011054800    0.0001063200
  -0.0025353500   -0.0097137800    0.0002234600
  -0.0013417400   -0.0042699200   -0.0012555100
  -0.0002829200   -0.0019102600    0.0002030000
  -0.0005047100   -0.0013717300   -0.0005913200
   0.0043173000   -0.0153821600   -0.0011957500
   0.0011303100   -0.0020740500    0.0025662600
  -0.0045180100   -0.0029396900   -0.0014795200
  -0.0006791500   -0.0009233500    0.0003800300
   0.0041584100    0.0313186800   -0.0061572400
  -0.0006773900    0.0024261000   -0.0020155700
   0.0056097900    0.0023684700    0.0009860800
   0.0011628900    0.0010677900   -0.0003045600
  -0.0021355100    0.0024354600   -0.0058602100
   0.0008771000    0.0225746500   -0.0010527000
   0.0006723000    0.0002045200   -0.0012506600
   0.0037073100    0.0006386600    0.0019234900
   0.0026334000   -0.0048957500    0.0041568100
   0.0017048500   -0.0082673200   -0.0016596500
  -0.0000741800   -0.0010369200    0.0008664900
  -0.0031241000   -0.0043282300   -0.0027352100
  -0.0010982700   -0.0032959700   -0.0020374000
  -0.0005200200   -0.0075670100    0.0007904100
   0.0003207700   -0.0018016600   -0.0004046900
   0.0011385800   -0.0035182500    0.0008798700
   0.0008493100    0.0041412900    0.0051912700
  -0.0143811100    0.0379542700    0.0219656400
   0.0006009100    0.0028319100   -0.0003791600
  -0.0011711100    0.0060265200   -0.0011254800
  -0.0017072800   -0.0078267100   -0.0016037500
  -0.0011497200   -0.0027611000    0.0007997300
   0.0017934400   -0.0032548600   -0.0016479100
   0.0001803100   -0.0018247100   -0.0000522000
  -0.0042799000    0.0263030300   -0.0037540300
   0.0020123600    0.0027016200   -0.0041947800
  -0.0047322100    0.0054117600    0.0034793800
   0.0003374700    0.0034437000    0.0003651200
   0.0131454400    0.0341518400    0.0080955400
  -0.0013549600    0.0017772200    0.0040715600
   0.0042021900    0.0008651300   -0.0016642200
   0.0010421600    0.0005593200    0.0001765200
   0.0022834300   -0.0086379600    0.0023224400
   0.0009878600   -0.0021581700   -0.0007253900
  -0.0021027700   -0.0037057400    0.0025051200
  -0.0003485500   -0.0013225100   -0.0002895200
   0.0001276800    0.0012941400    0.0017064400
  -0.0054069300    0.0068522700    0.0007178700
   0.0001385900    0.0012410400   -0.0022017700
  -0.0207607000    0.0248355800   -0.0079665300
   0.0009172400   -0.0014706500   -0.0003052700
   0.0023755600   -0.0054046600   -0.0013310100
   0.0000301800   -0.0015794600    0.0000263100
   0.0001921200   -0.0084808400   -0.0018078000
  -0.0000005500   -0.0017723700   -0.0005465700
  -0.0030282800   -0.0031392900    0.0033038300
   0.0045145500   -0.0034892900   -0.0029753200
   0.0024453000   -0.0048934200    0.0021880900
   0.0010963800    0.0016659700    0.0018911500
   0.0053111800    0.0018203200   -0.0044624200
  -0.0061347600    0.0048360800    0.0071327500
  -0.0064037300    0.0030879200   -0.0076966400

33   
  0.0000000000000000   0.0000000000000000  -0.0100000000000000
   0.0166130700   -0.0046307600   -0.0424835800
   0.0082749000   -0.0042168500    0.0105640700
  -0.0007759200    0.0006737400   -0.0026374600
  -0.0033254300   -0.0000944100    0.0046539800
  -0.0018935400   -0.0002151800   -0.0013798900
   0.0012295100    0.0012807800    0.0020054900
  -0.0001974500   -0.0001942700   -0.0013562200
  -0.0008774300    0.0006031500    0.0015040700
   0.0038000000   -0.0064440300   -0.0246260700
   0.0005997400   -0.0020410100    0.0060472400
  -0.0019711400    0.0010064000   -0.0038518100
  -0.0005738400   -0.0003055000    0.0029216300
   0.0034059000   -0.0011878900   -0.0094881600
   0.0022301600    0.0026068400    0.0066187200
  -0.0026732000   -0.0014779700   -0.0030441600
  -0.0005903000    0.0003951800    0.0023993700
   0.0010614700   -0.0007211000   -0.0078126300
  -0.0045141200   -0.0017178900    0.0055112300
   0.0263602700    0.0076182000   -0.0214953500
   0.0045678500    0.0022556900    0.0106055600
   0.0002671400    0.0013543100   -0.0011331600
  -0.0007472900    0.0003140800    0.0018254400
  -0.0007799600    0.0018487300   -0.0036892300
   0.0009577400   -0.0000232200    0.0024077700
   0.0024241300    0.0018913800    0.0023624600
  -0.0035520200   -0.0044807300    0.0002417300
  -0.0040134500    0.0071520200    0.0058160300
   0.0080493600   -0.0077692200   -0.0010555300
   0.0000630500   -0.0005386500    0.0011076300
  -0.0046763600    0.0033360800   -0.0023465600
  -0.0005716100   -0.0029656500    0.0048014300
   0.0063373000    0.0022034600   -0.0006532100
  -0.0703202400    0.0142166000    0.1495048100
   0.0009792000   -0.0004401900   -0.0056911100
   0.0009731500   -0.0000756000    0.0012910300
   0.0017790800    0.0002882400   -0.0018908000
  -0.0012295700   -0.0002799400    0.0022240100
   0.0000222500   -0.0008397900   -0.0012782500
  -0.0000018100    0.0003434000    0.0007971600
   0.0006335300   -0.0001757600   -0.0009215600
   0.0018206700    0.0097471300    0.0010347000
  -0.0018172900   -0.0008958400   -0.0027514100
   0.0011176000    0.0003634000    0.0012687900
  -0.0009171300   -0.0001171400   -0.0011705500
  -0.0031443900   -0.0130912800    0.0010303100
  -0.0013228900    0.0016394200   -0.0027495900
   0.0018670700    0.0000379100    0.0012685800
   0.0004468000    0.0006523700   -0.0011727300
  -0.0119450600   -0.0038633600   -0.0074371300
   0.0037125300    0.0050990000   -0.0058060500
   0.0037150600   -0.0034092800   -0.0019330000
  -0.0021999700    0.0007274600   -0.0007863800
   0.0000124900   -0.0003423100    0.0006610900
   0.0003342600   -0.0015148900   -0.0006489800
   0.0006226300    0.0006972000    0.0000303100
  -0.0005414400   -0.0003728200   -0.0003371400
  -0.0007882300   -0.0009593700   -0.0007681000
   0.0002162500    0.0007575000   -0.0002379900
   0.0013147600   -0.0013117100    0.0005065300
  -0.0007059500    0.0005005900   -0.0006288200
  -0.0021368100    0.0019475900   -0.0001538400
   0.0085646100   -0.0138577700   -0.0132916600
   0.0047307200    0.0052860100   -0.0058169000
  -0.0010214500   -0.0003627800   -0.0002599500
  -0.0031413900   -0.0010463000    0.0046327900
   0.0000204900   -0.0002512800   -0.0013149100
  -0.0003988900    0.0002949100    0.0021060800
   0.0004264500   -0.0007682700   -0.0019001800
   0.0037981900   -0.0033515500    0.0042765400
  -0.0006616700    0.0006912200   -0.0032682400
   0.0009430800    0.0028096500    0.0056580700
  -0.0004929800   -0.0010728300   -0.0034971500
   0.0161707300    0.0068433900    0.0053575900
  -0.0005731600   -0.0002433300   -0.0031431600
  -0.0019349600   -0.0012754500    0.0053814200
   0.0012380900    0.0003140200   -0.0038137200
   0.0002952600   -0.0010550600    0.0016650300
   0.0000712500   -0.0002003900   -0.0010734800
  -0.0000494700   -0.0001229800    0.0016046200
   0.0003185100    0.0002418500   -0.0013676800
  -0.0003110800    0.0006714300    0.0001916900
   0.0015868700   -0.0000859900    0.0002026400
   0.0045104200   -0.0020046600   -0.0260318000
  -0.0149424800    0.0025445400   -0.0265060600
   0.0002075000   -0.0000393700    0.0000332300
   0.0006500400   -0.0008648500    0.0000378700
  -0.0004836500    0.0001567900   -0.0005732200
  -0.0006677700   -0.0003545000   -0.0005662200
  -0.0002279800   -0.0002988300    0.0005722900
   0.0010751800    0.0002828300   -0.0010721200
   0.0014855900   -0.0077109900   -0.0011259700
  -0.0000077600    0.0016096000   -0.0015348100
   0.0006904200   -0.0001397000    0.0005739900
   0.0024063400   -0.0005490200   -0.0010774900
  -0.0007126400    0.0100726500   -0.0011181900
  -0.0005675100   -0.0010072000   -0.0015356400

33   
  0.0000000000000000   0.0000000000000000   0.0100000000000000
  -0.0148125900    0.0035131200    0.0398105000
  -0.0082915900    0.0042230000   -0.0104990700
   0.0007888500   -0.0006930000    0.0026083400
   0.0033426000    0.0001079300   -0.0045908700
   0.0019222900    0.0002497100    0.0013665100
  -0.0012210600   -0.0012598000   -0.0019509800
   0.0002170600    0.0002026000    0.0013530200
   0.0008995300   -0.0006012600   -0.0014734000
  -0.0036341300    0.0066324600    0.0246312800
  -0.0005818300    0.0019999200   -0.0060271400
   0.0019666500   -0.0009861200    0.0038419000
   0.0006033000    0.0002952500   -0.0029285000
  -0.0033529600    0.0011345100    0.0094415700
  -0.0021877700   -0.0025586800   -0.0065852700
   0.0026823100    0.0014730100    0.0030053900
   0.0006116900   -0.0003824700   -0.0024006900
  -0.0010398000    0.0007054200    0.0078280700
   0.0044318500    0.0016987100   -0.0054608700
  -0.0273106400   -0.0080002200    0.0215052600
  -0.0045280500   -0.0022130900   -0.0105158300
  -0.0002690800   -0.0013274300    0.0011354000
   0.0007220800   -0.0003049800   -0.0018043100
   0.0007447600   -0.0018216300    0.0036927100
  -0.0009728400    0.0000234100   -0.0023901500
  -0.0024291600   -0.0019074600   -0.0023447700
   0.0035197400    0.0044667000   -0.0003056600
   0.0040045200   -0.0071940400   -0.0057729500
  -0.0080502900    0.0077089800    0.0009299200
  -0.0000902400    0.0005478900   -0.0011027000
   0.0046118400   -0.0032998900    0.0022852800
   0.0005620700    0.0029681300   -0.0047672200
  -0.0063375000   -0.0021808500    0.0006132900
   0.0693593200   -0.0126979800   -0.1466959700
  -0.0009403700    0.0004837300    0.0056802100
  -0.0009418200    0.0001216600   -0.0012784600
  -0.0017432800   -0.0002461800    0.0018895900
   0.0012488200    0.0003102400   -0.0022035900
  -0.0000003400    0.0008661300    0.0012785100
   0.0000192800   -0.0003052300   -0.0007796200
  -0.0006099800    0.0002113700    0.0009271200
  -0.0017918400   -0.0096961400   -0.0009715500
   0.0018351300    0.0009441500    0.0027197300
  -0.0010867400   -0.0003284100   -0.0012702600
   0.0009356100    0.0001570400    0.0011501100
   0.0031421600    0.0130428200   -0.0009761200
   0.0013361900   -0.0016076800    0.0027215300
  -0.0018332500    0.0000061000   -0.0012703900
  -0.0004222100   -0.0006108200    0.0011478700
   0.0120376100    0.0038939500    0.0075244300
  -0.0036908400   -0.0050667400    0.0057880600
  -0.0037146700    0.0033370800    0.0019430900
   0.0021544500   -0.0007560500    0.0008379900
  -0.0000319600    0.0002918800   -0.0006221300
  -0.0003540800    0.0014496200    0.0006955600
  -0.0006425300   -0.0007329300    0.0000069500
   0.0005175200    0.0003263000    0.0003789600
   0.0007175900    0.0008663600    0.0006327600
  -0.0002351200   -0.0007929300    0.0002116400
  -0.0013345800    0.0012667400   -0.0005573000
   0.0006822900   -0.0005402700    0.0005929700
   0.0021174100   -0.0019933300    0.0001016200
  -0.0084602100    0.0135986700    0.0130314900
  -0.0046856600   -0.0052639200    0.0057307900
   0.0009852100    0.0003152400    0.0002263800
   0.0031574200    0.0010056600   -0.0046594900
   0.0000031700    0.0002141700    0.0012593500
   0.0004218600   -0.0003409200   -0.0021297100
  -0.0004075200    0.0007297700    0.0018566100
  -0.0037806300    0.0033082500   -0.0042440000
   0.0006888300   -0.0007354600    0.0032038000
  -0.0009114900   -0.0028486600   -0.0056967800
   0.0004972000    0.0010064800    0.0034261800
  -0.0161721900   -0.0068703800   -0.0051360000
   0.0005976900    0.0002102600    0.0031606200
   0.0020518900    0.0012256200   -0.0052728800
  -0.0012361700   -0.0003406700    0.0038447600
  -0.0002772000    0.0010018800   -0.0016147400
  -0.0000482200    0.0001522100    0.0011029300
   0.0000688600    0.0000763500   -0.0015547800
  -0.0002962600   -0.0002837900    0.0013956800
   0.0002903700   -0.0006311200   -0.0001835300
  -0.0015963500    0.0001319600   -0.0001726200
  -0.0046978200    0.0020691100    0.0264529900
   0.0146101800   -0.0024493600    0.0259792200
  -0.0002342900    0.0000733700   -0.0000282900
  -0.0006647400    0.0008957600   -0.0000237100
   0.0004606500   -0.0001211900    0.0005765700
   0.0006501900    0.0003851500    0.0005834700
   0.0002060700    0.0003394100   -0.0005868200
  -0.0010999300   -0.0002406900    0.0010672400
  -0.0014672900    0.0077340600    0.0010698800
  -0.0000178900   -0.0015488100    0.0015250800
  -0.0007046300    0.0001801900   -0.0005851000
  -0.0024048100    0.0005800600    0.0010618200
   0.0006843200   -0.0100075100    0.0010779100
   0.0005380400    0.0010285100    0.0015242900

33   
  0.0100000000000000   0.0000000000000000   0.0000000000000000
   0.0232619600    0.0018911200   -0.0120511200
   0.0100728100    0.0008015400   -0.0011364200
  -0.0093007000   -0.0013528800   -0.0048213900
  -0.0072641300    0.0020432300    0.0065048900
   0.0023113700   -0.0025447400    0.0008280100
   0.0034592300   -0.0013511100   -0.0009732500
  -0.0021325300   -0.0002931000   -0.0009197800
  -0.0023698200   -0.0005108400    0.0011969300
   0.0212279800    0.0052537000   -0.0058026900
   0.0034090900   -0.0006865600    0.0026729400
  -0.0089436500    0.0055853000   -0.0005742200
  -0.0028503600    0.0011566100    0.0005903500
   0.0077090100    0.0042024700   -0.0044873600
   0.0030383200    0.0011192000    0.0032407800
  -0.0066732000   -0.0045022100   -0.0027355200
  -0.0020137800   -0.0006858800    0.0013910000
  -0.0141961900    0.0054102700   -0.0074622100
  -0.0039045100   -0.0001367600    0.0032917200
   0.0724531400    0.0194852900   -0.0242948000
   0.0015209600   -0.0001619400    0.0014895400
  -0.0035696100   -0.0023912700   -0.0011490000
  -0.0010973600   -0.0009359600    0.0010040800
   0.0015966500   -0.0001702500   -0.0015627700
   0.0010121100   -0.0000368700    0.0007938600
  -0.0051624100   -0.0011109300   -0.0022929600
  -0.0076497700   -0.0053456100    0.0073780300
   0.0013912400    0.0061320000    0.0035042900
   0.0053213700    0.0064426900   -0.0067713000
  -0.0022085300   -0.0000071600   -0.0005690400
  -0.0046098700    0.0030269300    0.0003346300
   0.0028272400   -0.0045097700    0.0053871400
   0.0035957400   -0.0024529900   -0.0027094100
  -0.1865717100   -0.0519304300    0.0690747100
  -0.0016756700   -0.0005386000   -0.0009420400
   0.0068308100    0.0006733300   -0.0009465200
   0.0023241000   -0.0000716100   -0.0017472900
  -0.0017666800    0.0004118900    0.0012376700
  -0.0007860900   -0.0002922900   -0.0000046000
   0.0018192800    0.0013694800    0.0000155500
   0.0011248700    0.0004881500   -0.0006137700
  -0.0063244800    0.0020754300   -0.0031115100
  -0.0024057900   -0.0008571800   -0.0013338300
   0.0039116900    0.0000947400    0.0018378000
   0.0023380100    0.0004824900    0.0004298500
  -0.0062943900   -0.0019738300    0.0018286000
  -0.0024049100   -0.0001277900   -0.0018252800
   0.0039040900    0.0009278800    0.0010906800
   0.0023292500    0.0012695100   -0.0009250700
   0.0093437700    0.0027832500    0.0146114500
   0.0017219500    0.0025414700   -0.0044333000
   0.0063942200   -0.0078950700   -0.0056079800
  -0.0000721100   -0.0004043400    0.0012366100
  -0.0002968300    0.0004907200    0.0003146500
  -0.0001844700   -0.0004904400   -0.0002843100
   0.0002442900    0.0019722600   -0.0000459500
   0.0000498700    0.0002436100   -0.0000581200
   0.0030310300    0.0033839900    0.0056632100
  -0.0008954900    0.0010256900   -0.0010746100
   0.0001915700   -0.0015998400    0.0000208100
   0.0003494700   -0.0001360400    0.0000978300
   0.0001620300   -0.0020318900    0.0024660200
   0.0058164400   -0.0084243200   -0.0074430600
   0.0113633500    0.0120349700   -0.0118546200
   0.0001366800    0.0004282700    0.0009703200
   0.0029615400    0.0035622900   -0.0015370000
  -0.0004189200    0.0001994400    0.0003808400
  -0.0001424600   -0.0014196900    0.0006159700
   0.0005814400   -0.0003934000   -0.0008746600
   0.0062532800   -0.0080469200   -0.0016277000
  -0.0004391500    0.0000403900   -0.0013188300
   0.0043606800    0.0061556200    0.0065039200
   0.0003040000    0.0000541000   -0.0018926100
   0.0411440100    0.0141986000   -0.0140051000
  -0.0003693500   -0.0005166900    0.0003802100
   0.0197688700   -0.0066180500    0.0108007800
   0.0005284400   -0.0005803300   -0.0020603800
  -0.0005714000   -0.0000328200    0.0005506100
  -0.0000895900    0.0001555700   -0.0003238000
   0.0001766900    0.0010203600    0.0007444900
   0.0005439200    0.0007472100   -0.0010097100
   0.0042004400   -0.0007887100    0.0015955200
   0.0042049100   -0.0019173500   -0.0003042700
  -0.0065050600   -0.0028749900   -0.0147490200
  -0.0065230700    0.0015117400    0.0047008200
   0.0012688800    0.0002967900    0.0006615700
   0.0012701300   -0.0006814600    0.0002251400
  -0.0014322700    0.0011883900   -0.0006551600
  -0.0014274400    0.0010306400   -0.0004603000
   0.0032944500   -0.0002547400   -0.0006988700
   0.0024845200    0.0003783500   -0.0024191600
  -0.0062121700   -0.0038869700    0.0006685800
  -0.0013888700   -0.0000490400    0.0005495600
   0.0032949700   -0.0016079700    0.0002135700
   0.0024770500   -0.0005166700   -0.0010919500
  -0.0061787500    0.0100588600   -0.0014970300
  -0.0013896600    0.0003005200   -0.0000049100

33   
 -0.0100000000000000   0.0000000000000000  -0.0000000000000000
  -0.0229724500   -0.0023011300    0.0109311200
  -0.0100673000   -0.0008023600    0.0011736600
   0.0093663000    0.0013772500    0.0049128600
   0.0073383800   -0.0020594600   -0.0065838800
  -0.0022618700    0.0025818300   -0.0008308400
  -0.0034477800    0.0013633900    0.0009983300
   0.0021468400    0.0002899400    0.0009479800
   0.0023971200    0.0005141600   -0.0011934500
  -0.0208955600   -0.0043542600    0.0060078600
  -0.0033815900    0.0006965500   -0.0027131900
   0.0090141500   -0.0056650600    0.0005558200
   0.0028646500   -0.0011611200   -0.0006103100
  -0.0076664400   -0.0042826100    0.0045419300
  -0.0030212000   -0.0011219000   -0.0032851200
   0.0067460000    0.0045765000    0.0027489000
   0.0020334500    0.0006976000   -0.0014182100
   0.0142233300   -0.0053945600    0.0074494900
   0.0039227100    0.0001462100   -0.0032882700
  -0.0766525100   -0.0213427400    0.0266588600
  -0.0016026400    0.0001364400   -0.0015434400
   0.0035904100    0.0024069000    0.0011721700
   0.0010954500    0.0009345500   -0.0009943200
  -0.0016698600    0.0002059900    0.0015835700
  -0.0010523000    0.0000418200   -0.0007961200
   0.0051744500    0.0011036000    0.0022854500
   0.0076693600    0.0053218200   -0.0073606700
  -0.0014800400   -0.0061823900   -0.0035202500
  -0.0055271200   -0.0064139100    0.0067593100
   0.0022165100    0.0000180700    0.0005516300
   0.0046350400   -0.0030205700   -0.0003369900
  -0.0029071900    0.0045575200   -0.0054416400
  -0.0037289900    0.0024667800    0.0027117200
   0.1897610900    0.0531969900   -0.0706166800
   0.0016918500    0.0005805900    0.0009777100
  -0.0068349600   -0.0006458000    0.0009684000
  -0.0023159400    0.0001143900    0.0017751100
   0.0017998800   -0.0003799300   -0.0012406100
   0.0008106100    0.0003333000    0.0000180000
  -0.0018118500   -0.0013453700   -0.0000053800
  -0.0011085700   -0.0004514000    0.0006297700
   0.0063338800   -0.0021925000    0.0031746000
   0.0024402000    0.0009025900    0.0013249900
  -0.0039053700   -0.0000348300   -0.0018626400
  -0.0023186800   -0.0004410500   -0.0004393400
   0.0063642700    0.0021551000   -0.0017839800
   0.0024410700    0.0001700500    0.0018270300
  -0.0039129100   -0.0009029800   -0.0011136700
  -0.0023274100   -0.0012462300    0.0009274700
  -0.0093314900   -0.0027553300   -0.0144592700
  -0.0017675900   -0.0026136200    0.0045038800
  -0.0064922600    0.0079787100    0.0057334900
   0.0000811900    0.0003654600   -0.0012126100
   0.0002704700   -0.0005338300   -0.0002806300
   0.0001506300    0.0004504800    0.0003346100
  -0.0002536300   -0.0020385100    0.0000834600
  -0.0000608700   -0.0002857500    0.0000992400
  -0.0030648500   -0.0034607000   -0.0057423900
   0.0008563500   -0.0010628300    0.0010433800
  -0.0001943600    0.0015782300   -0.0000592700
  -0.0003584200    0.0000923200   -0.0001344100
  -0.0002001700    0.0019891700   -0.0025090300
  -0.0058248200    0.0084189000    0.0074503700
  -0.0115721700   -0.0122811100    0.0120079200
  -0.0001399800   -0.0004752700   -0.0010252200
  -0.0029978300   -0.0036368100    0.0015549600
   0.0004345800   -0.0002397400   -0.0004206200
   0.0001900100    0.0013921500   -0.0006625600
  -0.0005563900    0.0003548300    0.0008408200
  -0.0062159900    0.0079550600    0.0015491400
   0.0004548900   -0.0000843900    0.0012895500
  -0.0043789100   -0.0062958000   -0.0066580100
  -0.0002694300   -0.0000851600    0.0018856600
  -0.0403802500   -0.0139449200    0.0137259600
   0.0003843700    0.0004777200   -0.0003321700
  -0.0200880300    0.0067302400   -0.0109587800
  -0.0004903200    0.0005421700    0.0021183100
   0.0005778800   -0.0000179800   -0.0005227100
   0.0001052300   -0.0001991600    0.0003663600
  -0.0001447300   -0.0010767100   -0.0007104400
  -0.0005226100   -0.0007936200    0.0010580100
  -0.0042543700    0.0008348700   -0.0015874300
  -0.0042499900    0.0019574200    0.0002971800
   0.0066378400    0.0029523200    0.0148000800
   0.0066187700   -0.0014635200   -0.0045045300
  -0.0013014300   -0.0002603700   -0.0006531800
  -0.0013002100    0.0007220500   -0.0002165700
   0.0014203000   -0.0011665200    0.0006628400
   0.0014252800   -0.0009966500    0.0004841700
  -0.0033466600    0.0003063400    0.0006959900
  -0.0025027600   -0.0003347900    0.0023919600
   0.0062577000    0.0038894700   -0.0007291300
   0.0013768900    0.0000776700   -0.0005560700
  -0.0033460800    0.0016475300   -0.0002206400
  -0.0025101100    0.0005563600    0.0010830000
   0.0062917300   -0.0100589800    0.0014555600
   0.0013760800   -0.0002551800    0.0000050600

33   
 -0.0000000000000000  -0.0100000000000000  -0.0000000000000000
   0.0019071000   -0.0210673800   -0.0105530700
  -0.0022868000   -0.0040254100   -0.0003103100
   0.0021396900   -0.0031690300    0.0004610800
   0.0024252900   -0.0010731000   -0.0021664500
   0.0007220500    0.0097208400   -0.0030145500
  -0.0017906800    0.0042851100    0.0034194300
   0.0000714700    0.0019361600   -0.0006685400
   0.0006429900    0.0013917800    0.0005161500
  -0.0033206200   -0.0312432000    0.0011429400
   0.0003150200   -0.0023979400    0.0008580600
   0.0006139800   -0.0023382100    0.0017051300
   0.0002822700   -0.0010433100   -0.0000194200
  -0.0081005000    0.0153362200   -0.0046611800
  -0.0006039400    0.0020860100    0.0014438900
   0.0027163200    0.0029509700   -0.0002130100
   0.0005919900    0.0009396800    0.0003015100
  -0.0012949300   -0.0068441300   -0.0016441400
  -0.0014063700   -0.0012668100    0.0010380800
  -0.0241149800   -0.0246593100    0.0101876200
   0.0006883400   -0.0012355900    0.0014375400
   0.0038691000    0.0054188700    0.0003915300
   0.0008040100    0.0014931800    0.0002351000
  -0.0036004100    0.0084939400   -0.0011087200
  -0.0005351900    0.0016049400    0.0000170400
   0.0041805200   -0.0016309600    0.0030253400
   0.0028124000   -0.0017786800   -0.0048529000
  -0.0048390300   -0.0047972200    0.0052176900
  -0.0083085900   -0.0030258700   -0.0083568400
  -0.0004883200    0.0017944000   -0.0003615600
  -0.0020276700    0.0031599000    0.0014602200
   0.0012795200    0.0035145100   -0.0049942700
   0.0070021000    0.0049265700    0.0048887700
   0.0518971400    0.1085874900    0.0131429200
   0.0005640100    0.0007170100   -0.0004535200
  -0.0006442700    0.0011462900   -0.0000967200
   0.0001030900    0.0007074900    0.0002727900
  -0.0003867400   -0.0047893500   -0.0002869100
   0.0003227000   -0.0009491000   -0.0008415800
  -0.0013374500   -0.0013752400    0.0003277700
  -0.0004573300   -0.0006063400   -0.0001863800
   0.0020564400   -0.0181266400    0.0129301500
   0.0001595000    0.0004163500   -0.0016188500
  -0.0009006300   -0.0000376500   -0.0000225300
  -0.0012446600   -0.0002068200   -0.0006335600
  -0.0021237100   -0.0183775000   -0.0098194500
   0.0008908700    0.0004293500    0.0009139900
  -0.0000501400   -0.0000271700   -0.0003522200
  -0.0004434800   -0.0002011200    0.0001283100
  -0.0064320900    0.0049878800   -0.0074365300
   0.0021710800    0.0044156700   -0.0023846400
  -0.0033547000    0.0069602300    0.0034531400
  -0.0000726200    0.0012962800    0.0003452100
   0.0007589400   -0.0028076400    0.0009871200
  -0.0001655100   -0.0020096100    0.0005609500
  -0.0001754600   -0.0019693700    0.0001172700
  -0.0005460200   -0.0012851400   -0.0003512900
  -0.0061667500   -0.0065428800   -0.0109077700
  -0.0005435300   -0.0000739200    0.0018140200
   0.0016526600   -0.0000845500   -0.0007182600
   0.0002438400   -0.0006050900    0.0004912700
   0.0025011000    0.0003224800    0.0027072700
   0.0017948200   -0.0029445100   -0.0024774200
  -0.0025829800   -0.0027206900    0.0024795500
  -0.0008519600    0.0006945500   -0.0009079800
  -0.0072438900   -0.0052141300    0.0059782300
   0.0000087000   -0.0001741700   -0.0014164000
   0.0018721400   -0.0006235500    0.0004523000
   0.0001876200   -0.0004632800   -0.0003289900
   0.0079724100   -0.0028466500   -0.0019657500
   0.0002055800    0.0001683700   -0.0000941500
  -0.0036928200   -0.0014531300   -0.0016981800
  -0.0003832200    0.0003763400    0.0002655100
  -0.0121337600    0.0063196300    0.0057760300
   0.0000770700    0.0008758600   -0.0013708600
   0.0042278700    0.0042164900   -0.0006457100
   0.0004300500    0.0012099700   -0.0000896600
   0.0005946300   -0.0037544000   -0.0000985000
  -0.0001128300   -0.0009289600   -0.0000808900
  -0.0001961300   -0.0022377400    0.0009429300
  -0.0004307200   -0.0013038900    0.0004841000
  -0.0019411000    0.0013659200   -0.0001031200
  -0.0008204000    0.0013672000    0.0006578900
   0.0014883600    0.0063148900    0.0024250300
  -0.0028852800    0.0063301200   -0.0019391900
  -0.0007065400   -0.0012044800   -0.0008684600
   0.0002682100   -0.0012071700   -0.0000512700
   0.0009982300   -0.0035756900   -0.0003562800
   0.0011546900   -0.0035846900    0.0001349600
  -0.0016264000    0.0003246500    0.0001526400
  -0.0005459000    0.0000433700    0.0005615000
   0.0099615300   -0.0117133500   -0.0099529500
   0.0002648200    0.0002110400    0.0010090400
  -0.0002876200    0.0003350100    0.0003126900
   0.0003385800    0.0000502400   -0.0002678000
  -0.0039519500   -0.0118504900    0.0077649000
  -0.0000742100    0.0002289500   -0.0015878400

33   
  0.0000000000000000   0.0100000000000000   0.0000000000000000
  -0.0016316200    0.0209865600    0.0102009500
   0.0023722400    0.0040178200    0.0003476900
  -0.0021499200    0.0031530500   -0.0004643900
  -0.0024354500    0.0011097900    0.0022044000
  -0.0007235000   -0.0097720100    0.0030722800
   0.0018272800   -0.0043207800   -0.0034635800
  -0.0000448800   -0.0019334800    0.0006909600
  -0.0006227100   -0.0013960600   -0.0005132300
   0.0047634600    0.0338592600   -0.0004746100
  -0.0002878700    0.0024421900   -0.0008800500
  -0.0006085900    0.0023900800   -0.0016908700
  -0.0002650700    0.0010666400   -0.0000012900
   0.0080990500   -0.0153171900    0.0046324300
   0.0006100000   -0.0021277500   -0.0014746800
  -0.0027115100   -0.0029956200    0.0001767400
  -0.0005680700   -0.0009582200   -0.0003123700
   0.0013064700    0.0068388700    0.0016878300
   0.0014056000    0.0012918500   -0.0010418900
   0.0236244500    0.0246716100   -0.0098600800
  -0.0007407900    0.0012150800   -0.0014617500
  -0.0039542100   -0.0054637400   -0.0003875800
  -0.0008384300   -0.0014971000   -0.0002217900
   0.0036427900   -0.0085601200    0.0011432700
   0.0005244700   -0.0016020700    0.0000070900
  -0.0042324600    0.0016788500   -0.0030651700
  -0.0028523800    0.0018461200    0.0048442200
   0.0048417900    0.0048989900   -0.0053013400
   0.0083557900    0.0031665200    0.0083754900
   0.0004574800   -0.0018190200    0.0003391900
   0.0020118400   -0.0031987600   -0.0014426200
  -0.0012600600   -0.0035628700    0.0049783900
  -0.0069915000   -0.0049727400   -0.0048918500
  -0.0532230100   -0.1115349500   -0.0137637100
  -0.0005553100   -0.0006887400    0.0004705100
   0.0006748500   -0.0011080600    0.0001004500
  -0.0000829900   -0.0006732300   -0.0002616300
   0.0004049300    0.0048519600    0.0003031700
  -0.0003029600    0.0010017800    0.0008643400
   0.0013773300    0.0014287600   -0.0003209200
   0.0004821900    0.0006529900    0.0002007100
  -0.0020722600    0.0184724900   -0.0132058600
  -0.0001383900   -0.0003931100    0.0016283600
   0.0009302400    0.0000637000    0.0000091900
   0.0012710300    0.0002443600    0.0006295600
   0.0021448600    0.0182220700    0.0096261200
  -0.0008690200   -0.0003799700   -0.0009261600
   0.0000793500    0.0000743700    0.0003394900
   0.0004800100    0.0002500500   -0.0001459000
   0.0064074900   -0.0051399400    0.0074869300
  -0.0021931200   -0.0044595900    0.0024200900
   0.0033105800   -0.0069803300   -0.0033963700
   0.0000599000   -0.0013546200   -0.0003009200
  -0.0007775300    0.0027885700   -0.0009452300
   0.0001566300    0.0019931900   -0.0005423200
   0.0001423400    0.0019524800   -0.0000710800
   0.0005202600    0.0012508100    0.0003853200
   0.0062393800    0.0066104700    0.0110580900
   0.0005353000    0.0000240500   -0.0018767000
  -0.0016945500    0.0000446000    0.0006854300
  -0.0002658100    0.0005595100   -0.0005344700
  -0.0025173400   -0.0003559600   -0.0027359800
  -0.0018909900    0.0030193200    0.0025444600
   0.0026592200    0.0027910300   -0.0026304900
   0.0008327600   -0.0007223600    0.0008688100
   0.0073726700    0.0052417400   -0.0061256600
   0.0000142000    0.0001284600    0.0013954800
  -0.0018739500    0.0005702800   -0.0005033300
  -0.0001717600    0.0004194000    0.0002927400
  -0.0079073400    0.0028070400    0.0018927100
  -0.0001893600   -0.0002036900    0.0000648900
   0.0037230700    0.0014447200    0.0016837100
   0.0004083300   -0.0004019400   -0.0003019400
   0.0120638000   -0.0065366400   -0.0057012100
  -0.0000610700   -0.0009303800    0.0014153500
  -0.0041091100   -0.0043269600    0.0007170700
  -0.0004055400   -0.0012731100    0.0001329500
  -0.0005590900    0.0037388600    0.0001384800
   0.0001367100    0.0009003300    0.0001245000
   0.0002059100    0.0022124600   -0.0009132400
   0.0004480700    0.0012706500   -0.0004433100
   0.0019335800   -0.0013388300    0.0001147500
   0.0008032400   -0.0013376200   -0.0006445700
  -0.0014868100   -0.0063165400   -0.0025688700
   0.0029420100   -0.0063007800    0.0021348200
   0.0006970000    0.0012578800    0.0008922400
  -0.0002889900    0.0012551900    0.0000613700
  -0.0010291400    0.0036475400    0.0003833500
  -0.0012002000    0.0036384600   -0.0001431200
   0.0016292400   -0.0002997800   -0.0001672800
   0.0005271000   -0.0000093300   -0.0005676300
  -0.0101580400    0.0119425000    0.0101283100
  -0.0002911000   -0.0001865900   -0.0010265700
   0.0002733800   -0.0002893200   -0.0003256100
  -0.0003745600   -0.0000024500    0.0002556300
   0.0038260700    0.0118055700   -0.0076814700
   0.0000526200   -0.0001685300    0.0015704100

49   
  0.0000000000000000   0.0000000000000000  -0.0100000000000000
   0.0028371200    0.0059255500    0.0097795100
  -0.0006453800    0.0000151300   -0.0247362400
  -0.0014406400    0.0012809700    0.0035303400
   0.0015545000   -0.0019211600   -0.0006804100
  -0.0004785900   -0.0041679000    0.0030724500
   0.0002698100    0.0017083300   -0.0028493700
  -0.0001142600   -0.0008537100    0.0013969700
   0.0008855000    0.0027811800   -0.0025372400
  -0.0087656600    0.0233233500   -0.0326655700
  -0.0043768300    0.0052033100    0.0086521900
  -0.0016316800   -0.0011045400   -0.0029443900
   0.0014433400   -0.0003675900    0.0050103700
   0.0004616900    0.0007839700   -0.0042139900
   0.0009575300   -0.0020134200    0.0052291100
  -0.0023284400    0.0009017600   -0.0005621900
   0.0001722000   -0.0003830500    0.0012505600
   0.0106265700   -0.0079166400   -0.0337218400
   0.0040071600   -0.0040356700    0.0087570400
   0.0040663100    0.0016927900   -0.0086927300
  -0.0025310300   -0.0001568600    0.0048470500
  -0.0001402200   -0.0023080500   -0.0032220700
   0.0003406400    0.0007475100    0.0031106700
   0.0013848600   -0.0025005100   -0.0018719900
  -0.0003583300    0.0003094600    0.0024803500
   0.0057603300   -0.0035817000   -0.0224718500
  -0.0047055600   -0.0042046500    0.0094431000
  -0.0022211200    0.0035262500   -0.0041620800
   0.0046293300    0.0003902100    0.0048277900
   0.0029035100   -0.0015797000   -0.0036073400
  -0.0007637100    0.0008202700    0.0031436100
  -0.0036944500   -0.0016333700   -0.0032724500
   0.0006953600   -0.0000331600    0.0019448100
  -0.0145885400   -0.0074723100   -0.0075007600
   0.0044710500   -0.0023817700   -0.0057807700
   0.0056645500    0.0034350500   -0.0019268300
  -0.0012009400    0.0003434900   -0.0008188600
  -0.0002853200    0.0009906500    0.0006505200
   0.0003238300    0.0005667100   -0.0006704700
   0.0000691500    0.0001120100    0.0000231000
   0.0000907200   -0.0003497800   -0.0003564000
  -0.0074279300    0.0025200900   -0.0131825000
   0.0024883700   -0.0026849200   -0.0001370200
   0.0010166600    0.0009095500   -0.0002405100
  -0.0119247600   -0.0025451300   -0.0057675900
  -0.0010465500   -0.0018332800   -0.0002240500
   0.0056801700    0.0109330400   -0.0007030400
   0.0001276100   -0.0004944700   -0.0006130000
   0.0000447500    0.0007222900    0.0005175500
   0.0199994100   -0.0227703900    0.1647582700
   0.0003001600    0.0003208500   -0.0076362800
   0.0002582400   -0.0003747400    0.0025010900
  -0.0005985500   -0.0000036100   -0.0022377100
  -0.0005980300    0.0002043100    0.0014681800
  -0.0000030400    0.0005932400   -0.0016449900
   0.0001867200    0.0001570400    0.0014189900
  -0.0000742500    0.0000951400   -0.0008988500
   0.0003998800   -0.0010118900    0.0107130400
  -0.0003229200    0.0000217900   -0.0028796600
  -0.0002758800    0.0000975600    0.0019816400
  -0.0002530600    0.0000677200   -0.0015189500
  -0.0023472000    0.0047567500    0.0106927700
   0.0005334300   -0.0006849700   -0.0028759000
   0.0003135400   -0.0001697900    0.0019825700
   0.0003517000   -0.0001403900   -0.0015180200
   0.0031568800    0.0042512200   -0.0011945200
   0.0007856300   -0.0030798800   -0.0016215500
  -0.0006917800    0.0007081000    0.0001339300
  -0.0010567500   -0.0008172400   -0.0008411500
  -0.0013484800   -0.0030525200   -0.0011810900
  -0.0022498900    0.0031964800   -0.0016136500
   0.0003634600   -0.0002183400    0.0001333500
   0.0002069700    0.0004773800   -0.0008446100
   0.0040494100   -0.0005372200   -0.0329707300
  -0.0074087100    0.0005303600   -0.0323037500
  -0.0004482300   -0.0000118000   -0.0002127200
   0.0001915500   -0.0005460100   -0.0002225800
   0.0001781900    0.0005095400    0.0001080400
  -0.0004996000    0.0001120900    0.0000957700
   0.0000466200    0.0001379200   -0.0002086500
   0.0000915800    0.0001102000   -0.0002122100
  -0.0139404900    0.0057869200    0.0051784900
   0.0003578000   -0.0013767500   -0.0031437400
   0.0108664600   -0.0006474500    0.0052996200
  -0.0021063300   -0.0000893100   -0.0038239800
   0.0005213900   -0.0001003100    0.0016447300
  -0.0003550500   -0.0000821000   -0.0010810900
   0.0007183700    0.0009466700    0.0015840200
  -0.0010457800    0.0004832500   -0.0013755400
   0.0015606700    0.0019332900    0.0042660400
   0.0013012900    0.0001029900   -0.0032516000
  -0.0066142100    0.0017130700    0.0056947200
   0.0018685000   -0.0002601400   -0.0034628400
   0.0015328800   -0.0060441600    0.0046522400
  -0.0004044000    0.0014142700   -0.0012925700
  -0.0006450200   -0.0004577100    0.0021096300
   0.0008442600    0.0003289300   -0.0018817600

49   
  0.0000000000000000   0.0000000000000000   0.0100000000000000
  -0.0027760200   -0.0058644200   -0.0097815600
  -0.0001647400   -0.0010286800    0.0260687500
   0.0014581900   -0.0012759800   -0.0035413000
  -0.0014779400    0.0019053500    0.0007425700
   0.0005071400    0.0041576700   -0.0030645300
  -0.0002941000   -0.0016946900    0.0029224000
   0.0001359800    0.0008490300   -0.0013938200
  -0.0008457400   -0.0027656200    0.0025596600
   0.0076228800   -0.0217526500    0.0313856500
   0.0044550000   -0.0052640000   -0.0086841900
   0.0016953200    0.0011128000    0.0028978400
  -0.0014263400    0.0003627700   -0.0049987000
  -0.0004795200   -0.0008020300    0.0041475600
  -0.0009440000    0.0020377800   -0.0052592600
   0.0023651500   -0.0009014700    0.0005380100
  -0.0001529700    0.0003865300   -0.0012489100
  -0.0097771800    0.0072088000    0.0331913700
  -0.0040862100    0.0041027700   -0.0087601700
  -0.0040829500   -0.0016866300    0.0086898300
   0.0025369900    0.0001658800   -0.0048322000
   0.0001321600    0.0023299000    0.0031799800
  -0.0003670200   -0.0007537300   -0.0030818900
  -0.0013949700    0.0024915600    0.0018837300
   0.0003438400   -0.0003134700   -0.0024627100
  -0.0051243300    0.0042494600    0.0229071200
   0.0046354900    0.0041580400   -0.0094394700
   0.0022221400   -0.0035125900    0.0041512000
  -0.0046370100   -0.0003954700   -0.0048493900
  -0.0028965000    0.0015662900    0.0036485800
   0.0007426600   -0.0008152800   -0.0031815200
   0.0037024000    0.0016401300    0.0032803800
  -0.0007115200    0.0000390700   -0.0019667100
   0.0144819900    0.0074519700    0.0074603500
  -0.0044660100    0.0024226000    0.0058128600
  -0.0056762100   -0.0034141100    0.0019493700
   0.0012486400   -0.0003027200    0.0008056100
   0.0003101500   -0.0009417500   -0.0006326100
  -0.0002948200   -0.0005365500    0.0006742900
  -0.0000600600   -0.0000762900   -0.0000002400
  -0.0000664000    0.0003869100    0.0003598500
   0.0074664100   -0.0025015000    0.0131389900
  -0.0024865700    0.0027582500    0.0001182400
  -0.0009785500   -0.0008672300    0.0002459400
   0.0119359100    0.0025645600    0.0057806400
   0.0010716200    0.0018571900    0.0002258000
  -0.0057260900   -0.0110325700    0.0006980500
  -0.0001043600    0.0005312000    0.0006090000
  -0.0000349400   -0.0006814100   -0.0005462000
  -0.0195640500    0.0223933300   -0.1644503500
  -0.0003338100   -0.0003639000    0.0076844000
  -0.0002956800    0.0003295000   -0.0024569800
   0.0005765200   -0.0000357300    0.0022782600
   0.0005800700   -0.0002418200   -0.0014263800
  -0.0000146400   -0.0006363800    0.0016861500
  -0.0002138900   -0.0002005600   -0.0013797900
   0.0000519800   -0.0001360700    0.0009377400
  -0.0004033200    0.0007431000   -0.0107783200
   0.0003024300   -0.0000497600    0.0028393700
   0.0002380100   -0.0001414200   -0.0020225400
   0.0002304700   -0.0001058700    0.0014802600
   0.0023095200   -0.0045243500   -0.0107986100
  -0.0005524400    0.0006327500    0.0028430500
  -0.0003437700    0.0001327200   -0.0020216000
  -0.0003754300    0.0000967400    0.0014811800
  -0.0031163500   -0.0042637200    0.0011640000
  -0.0007463900    0.0030425100    0.0015543600
   0.0007055400   -0.0007490800   -0.0001668600
   0.0010658100    0.0007757500    0.0007962700
   0.0013895600    0.0030234100    0.0011773200
   0.0022907700   -0.0032618000    0.0015623800
  -0.0003456100    0.0001744100   -0.0001675100
  -0.0002011000   -0.0005122600    0.0007928200
  -0.0038953400    0.0004705000    0.0323689200
   0.0075872000   -0.0005808500    0.0330362500
   0.0004555800   -0.0000288600    0.0002602500
  -0.0001792200    0.0004980000    0.0002503600
  -0.0001552900   -0.0005467700   -0.0000575200
   0.0005252300   -0.0001552200   -0.0000697200
  -0.0000301700   -0.0001787700    0.0002512000
  -0.0000752200   -0.0001530700    0.0002476200
   0.0137852900   -0.0056903300   -0.0053148200
  -0.0003545100    0.0014095600    0.0031601800
  -0.0108913800    0.0007154300   -0.0053548000
   0.0020723400    0.0001332200    0.0038344100
  -0.0005519000    0.0001367600   -0.0016349400
   0.0003351800    0.0001232800    0.0010953900
  -0.0007366800   -0.0009095200   -0.0015753800
   0.0010220800   -0.0004441300    0.0013879100
  -0.0016156200   -0.0019247200   -0.0042540300
  -0.0013070500   -0.0000560800    0.0032206900
   0.0065478800   -0.0016690700   -0.0056603000
  -0.0019098400    0.0003073100    0.0034605200
  -0.0015592900    0.0060591400   -0.0046399800
   0.0003972000   -0.0013977800    0.0012817700
   0.0006336100    0.0004976500   -0.0021260400
  -0.0008713200   -0.0002928800    0.0018752100

49   
  0.0100000000000000   0.0000000000000000   0.0000000000000000
   0.0060513200   -0.0021430800   -0.0034920000
   0.0161851700    0.0003441100   -0.0030455800
  -0.0031006200    0.0006912500    0.0024952900
  -0.0116144700    0.0037747500   -0.0050783100
   0.0015576600    0.0026623600   -0.0010832400
   0.0026224000    0.0017338200    0.0005121700
  -0.0011902200   -0.0000647200    0.0004566900
  -0.0033151700   -0.0031336300    0.0002823700
   0.0188100600   -0.0144856500    0.0096011800
   0.0038565000    0.0008750200    0.0014102200
  -0.0080099000   -0.0011560500    0.0028377300
  -0.0031901600    0.0006137600   -0.0035600600
   0.0032237300   -0.0005012900   -0.0010811900
   0.0014941300   -0.0010920700    0.0020788300
  -0.0045261900    0.0011582900    0.0012485000
  -0.0009379200    0.0003352000   -0.0009977100
   0.0319381900   -0.0130626700   -0.0116652100
   0.0023615200    0.0013579000   -0.0004093100
  -0.0111311900   -0.0042167700   -0.0043967500
  -0.0035704100   -0.0010391100    0.0006929600
   0.0047179600   -0.0022985400    0.0021053000
   0.0010964000   -0.0009816900   -0.0011994800
  -0.0029288000    0.0021175600   -0.0004412300
  -0.0015780800    0.0003628000   -0.0002298000
   0.0182132000    0.0049357000    0.0041579000
   0.0015253500   -0.0019953900    0.0009311800
  -0.0081628900    0.0047493500    0.0030854000
  -0.0042878800   -0.0003374500   -0.0018818700
   0.0043315000    0.0017007300   -0.0027934100
   0.0006404100    0.0011671800    0.0015500600
  -0.0039573800   -0.0017686100    0.0000864000
  -0.0010712200   -0.0001660200    0.0000091800
   0.0093156600    0.0064156000    0.0119314800
   0.0017591000   -0.0021655400   -0.0037026600
   0.0064471700    0.0033418800   -0.0037046900
  -0.0000735000    0.0000880900    0.0021923000
  -0.0002688900   -0.0007456900   -0.0000170100
  -0.0001528900    0.0001826700   -0.0003428300
   0.0002567600    0.0001781900   -0.0006266300
   0.0000651700    0.0005525500    0.0005364700
   0.0058345300   -0.0018284300    0.0085310700
   0.0001970400   -0.0024810200   -0.0021258400
   0.0001470500    0.0008617400   -0.0010144000
   0.0114843200    0.0026331100    0.0046919600
  -0.0008636900    0.0005572500    0.0002209500
   0.0030665600    0.0062425200   -0.0007588200
   0.0003641800   -0.0002357900   -0.0007018900
   0.0001970700   -0.0016656100    0.0013204200
  -0.1364672700    0.0209246700   -0.0196355500
  -0.0010662400   -0.0000078300   -0.0002988800
   0.0057317700   -0.0006557600   -0.0002631600
   0.0013945800   -0.0000472000    0.0006075600
  -0.0009685800   -0.0003547500    0.0006122500
  -0.0008211900    0.0000606600    0.0000126100
   0.0013102800    0.0000827500   -0.0001793500
   0.0005275100   -0.0001800800    0.0000824000
  -0.0101286400   -0.0026991200   -0.0023588400
  -0.0009276400   -0.0000187800    0.0005233200
   0.0032854900   -0.0001246200    0.0003096100
   0.0008986600   -0.0001099600    0.0003438500
  -0.0101338500    0.0023020000    0.0003797100
  -0.0009271000    0.0002999400   -0.0003346300
   0.0032836000    0.0002581300   -0.0002805800
   0.0008980700   -0.0001593600   -0.0002613200
  -0.0046486500   -0.0020835800    0.0013441100
  -0.0032153500    0.0014679500    0.0022580900
   0.0017556200    0.0001120100   -0.0003772600
   0.0026056500    0.0000708100   -0.0002210600
  -0.0046926100   -0.0028275600   -0.0031637400
  -0.0031956600    0.0011468200   -0.0007890800
   0.0017529100    0.0010513500    0.0006749600
   0.0026155000   -0.0011789400    0.0010517400
  -0.0067679100    0.0017147100   -0.0074298800
  -0.0067707700   -0.0018339000    0.0039366500
   0.0032202900   -0.0004743200    0.0002004500
   0.0032213200    0.0005479400   -0.0004226700
  -0.0008918000   -0.0008132200   -0.0004918200
  -0.0008911500    0.0001931300    0.0001833500
   0.0009126600   -0.0002495800    0.0001022300
   0.0009133100    0.0001942200    0.0000582200
   0.0411335500   -0.0122160400    0.0163462500
  -0.0003930800    0.0000902100   -0.0005799000
   0.0197790300    0.0041460100   -0.0019534800
   0.0005002700    0.0004383700    0.0012408400
  -0.0005908400    0.0006002300    0.0002935900
  -0.0001089800   -0.0001050600    0.0000645200
   0.0001552300   -0.0001802700   -0.0000510100
   0.0005238600   -0.0004211300    0.0003128500
   0.0062557900    0.0080037700   -0.0038116800
  -0.0004617400    0.0002170700    0.0006727600
   0.0043529700   -0.0036766400   -0.0009388300
   0.0002801700   -0.0003767400    0.0004907600
   0.0029776800   -0.0073033600    0.0031585800
  -0.0004405200    0.0000201000   -0.0000141700
  -0.0001669500    0.0018882100    0.0004038200
   0.0005620900    0.0001981800   -0.0004242400

49   
 -0.0100000000000000   0.0000000000000000  -0.0000000000000000
  -0.0060509500    0.0021249000    0.0035045600
  -0.0163450600   -0.0007345000    0.0035282300
   0.0031276700   -0.0006921000   -0.0024732600
   0.0116178400   -0.0037462600    0.0050456700
  -0.0015254800   -0.0026546400    0.0011012300
  -0.0026278100   -0.0017317100   -0.0004597800
   0.0012122500    0.0000659800   -0.0004389500
   0.0033402200    0.0031306500   -0.0002786300
  -0.0189048900    0.0149912600   -0.0102738500
  -0.0038530600   -0.0008518700   -0.0014218800
   0.0080230500    0.0011595800   -0.0028182000
   0.0032184100   -0.0006224800    0.0035398200
  -0.0032312700    0.0004885200    0.0010108400
  -0.0014697500    0.0010936500   -0.0020772200
   0.0045467300   -0.0011460700   -0.0012577700
   0.0009651700   -0.0003272900    0.0009767700
  -0.0308310300    0.0119261000    0.0105815000
  -0.0023534500   -0.0013764300    0.0004326900
   0.0111020700    0.0042329300    0.0044551900
   0.0035300200    0.0010403600   -0.0006894000
  -0.0046876700    0.0022857600   -0.0021172300
  -0.0011124000    0.0009807100    0.0012119400
   0.0029012700   -0.0021296600    0.0004584300
   0.0015464900   -0.0003597400    0.0002422100
  -0.0174729200   -0.0041189900   -0.0033782000
  -0.0015257200    0.0020217500   -0.0009505800
   0.0081392600   -0.0047826600   -0.0031198800
   0.0042437700    0.0003295300    0.0018710700
  -0.0042814500   -0.0017029500    0.0028071200
  -0.0006565100   -0.0011602900   -0.0015555500
   0.0039060700    0.0017866400   -0.0001088600
   0.0010417000    0.0001715500   -0.0000196400
  -0.0093598700   -0.0064245500   -0.0120504500
  -0.0017309100    0.0021983600    0.0037004000
  -0.0064391000   -0.0033229100    0.0037248300
   0.0000792500   -0.0000444300   -0.0021620700
   0.0002980400    0.0007908400    0.0000273800
   0.0001818800   -0.0001395000    0.0003454800
  -0.0002417100   -0.0001396800    0.0006384700
  -0.0000460500   -0.0005138100   -0.0005225500
  -0.0058068800    0.0018570700   -0.0084923900
  -0.0001655200    0.0025372300    0.0021281900
  -0.0001300900   -0.0008230500    0.0009920500
  -0.0114496100   -0.0026088100   -0.0047246300
   0.0008877800   -0.0005215400   -0.0002305900
  -0.0030298600   -0.0061629200    0.0007468000
  -0.0003442300    0.0002738700    0.0006862900
  -0.0001894500    0.0016813900   -0.0013290400
   0.1344745600   -0.0204571300    0.0199210400
   0.0010484500   -0.0000331200    0.0003352900
  -0.0057501700    0.0006255400    0.0002908600
  -0.0014141500    0.0000079500   -0.0005673800
   0.0009404400    0.0003227600   -0.0005657200
   0.0007988000   -0.0001021400    0.0000243300
  -0.0013288700   -0.0001254600    0.0002214300
  -0.0005457300    0.0001368100   -0.0000437000
   0.0101057500    0.0024452800    0.0022975800
   0.0009047600   -0.0000261900   -0.0005628500
  -0.0033029400    0.0000909600   -0.0003479200
  -0.0009159800    0.0000683700   -0.0003835700
   0.0101004600   -0.0020762500   -0.0004234200
   0.0009052800   -0.0003409000    0.0002904200
  -0.0033047500   -0.0003172000    0.0002327800
  -0.0009165900    0.0001170300    0.0002219300
   0.0047073000    0.0020604500   -0.0013940400
   0.0032090100   -0.0015007700   -0.0022825800
  -0.0017305500   -0.0001511300    0.0003317800
  -0.0025898700   -0.0001073100    0.0001869600
   0.0046633600    0.0027698500    0.0031093900
   0.0032285800   -0.0011935900    0.0007430500
  -0.0017332100   -0.0010987900   -0.0007222300
  -0.0025801600    0.0011161400   -0.0010709300
   0.0067425400   -0.0017595700    0.0075640800
   0.0067396600    0.0017935200   -0.0040062400
  -0.0032011000    0.0004360100   -0.0001705400
  -0.0032001900   -0.0005782600    0.0004809700
   0.0009086900    0.0007723700    0.0005328100
   0.0009093500   -0.0002327300   -0.0001502700
  -0.0008908100    0.0002073600   -0.0000647700
  -0.0008901500   -0.0002379400   -0.0000187500
  -0.0403911900    0.0119851500   -0.0160007300
   0.0003603400   -0.0000478800    0.0005910500
  -0.0200782400   -0.0041927700    0.0020343800
  -0.0005190000   -0.0003971800   -0.0012334100
   0.0005581500   -0.0005535000   -0.0002788800
   0.0000855300    0.0001444900   -0.0000549900
  -0.0001666600    0.0002219000    0.0000673500
  -0.0005431300    0.0004577100   -0.0003019700
  -0.0062141300   -0.0078757700    0.0037673500
   0.0004319500   -0.0001777900   -0.0006779000
  -0.0043869500    0.0037394800    0.0009156000
  -0.0002937900    0.0004150700   -0.0004994500
  -0.0029823200    0.0073125800   -0.0031402600
   0.0004126900    0.0000255700    0.0000030300
   0.0001649900   -0.0018577100   -0.0004171100
  -0.0005762000   -0.0001611000    0.0004096000

49   
 -0.0000000000000000  -0.0100000000000000  -0.0000000000000000
   0.0009520900   -0.0024778300    0.0015998200
  -0.0028911300   -0.0224489800    0.0070452900
  -0.0014494200   -0.0002183900    0.0028404300
  -0.0025270900   -0.0006558400   -0.0024526900
   0.0007466700    0.0048980100   -0.0015987500
  -0.0042737600    0.0082782800    0.0066866000
  -0.0000587600    0.0010211400   -0.0005047000
   0.0015909200    0.0043273000   -0.0002722100
   0.0079592300   -0.0378690800    0.0133388500
  -0.0005899800   -0.0041732000    0.0010184600
   0.0018823000   -0.0060775100   -0.0025608700
   0.0013032800   -0.0028651700    0.0027248900
   0.0042298500    0.0075763900    0.0058239800
   0.0000255700    0.0032875300   -0.0027098100
  -0.0023357500    0.0035100200    0.0014918700
  -0.0002103200    0.0017896100   -0.0008886000
   0.0104040100   -0.0340290700   -0.0075824400
  -0.0008791400   -0.0018251500   -0.0015503600
   0.0013976900   -0.0008894400    0.0020191300
   0.0020832100   -0.0005755800   -0.0017921600
   0.0050598000    0.0086563200   -0.0035020500
   0.0005013200    0.0021496900    0.0010560000
  -0.0015669900    0.0036967500   -0.0003790800
  -0.0004212500    0.0013072800    0.0001875800
   0.0047856700   -0.0262030700   -0.0017453500
   0.0014182100   -0.0027161400   -0.0012183700
  -0.0017537500   -0.0054507400    0.0012383800
  -0.0041663800   -0.0034779600   -0.0019724100
  -0.0054139100    0.0078398200   -0.0048959400
  -0.0003955300    0.0027516800    0.0012070800
   0.0024074500    0.0032451200    0.0004516400
   0.0001175500    0.0018123300    0.0002331300
  -0.0027351700    0.0051026300   -0.0038468700
  -0.0025777900    0.0044818900    0.0051111500
   0.0079811500    0.0070281800   -0.0033771100
   0.0003930500    0.0013443600    0.0007444600
  -0.0005051300   -0.0027825300   -0.0003131200
   0.0004744600   -0.0019779000   -0.0014660800
  -0.0019831000   -0.0019381000    0.0007161700
  -0.0002533700   -0.0012489800   -0.0003427300
   0.0084071500   -0.0029339200    0.0136694500
   0.0020181000    0.0003499100   -0.0019734600
  -0.0004444200    0.0007270800    0.0003303200
  -0.0121228500   -0.0027173500   -0.0052769400
  -0.0010368800   -0.0000209400   -0.0007879300
  -0.0033980900   -0.0065405100    0.0009009600
   0.0001262500   -0.0005628800   -0.0005275800
   0.0016118700   -0.0000343900    0.0012853600
  -0.0208688700    0.1851998200   -0.0222760300
  -0.0000196100    0.0010697900    0.0003623800
   0.0006335000    0.0018863800   -0.0003282900
   0.0000163100    0.0015739300    0.0000336400
   0.0003303000   -0.0093827300    0.0002377000
  -0.0000915500   -0.0012626700    0.0006340800
  -0.0001138900   -0.0015849200    0.0001989400
   0.0001479200   -0.0008751900    0.0001347300
  -0.0021877600   -0.0430631800   -0.0046112400
  -0.0003288900    0.0000017400    0.0006379000
  -0.0002968600   -0.0001913900    0.0001339800
   0.0001270000   -0.0003109900    0.0000973600
   0.0025752700   -0.0440512000    0.0008693500
  -0.0000147600    0.0000103700   -0.0000545500
   0.0000996300   -0.0001835200   -0.0001368900
   0.0000790100   -0.0003087100   -0.0001074100
  -0.0027924100   -0.0019415200    0.0030169000
   0.0011826800   -0.0010001900   -0.0032474300
   0.0010843700   -0.0002850600    0.0001754400
  -0.0011364100   -0.0004890500   -0.0005150900
  -0.0020646100   -0.0019287400   -0.0042846000
   0.0014977800   -0.0009869300    0.0030484600
   0.0001438300   -0.0002808900   -0.0007465300
   0.0000975900   -0.0004803700    0.0007730600
  -0.0018168800    0.0077624200    0.0006522100
   0.0017370200    0.0077715200   -0.0005686900
   0.0005794800    0.0017271800   -0.0005003700
  -0.0004473000    0.0017262600    0.0000245300
   0.0002237900   -0.0025244700    0.0001480000
  -0.0007821100   -0.0025252800    0.0005551200
   0.0002270000   -0.0012642000    0.0001502300
  -0.0002184300   -0.0012636400    0.0001782800
   0.0139945500    0.0065168500    0.0068373900
  -0.0005138100    0.0009242400   -0.0002224900
  -0.0066543400    0.0043179200   -0.0012575700
  -0.0005678100    0.0012586100    0.0003395600
  -0.0000100100   -0.0037297500   -0.0010214500
   0.0001663800   -0.0008958300   -0.0001720100
   0.0010309800   -0.0022025800   -0.0000949900
   0.0007582500   -0.0012658600    0.0002675600
  -0.0079923900   -0.0028103000    0.0033198500
   0.0000502600    0.0002024200   -0.0007169000
   0.0062051500   -0.0014305300   -0.0028278800
   0.0000622600    0.0004073200    0.0010308400
   0.0035859800   -0.0051921600    0.0010035500
   0.0002071100   -0.0001265300    0.0002257300
  -0.0014253300   -0.0005687800   -0.0003224300
  -0.0003862800   -0.0004203200    0.0007426100

49   
  0.0000000000000000   0.0100000000000000   0.0000000000000000
  -0.0009360900    0.0024365600   -0.0016174300
   0.0023293400    0.0217622200   -0.0061314300
   0.0014639300    0.0002196700   -0.0028082300
   0.0025694200    0.0006362800    0.0024881800
  -0.0007350800   -0.0048970300    0.0016226000
   0.0043504600   -0.0082882000   -0.0067599300
   0.0000794700   -0.0010128700    0.0005264400
  -0.0015776600   -0.0043170100    0.0002794200
  -0.0088462300    0.0387087000   -0.0147563500
   0.0005740100    0.0041984600   -0.0010202700
  -0.0018675000    0.0060777100    0.0025349800
  -0.0012764500    0.0028761900   -0.0027335700
  -0.0041590200   -0.0075787000   -0.0057712500
   0.0000039200   -0.0032948400    0.0026936600
   0.0023500100   -0.0035183000   -0.0015125300
   0.0002297400   -0.0017934700    0.0008724900
  -0.0094239900    0.0331419300    0.0068480300
   0.0008700700    0.0017862900    0.0015772300
  -0.0014647200    0.0008654900   -0.0020194600
  -0.0020929500    0.0005772500    0.0018057600
  -0.0051469200   -0.0086535700    0.0035698400
  -0.0005272200   -0.0021351700   -0.0010475200
   0.0015555000   -0.0036920700    0.0003926700
   0.0004067300   -0.0012990100   -0.0001729900
  -0.0039869800    0.0268272000    0.0024781500
  -0.0014172400    0.0027519000    0.0011898600
   0.0017245300    0.0054843600   -0.0012518500
   0.0041548600    0.0034964800    0.0019666100
   0.0053203500   -0.0078491600    0.0048408000
   0.0003713700   -0.0027544300   -0.0012077900
  -0.0024263600   -0.0032610200   -0.0004740900
  -0.0001361200   -0.0018167600   -0.0002458500
   0.0028022000   -0.0050248800    0.0039090500
   0.0025777300   -0.0043933600   -0.0050544700
  -0.0078923200   -0.0069123900    0.0033694100
  -0.0003768400   -0.0013063400   -0.0007389100
   0.0005194200    0.0028137400    0.0003209800
  -0.0004666000    0.0020249200    0.0014984600
   0.0020276100    0.0019837700   -0.0007140000
   0.0002759300    0.0012870400    0.0003563700
  -0.0084367800    0.0030306800   -0.0137857900
  -0.0020028600   -0.0003287000    0.0019672700
   0.0004591100   -0.0006898500   -0.0003475400
   0.0121915700    0.0027950500    0.0052731900
   0.0010516400    0.0000771400    0.0007624500
   0.0034465700    0.0066116600   -0.0009245900
  -0.0001022500    0.0006019900    0.0005133100
  -0.0015662700    0.0000948500   -0.0012930700
   0.0205114600   -0.1856944200    0.0228693400
   0.0000056200   -0.0011130400   -0.0003222600
  -0.0006479800   -0.0019374200    0.0003758800
  -0.0000388600   -0.0016156200    0.0000014900
  -0.0003472800    0.0093525700   -0.0002085600
   0.0000712400    0.0012218100   -0.0005955000
   0.0000943100    0.0015473600   -0.0001586600
  -0.0001689600    0.0008343800   -0.0000964800
   0.0021910400    0.0440490800    0.0046721500
   0.0003119100   -0.0000509200   -0.0006798800
   0.0002784100    0.0001457500   -0.0001685500
  -0.0001494000    0.0002658800   -0.0001397500
  -0.0025699900    0.0430594600   -0.0008865700
  -0.0000073200   -0.0000422300    0.0000170700
  -0.0001159700    0.0001536600    0.0001021100
  -0.0000993200    0.0002682400    0.0000662500
   0.0028048200    0.0018818000   -0.0030589700
  -0.0011575800    0.0009453300    0.0032106400
  -0.0010658500    0.0002419600   -0.0002172900
   0.0011586400    0.0004410600    0.0004745800
   0.0020791500    0.0018947100    0.0042300700
  -0.0014709200    0.0009587100   -0.0030738700
  -0.0001193700    0.0002461500    0.0007107300
  -0.0000805000    0.0004497900   -0.0008198900
   0.0018107000   -0.0078052000   -0.0004585300
  -0.0017371700   -0.0077961300    0.0004392200
  -0.0005468700   -0.0017740700    0.0005435900
   0.0004631500   -0.0017749900    0.0000074900
  -0.0002020500    0.0024836600   -0.0001192800
   0.0008034700    0.0024828900   -0.0005012200
  -0.0002051700    0.0012245400   -0.0001130500
   0.0002384800    0.0012250800   -0.0001384200
  -0.0141441800   -0.0063391900   -0.0068759000
   0.0004805900   -0.0008817900    0.0002312000
   0.0066924700   -0.0042253100    0.0012436900
   0.0005546900   -0.0012242500   -0.0003152800
   0.0000048900    0.0037634300    0.0010353500
  -0.0001883500    0.0009335500    0.0001805500
  -0.0010659900    0.0022476500    0.0001043000
  -0.0007825300    0.0013087300   -0.0002580700
   0.0080091600    0.0028429400   -0.0033399100
  -0.0000745500   -0.0001695700    0.0007097900
  -0.0062456500    0.0014673300    0.0028304300
  -0.0000767700   -0.0003709200   -0.0010484200
  -0.0036131100    0.0052630400   -0.0010482200
  -0.0002320600    0.0001762800   -0.0002396900
   0.0013865200    0.0006252700    0.0003134400
   0.0003620100    0.0004625400   -0.0007554000
