96   
18   

1    
  0.0000000000000000   0.0000000000000000  -0.0100000000000000
   0.0043106100   -0.0065569800    0.2544763100
  -0.0001538000   -0.0006707400   -0.0210409500
   0.0012842700    0.0009193600    0.0121936900
   0.0012132700    0.0001332100   -0.0092422800
  -0.0007658600   -0.0006061000    0.0096739100
   0.0014587200    0.0000577300   -0.0072280000
   0.0014603600   -0.0010602900    0.0039552900
   0.0009019900    0.0000513300   -0.0036682200
  -0.0047760300    0.0379162900   -0.0157431800
  -0.0042054800   -0.0195221200   -0.0191762400
   0.0013596600    0.0037079600    0.0012328900
   0.0008028500   -0.0035476600   -0.0027572000
   0.0021446400   -0.0268705800   -0.0158256400
  -0.0040518800    0.0179666300   -0.0191653500
   0.0010727200   -0.0026050800    0.0012250500
   0.0025146800    0.0024515400   -0.0027603000
  -0.0282996200    0.0006599800   -0.0239861500
   0.0320545400   -0.0025575700   -0.0241084100
   0.0362465700   -0.0093854100   -0.0198383200
  -0.0224660400    0.0039074400   -0.0198109100
  -0.0037425200    0.0008983000   -0.0011104800
   0.0017209900   -0.0001909500   -0.0010897100
   0.0022545500    0.0011318400    0.0004245000
  -0.0030411000   -0.0013466800    0.0004611000
  -0.0022486300    0.0007819500   -0.0091161600
   0.0045580500   -0.0046986500    0.0288460500
  -0.0003279100    0.0015223500   -0.0097455200
  -0.0051918200   -0.0117453100    0.0174303100
  -0.0007838200   -0.0002433200   -0.0091128000
   0.0064546000    0.0045292800    0.0288085700
  -0.0007813200   -0.0014120200   -0.0097454700
   0.0033405600    0.0023918300    0.0175292300
   0.0139514100    0.0131847200   -0.0440994100
   0.0011205900    0.0002171300    0.0112099600
   0.0051675500   -0.0005308200   -0.0025235700
  -0.0061260800    0.0020089900    0.0048980500
  -0.0004441500    0.0029013500   -0.0010751800
   0.0011619800   -0.0036147600    0.0020601600
   0.0011051700    0.0005470100   -0.0010722200
  -0.0008949400   -0.0007070000    0.0016111200
  -0.0040146100   -0.0046887200   -0.0090362300
   0.0036025200    0.0013927100    0.0063049800
  -0.0026711200   -0.0002936000   -0.0032803300
   0.0016347700    0.0001293500    0.0021175300
  -0.0060307000    0.0029814800   -0.0233318000
   0.0029849900    0.0007678600    0.0058789900
  -0.0000855000    0.0016974100   -0.0039977300
   0.0007961600   -0.0002022100    0.0027316600
   0.0031861500   -0.0014267000    0.0097490300
   0.0044928800   -0.0070794500   -0.0277276100
  -0.0027070400   -0.0026718700    0.0033805500
   0.0046975600    0.0030500700   -0.0007594500
   0.0006718400    0.0020005600    0.0028760600
  -0.0009654500   -0.0059912400   -0.0028788200
  -0.0007189400    0.0008491700    0.0012832500
  -0.0007282000    0.0006055800   -0.0025132400
   0.0016458200   -0.0026415000    0.0051368100
  -0.0015292800    0.0059139600   -0.0036961500
  -0.0013391000   -0.0006210600    0.0012583200
   0.0007846900    0.0018480100   -0.0004793200
   0.0010410400    0.0014085900    0.0087038200
   0.0103697400    0.0142465700   -0.0320794100
  -0.0039427100    0.0033295200    0.0050490700
   0.0023659200   -0.0022471800   -0.0028967100
   0.0030248900   -0.0042905600   -0.0034971800
  -0.0010968000    0.0015649900    0.0031016300
   0.0002462800    0.0007644100   -0.0030288800
   0.0004296600    0.0005340900    0.0019220100
  -0.0041073800   -0.0010340800   -0.0225637700
  -0.0006090800   -0.0009799300    0.0096331800
  -0.0027401900    0.0016640600   -0.0039586800
   0.0023276600   -0.0018328200    0.0048566700
  -0.0094338300    0.0057163300   -0.0320247300
  -0.0000935600    0.0019624200    0.0087606900
  -0.0045224900   -0.0020179800   -0.0090921800
   0.0011222400    0.0022639000    0.0047750900
   0.0024009500    0.0036129200   -0.0030090700
  -0.0008243500   -0.0008479700    0.0028552100
   0.0000318600    0.0006832500   -0.0018318500
   0.0001617100    0.0000898200    0.0023019000
   0.0031326600   -0.0012403200    0.0057028200
  -0.0079885700    0.0014643500   -0.0077225000
   0.0014484900   -0.0017189000    0.0114734300
  -0.0284541700   -0.0123629100   -0.0214951300
   0.0007360700   -0.0003913000    0.0019442200
  -0.0013076500   -0.0005041000   -0.0008688600
   0.0005008700   -0.0001034700    0.0024202600
  -0.0015285400    0.0007873200   -0.0030839200
   0.0002102200   -0.0005508100    0.0008778500
  -0.0002847700    0.0011659000   -0.0025590000
  -0.0054601300   -0.0048861300    0.0043231800
   0.0024733100    0.0046052900   -0.0010629200
   0.0019889900    0.0029764500    0.0021589200
  -0.0077712800   -0.0051884800    0.0001910100
  -0.0034939700    0.0050352100    0.0053485700
   0.0065802100   -0.0093124600   -0.0016357200

1    
  0.0000000000000000   0.0000000000000000   0.0100000000000000
  -0.0031137500    0.0076191200   -0.2552879000
   0.0019945500    0.0004384600    0.0213207000
   0.0005450200   -0.0011738800   -0.0119541200
   0.0005858100   -0.0003937200    0.0095174400
   0.0025375200    0.0002826500   -0.0093981100
   0.0003374500   -0.0003514300    0.0074898400
   0.0003575800    0.0007799700   -0.0037043800
   0.0009029400   -0.0003292900    0.0039317400
   0.0066935400   -0.0385239400    0.0155116200
   0.0059954800    0.0191103100    0.0188954300
   0.0004340300   -0.0039923400   -0.0015113800
   0.0010092000    0.0032681300    0.0025314500
  -0.0004629800    0.0268518300    0.0154283200
   0.0059020800   -0.0181648600    0.0189057500
   0.0007455100    0.0023454700   -0.0015193600
  -0.0007079200   -0.0027222000    0.0025292100
   0.0268348300   -0.0009783400    0.0243748700
  -0.0335921800    0.0023155000    0.0242520100
  -0.0383786400    0.0092301700    0.0201782000
   0.0205500800   -0.0042168800    0.0202030100
   0.0019442700   -0.0011817500    0.0013461900
  -0.0035132800   -0.0000902100    0.0013668900
  -0.0040419200   -0.0014268100   -0.0002056200
   0.0012372200    0.0010752100   -0.0001686700
   0.0004829700   -0.0010791500    0.0088571300
  -0.0063798400    0.0045007800   -0.0290380800
  -0.0015058800   -0.0018369900    0.0094956800
   0.0034604300    0.0115926000   -0.0177276400
  -0.0010033900   -0.0000031900    0.0088605700
  -0.0083262700   -0.0048452700   -0.0290746100
  -0.0010360200    0.0011586000    0.0094961500
  -0.0049371800   -0.0027539600   -0.0176301800
  -0.0152932700   -0.0148832500    0.0472525200
  -0.0005921500   -0.0005007000   -0.0107614800
  -0.0047148500    0.0002180900    0.0029737100
   0.0065670600   -0.0023233700   -0.0044711800
   0.0008935800   -0.0031747000    0.0015442700
  -0.0007015800    0.0032941000   -0.0016375600
  -0.0006580700   -0.0008700800    0.0015139300
   0.0013464200    0.0003862600   -0.0011843300
   0.0044848200    0.0043911100    0.0086532500
  -0.0031419400   -0.0016958900   -0.0067362500
   0.0031125800   -0.0000269500    0.0028441800
  -0.0011940300   -0.0004480500   -0.0025598400
   0.0062898900   -0.0027960800    0.0231546900
  -0.0025242800   -0.0011164000   -0.0063190600
   0.0005417600   -0.0020235100    0.0035696600
  -0.0003499800   -0.0001269400   -0.0031773900
  -0.0040331400    0.0020465700   -0.0098946500
  -0.0044159400    0.0064916600    0.0263131500
   0.0019287800    0.0032862900   -0.0035153600
  -0.0055268900   -0.0024638400    0.0006075400
  -0.0014572200   -0.0013939100   -0.0029859900
   0.0001679700    0.0065899800    0.0027403700
  -0.0000765600   -0.0002583600   -0.0014079800
  -0.0000822000    0.0000029000    0.0023603000
  -0.0024565500    0.0032635200   -0.0050213500
   0.0007207100   -0.0052923100    0.0038209400
   0.0005465100    0.0012271600   -0.0011192100
  -0.0015954300   -0.0012590700    0.0005948400
  -0.0018566000   -0.0008540200   -0.0085880500
  -0.0101659300   -0.0121672000    0.0307354700
   0.0031629300   -0.0027624500   -0.0049209800
  -0.0031782400    0.0028299600    0.0029973400
  -0.0022438100    0.0048787600    0.0036407400
   0.0018862400   -0.0009579000   -0.0029757400
   0.0005402900   -0.0001684700    0.0031789400
   0.0003689800    0.0000702000   -0.0018041100
   0.0053498800    0.0019639100    0.0229093900
   0.0013951600    0.0015526100   -0.0095155400
   0.0035116700   -0.0010930900    0.0041354500
  -0.0015348400    0.0024437600   -0.0047496900
   0.0110067400   -0.0057492300    0.0324474300
   0.0008661600   -0.0013495000   -0.0088914600
   0.0053371700    0.0026200200    0.0090159400
  -0.0003122600   -0.0016706800   -0.0049252900
  -0.0015891300   -0.0030084900    0.0028910100
   0.0016203700    0.0014379500   -0.0029940200
   0.0007482600   -0.0000769700    0.0017157700
   0.0006368900    0.0005030500   -0.0024415500
  -0.0036000200    0.0009102200   -0.0052678200
   0.0074989000   -0.0017970100    0.0081291800
  -0.0018645700    0.0014128800   -0.0110812000
   0.0270789300    0.0116480200    0.0217712800
  -0.0011924600    0.0000621900   -0.0015076000
   0.0008529600    0.0001872900    0.0012968200
  -0.0009520100   -0.0002234100   -0.0019787600
   0.0010694800   -0.0010824400    0.0034923600
  -0.0006686500    0.0002287100   -0.0012977600
  -0.0001636200   -0.0014979500    0.0021244400
   0.0050146800    0.0045863500   -0.0047481500
  -0.0029077400   -0.0049438200    0.0005997300
  -0.0024654700   -0.0033122600   -0.0025912200
   0.0073368700    0.0048467800   -0.0006407600
   0.0030313800   -0.0054157400   -0.0057537400
  -0.0069558600    0.0088991500    0.0011682500

1    
  0.0100000000000000   0.0000000000000000   0.0000000000000000
  -0.2485901200   -0.0321606600   -0.0030241700
  -0.0094276000   -0.0026582500    0.0011938500
   0.0273557400    0.0005402800   -0.0002076600
   0.0090768400    0.0010317300   -0.0001893700
  -0.0099905800   -0.0003843400    0.0017799200
  -0.0018153800   -0.0002035700   -0.0004333200
   0.0086301600   -0.0000215800   -0.0004228600
   0.0039444000    0.0001044500    0.0001268000
  -0.0288840600    0.0037956300    0.0011403500
  -0.0176990800   -0.0020808200   -0.0050662800
   0.0106435800    0.0003084100    0.0000472500
   0.0105132800    0.0004472900    0.0014597600
  -0.0288896000    0.0020654400   -0.0059131500
  -0.0176894200    0.0054258300   -0.0051924600
   0.0106405200    0.0003841500    0.0003456500
   0.0105083600   -0.0003520800   -0.0002374200
   0.0179862400   -0.0029222400    0.0330199700
   0.0179443400   -0.0013451700   -0.0275470100
   0.0202242400   -0.0048512400   -0.0212902200
   0.0201798400   -0.0098002600    0.0372994900
  -0.0000774200   -0.0000861000    0.0027421400
  -0.0000793900   -0.0006855200   -0.0027125900
  -0.0004956800    0.0003831800   -0.0020081200
  -0.0004994400    0.0009880300    0.0032715000
  -0.0003411200   -0.0028573400   -0.0002389300
   0.0166194900   -0.0282122400   -0.0075166000
  -0.0011615100    0.0029126900   -0.0002590900
   0.0192095300    0.0338809400   -0.0042660100
  -0.0003382100    0.0026501900    0.0012361000
   0.0166303300    0.0273188000   -0.0056121000
  -0.0011633800   -0.0023307300   -0.0007215000
   0.0192418300   -0.0179119600    0.0042126000
   0.0248828900    0.0040364000   -0.0188853500
   0.0105538100   -0.0025030200   -0.0087442400
  -0.0091521300    0.0020120300    0.0009612800
  -0.0068478300    0.0022701900    0.0036398300
   0.0024537800    0.0004921800    0.0017409800
   0.0033608100   -0.0019272000   -0.0008083700
  -0.0017814100   -0.0001488200    0.0003987700
  -0.0019798300    0.0004252700    0.0010457100
   0.0073832900   -0.0075078400    0.0028532900
   0.0032284000   -0.0007544400    0.0019359600
  -0.0062220200    0.0025680000   -0.0029376100
  -0.0017034200    0.0003326100   -0.0007812600
   0.0198250400   -0.0008825400    0.0037051900
   0.0036056500    0.0002485600    0.0003093500
  -0.0087791900    0.0002636800   -0.0022724700
  -0.0026374600    0.0001417200   -0.0007720200
   0.0057906000    0.0010725800   -0.0027521200
   0.0164648300   -0.0025596800   -0.0016902100
  -0.0035373200   -0.0012042200    0.0013401800
  -0.0123486000   -0.0025181200   -0.0014176000
   0.0009671000    0.0010346000    0.0003365700
   0.0020637300   -0.0037056700   -0.0002971300
  -0.0015219700    0.0002309600    0.0000002200
  -0.0034684600    0.0019499800   -0.0008062400
   0.0010201100    0.0001546700    0.0010016900
   0.0025964800    0.0041932600    0.0007363700
  -0.0012821500    0.0000620400    0.0002002800
  -0.0046083300   -0.0021158600   -0.0020978100
   0.0034671400   -0.0001748300   -0.0045205400
   0.0171730600    0.0076060900   -0.0077962100
  -0.0036635100    0.0018302800    0.0014784000
  -0.0080275100    0.0024076700   -0.0014479200
   0.0043338100    0.0051235500   -0.0026185900
   0.0009867100    0.0006483200    0.0007987200
  -0.0032581200   -0.0023092900    0.0034929400
  -0.0005407800    0.0000889800   -0.0005748800
   0.0188682500   -0.0045017500   -0.0034983700
   0.0017908000   -0.0011210400    0.0048093600
  -0.0075936400    0.0022962200    0.0021214200
  -0.0037043600    0.0048454900   -0.0045444400
   0.0317471800   -0.0088602800    0.0107894100
   0.0027547300    0.0011641000    0.0039642500
  -0.0108799000   -0.0014395300    0.0039637900
  -0.0031429000   -0.0020060600   -0.0025290300
   0.0045297500   -0.0045879200   -0.0004711400
   0.0014340800   -0.0002036600    0.0002272900
  -0.0022567300    0.0018736300    0.0012382100
  -0.0010729500    0.0007021100   -0.0003167000
  -0.0041287100    0.0013351100   -0.0041462200
  -0.0148856800    0.0015963800    0.0012826100
   0.0013162500   -0.0009701900    0.0049285100
   0.0748152200    0.0272030500    0.0269726100
  -0.0012787600   -0.0009803400   -0.0004548100
  -0.0035743600   -0.0040943400    0.0004987400
   0.0007371700    0.0003850900    0.0010698400
   0.0014217900    0.0032103000   -0.0002879000
  -0.0023486700    0.0002749700   -0.0002887900
  -0.0047492300    0.0019013800    0.0044031600
   0.0026660200   -0.0012885600    0.0001095500
   0.0032287200   -0.0068455400   -0.0059740400
  -0.0052712000   -0.0043422500   -0.0027634400
  -0.0079987200   -0.0029616800    0.0034275500
   0.0012079900    0.0046089000    0.0036273600
   0.0053639700    0.0085513900   -0.0079304700

1    
 -0.0100000000000000   0.0000000000000000  -0.0000000000000000
   0.2527841000    0.0344821200    0.0044901500
   0.0112657300    0.0023979200   -0.0009517700
  -0.0255477700   -0.0007560700    0.0005338100
  -0.0072955000   -0.0012959000    0.0004410300
   0.0118183200    0.0000942100   -0.0015202900
   0.0036255200   -0.0000677000    0.0006908800
  -0.0068503100   -0.0002658300    0.0006835400
  -0.0021515700   -0.0003806900    0.0001285800
   0.0307437300   -0.0039868100   -0.0014707700
   0.0195884100    0.0018565600    0.0048840600
  -0.0088714400   -0.0006064500   -0.0002833800
  -0.0087330800   -0.0007528000   -0.0017653600
   0.0307376600   -0.0024397400    0.0055532300
   0.0195984700   -0.0057554300    0.0050035500
  -0.0088744200   -0.0006373500   -0.0005833300
  -0.0087380400    0.0000961900   -0.0000338400
  -0.0197986800    0.0026646000   -0.0326218200
  -0.0198388000    0.0011210400    0.0275897700
  -0.0220534000    0.0045973200    0.0217284200
  -0.0220983100    0.0095833300   -0.0373223500
  -0.0017429200   -0.0001876200   -0.0024887300
  -0.0017450200    0.0004032200    0.0029776100
  -0.0012844000   -0.0006607600    0.0022733600
  -0.0012879800   -0.0012671700   -0.0030224400
  -0.0014815900    0.0025896000   -0.0000230000
  -0.0184957600    0.0277395700    0.0072624700
  -0.0006194800   -0.0032007500   -0.0000071400
  -0.0211040500   -0.0344301800    0.0040084000
  -0.0014786200   -0.0029248300   -0.0014995200
  -0.0184850500   -0.0274708600    0.0053238500
  -0.0006216900    0.0020676100    0.0004531900
  -0.0210710900    0.0178043800   -0.0044425500
  -0.0245669000   -0.0046808800    0.0199017600
  -0.0101570400    0.0021974700    0.0092469500
   0.0096320800   -0.0023243600   -0.0005658900
   0.0073324300   -0.0026092200   -0.0031885700
  -0.0020110600   -0.0007984800   -0.0013002200
  -0.0029258000    0.0016144600    0.0012478400
   0.0022474700   -0.0001772900    0.0000307200
   0.0024427500   -0.0007529300   -0.0006136300
  -0.0069828100    0.0072119000   -0.0033189100
  -0.0027930800    0.0004328400   -0.0023873300
   0.0066948900   -0.0028774800    0.0025011200
   0.0021705600   -0.0006533700    0.0003595800
  -0.0196247700    0.0010038600   -0.0040419500
  -0.0031681600   -0.0005778400   -0.0007459900
   0.0092753000   -0.0006260900    0.0018370800
   0.0031054100   -0.0004714100    0.0003436000
  -0.0065931200   -0.0004739500    0.0026351900
  -0.0170809100    0.0027708900    0.0011146200
   0.0027416500    0.0018024400   -0.0014817800
   0.0115694200    0.0031575100    0.0013368000
  -0.0017585500   -0.0004349400   -0.0004619600
  -0.0028564800    0.0043292100    0.0001630100
   0.0007241400    0.0003621500   -0.0001336200
   0.0026766600   -0.0013602700    0.0006736800
  -0.0018146400    0.0004408700   -0.0008682100
  -0.0033877100   -0.0036080900   -0.0005966000
   0.0004839300    0.0005373200   -0.0000702000
   0.0038214000    0.0027308700    0.0022401600
  -0.0042627100    0.0007624900    0.0046633000
  -0.0176718600   -0.0065642900    0.0074264600
   0.0028713200   -0.0012470900   -0.0013549100
   0.0072480300   -0.0018484800    0.0015916700
  -0.0035417500   -0.0045437400    0.0027342700
  -0.0001831200   -0.0000568900   -0.0006692100
   0.0040575400    0.0029206300   -0.0033741300
   0.0013340800    0.0005117000    0.0007116600
  -0.0171212600    0.0058405600    0.0042436000
  -0.0009860200    0.0017068800   -0.0046962000
   0.0084104700   -0.0017414000   -0.0020222600
   0.0045074800   -0.0042718600    0.0046918600
  -0.0297851900    0.0082390100   -0.0098740300
  -0.0019571200   -0.0005619000   -0.0041209100
   0.0116769200    0.0020489600   -0.0041426200
   0.0039472700    0.0026153300    0.0024168000
  -0.0037362000    0.0051990900    0.0003409500
  -0.0006345200    0.0008016900   -0.0003606600
   0.0030530000   -0.0012874400   -0.0013765700
   0.0018715800   -0.0001077800    0.0001872600
   0.0036893000   -0.0016569600    0.0045834300
   0.0143079200   -0.0018354500   -0.0007782800
  -0.0017824400    0.0006459400   -0.0044957700
  -0.0795748200   -0.0297602700   -0.0290895700
   0.0008328700    0.0006589100    0.0008917000
   0.0031418700    0.0037892400   -0.0000667500
  -0.0011989100   -0.0007121900   -0.0006372100
  -0.0018940400   -0.0035418700    0.0007127200
   0.0019147300   -0.0005994800   -0.0001467700
   0.0043194900   -0.0022074500   -0.0048331600
  -0.0031348100    0.0009614800   -0.0005377800
  -0.0037090100    0.0065366700    0.0055658600
   0.0048520000    0.0040273000    0.0023397100
   0.0075991400    0.0026294200   -0.0038709000
  -0.0016933100   -0.0049493600   -0.0040516700
  -0.0058579400   -0.0089772900    0.0075512600

1    
 -0.0000000000000000  -0.0100000000000000  -0.0000000000000000
   0.0334669100    0.2413517800   -0.0070954800
   0.0034060300    0.0098809900   -0.0004271900
   0.0002699800    0.0104236900    0.0011692200
  -0.0002528900    0.0032032200    0.0003901900
   0.0011716300   -0.0211994000   -0.0003317000
   0.0009637600   -0.0067967900    0.0003352400
   0.0007769400   -0.0082608900   -0.0007869600
   0.0006594900   -0.0037334400    0.0003183400
  -0.0013552700   -0.0246444200    0.0268655100
  -0.0046711300   -0.0128968700   -0.0181848700
   0.0003957200   -0.0010871600    0.0023404800
   0.0011296700   -0.0002924100   -0.0027027100
  -0.0029745400   -0.0245642800   -0.0381000500
   0.0028657400   -0.0129088900    0.0190852000
   0.0004445800   -0.0011092100   -0.0039623200
   0.0003036300   -0.0003144700    0.0032629800
  -0.0021624500    0.0277495800   -0.0023301500
  -0.0037062700    0.0277591500    0.0009796900
  -0.0104694000    0.0170716700    0.0041228300
  -0.0055571500    0.0170826400   -0.0090664500
  -0.0014290500   -0.0086977200    0.0000922300
  -0.0008339200   -0.0087026900    0.0011556100
   0.0002066200   -0.0085062700   -0.0010579500
  -0.0003872800   -0.0084991900    0.0013902100
   0.0018800700   -0.0012138800   -0.0000112100
   0.0265638700   -0.0226795400   -0.0048189900
  -0.0030907400   -0.0008850800    0.0011508500
  -0.0187993300   -0.0134995700   -0.0027625900
  -0.0036092900   -0.0012289700   -0.0010559200
  -0.0286781800   -0.0225757100    0.0044338900
   0.0021403000   -0.0009090400   -0.0018007000
   0.0330502400   -0.0135697300    0.0114696500
   0.0010023200   -0.0234540700    0.0070896000
   0.0007678900   -0.0043369900    0.0049813400
  -0.0012883000   -0.0037381800   -0.0005080900
   0.0024119200   -0.0014551800    0.0003152400
  -0.0022234200    0.0092653600    0.0004577200
  -0.0011424200    0.0042745800   -0.0010725400
  -0.0000705500    0.0018949200    0.0004304100
  -0.0002566200    0.0013144700   -0.0004252500
   0.0035112400    0.0133948700   -0.0010082700
   0.0014232800    0.0021634100    0.0024402200
  -0.0044078300    0.0030603200   -0.0018294700
  -0.0004709700    0.0008948000    0.0002266500
   0.0017291900   -0.0238259500   -0.0047572400
  -0.0005391300   -0.0027909700   -0.0023836700
   0.0062518200   -0.0025076300    0.0009311100
   0.0015105200   -0.0013498600   -0.0005369900
  -0.0024660600   -0.0022570000   -0.0061744900
   0.0013246300   -0.0243703300   -0.0032333700
   0.0003603500    0.0000692500   -0.0014172300
   0.0037551600   -0.0000987300    0.0018803700
   0.0021621800    0.0055556400    0.0040644800
   0.0011689800    0.0087340300   -0.0016330700
  -0.0004847300    0.0014737700    0.0008271400
  -0.0034371600    0.0049792500   -0.0026827100
  -0.0014733500    0.0039007800   -0.0019660100
  -0.0007908200    0.0080753600    0.0007093100
  -0.0000584400    0.0023462900   -0.0003579100
   0.0006890900    0.0040800800    0.0008655300
   0.0003549000   -0.0043432200    0.0055973600
  -0.0147217300   -0.0385190500    0.0228927700
   0.0003013100   -0.0031172100   -0.0002787000
  -0.0015209600   -0.0063446500   -0.0009170900
  -0.0011161900    0.0082365500   -0.0014094400
  -0.0007598000    0.0033281200    0.0008078000
   0.0020651200    0.0039248200   -0.0016196000
   0.0005970500    0.0023616700    0.0000060300
  -0.0045215600   -0.0262994500   -0.0041513600
   0.0025467800   -0.0027591500   -0.0044323900
  -0.0043113700   -0.0059441400    0.0037594200
   0.0007327200   -0.0037849400    0.0005857500
   0.0124571700   -0.0339740000    0.0073334800
  -0.0011003700   -0.0016811000    0.0042437400
   0.0050068300   -0.0003619900   -0.0017157000
   0.0015393500   -0.0002643900    0.0001465600
   0.0024287800    0.0091362500    0.0022006500
   0.0014366000    0.0026777600   -0.0008075500
  -0.0016621400    0.0042801200    0.0023843800
   0.0000605600    0.0018111200   -0.0003640600
  -0.0000322100   -0.0016208800    0.0019722500
  -0.0058651800   -0.0073147100    0.0008352600
  -0.0001033000   -0.0014160400   -0.0024002800
  -0.0238021700   -0.0270503000   -0.0086646100
   0.0007743100    0.0014534900   -0.0000650300
   0.0021866100    0.0055210800   -0.0011103900
  -0.0002064100    0.0015093600    0.0002557700
   0.0000665400    0.0078831100   -0.0015000900
  -0.0001357800    0.0017907400   -0.0007758100
  -0.0031843900    0.0031761900    0.0031808900
   0.0043271000    0.0035485300   -0.0031467500
   0.0021356500    0.0050122700    0.0018784800
   0.0010673700   -0.0017164300    0.0018490800
   0.0056626400   -0.0019508600   -0.0049545500
  -0.0067400600   -0.0053216100    0.0073480100
  -0.0066407900   -0.0029064300   -0.0082639600

1    
  0.0000000000000000   0.0100000000000000   0.0000000000000000
  -0.0331187200   -0.2421964900    0.0070506900
  -0.0016494300   -0.0102369400    0.0006834000
   0.0015656600   -0.0107891800   -0.0009240200
   0.0020754600   -0.0035005500   -0.0001358400
   0.0006933100    0.0209883900    0.0005574700
   0.0008282100    0.0065848900   -0.0000735800
   0.0010213100    0.0080527900    0.0010535700
   0.0011445400    0.0034947100   -0.0000621100
   0.0031515300    0.0244440400   -0.0268594800
   0.0065122900    0.0127063200    0.0179470500
   0.0014178200    0.0008522100   -0.0026108400
   0.0006818700    0.0000461400    0.0024707900
   0.0048088200    0.0245248900    0.0383423100
  -0.0010718900    0.0126940800   -0.0195474000
   0.0013598500    0.0008304300    0.0037378300
   0.0015045500    0.0000243000   -0.0035538000
   0.0003035900   -0.0282026100    0.0025436200
   0.0018798500   -0.0281924100   -0.0006579000
   0.0089137600   -0.0175446400   -0.0040023700
   0.0038908100   -0.0175337400    0.0095500300
  -0.0003405700    0.0085046900    0.0001931400
  -0.0009358400    0.0084994600   -0.0009238400
  -0.0020491500    0.0082917700    0.0013645100
  -0.0014314200    0.0082988200   -0.0011682200
  -0.0036959200    0.0009619900   -0.0002520200
  -0.0282296200    0.0223962200    0.0045567300
   0.0013070800    0.0006524600   -0.0014199300
   0.0169178900    0.0134814800    0.0023840700
   0.0018374600    0.0009470600    0.0008055800
   0.0272749200    0.0224991400   -0.0047673900
  -0.0039737700    0.0006287600    0.0015588300
  -0.0352644000    0.0134124500   -0.0118717100
  -0.0009099500    0.0227410800   -0.0060273500
  -0.0002816000    0.0040216700   -0.0045964900
   0.0017496800    0.0034423400    0.0009438900
  -0.0019790500    0.0011447700    0.0001182400
   0.0027106000   -0.0096196800   -0.0000468300
   0.0016065000   -0.0046280600    0.0015234900
   0.0005200900   -0.0022303700    0.0000002100
   0.0007066000   -0.0016453500    0.0008688000
  -0.0029522000   -0.0136059800    0.0005271000
  -0.0009698300   -0.0025160500   -0.0028945600
   0.0048829500   -0.0034140500    0.0013999500
   0.0009288100   -0.0012308100   -0.0006663600
  -0.0024281600    0.0257854400    0.0050219700
   0.0010008000    0.0024952500    0.0019725900
  -0.0058528300    0.0022132200   -0.0013737700
  -0.0010704900    0.0010383900    0.0001068800
   0.0016878900    0.0028553700    0.0060722700
  -0.0013922200    0.0238541000    0.0019289800
  -0.0011759500    0.0005127800    0.0013026500
  -0.0046400900    0.0006666100   -0.0020312000
  -0.0029876800   -0.0050109500   -0.0042470400
  -0.0019992400   -0.0082131300    0.0015414900
  -0.0003089600   -0.0008819600   -0.0009677000
   0.0026789000   -0.0044178400    0.0025882800
   0.0006878000   -0.0033407900    0.0021152300
  -0.0000304100   -0.0075424500   -0.0005474900
  -0.0007377800   -0.0017740000    0.0004903600
  -0.0014931200   -0.0035215300   -0.0007382200
  -0.0011573500    0.0049897300   -0.0055125500
   0.0147074800    0.0398559800   -0.0239338900
  -0.0011115700    0.0037518800    0.0004219000
   0.0007193300    0.0070055400    0.0010534400
   0.0018865400   -0.0077155600    0.0015220500
   0.0015633700   -0.0027601400   -0.0006729100
  -0.0012597900   -0.0033714000    0.0017688200
   0.0002017200   -0.0017895700    0.0001317300
   0.0058317400    0.0273262400    0.0046780800
  -0.0017634000    0.0033772100    0.0045801100
   0.0051613600    0.0066182200   -0.0036708300
   0.0000514100    0.0044299200   -0.0004716300
  -0.0103790700    0.0333016200   -0.0064552500
   0.0019007100    0.0022944500   -0.0044086500
  -0.0042840100    0.0009378400    0.0015934200
  -0.0007601100    0.0008514500   -0.0002870700
  -0.0016670700   -0.0086206400   -0.0023631900
  -0.0006486000   -0.0020957300    0.0006866100
   0.0024797000   -0.0037073000   -0.0025379200
   0.0007401000   -0.0012214200    0.0002366900
  -0.0004293400    0.0013078200   -0.0015547700
   0.0054192900    0.0070058900   -0.0004029400
  -0.0003475900    0.0011014800    0.0028950800
   0.0225522100    0.0263868600    0.0087037600
  -0.0012431800   -0.0017884100    0.0004954700
  -0.0026663600   -0.0058835800    0.0015529000
  -0.0002451500   -0.0018439300    0.0001729700
  -0.0004968200   -0.0082616000    0.0019711700
  -0.0003244400   -0.0021446900    0.0003480800
   0.0027420900   -0.0035420500   -0.0036313200
  -0.0047976500   -0.0039300200    0.0027079400
  -0.0025993600   -0.0054088300   -0.0023097700
  -0.0015249600    0.0014073800   -0.0022894600
  -0.0061452000    0.0016470400    0.0045575300
   0.0063565200    0.0050613100   -0.0078619600
   0.0062565500    0.0026280400    0.0079318100

33   
  0.0000000000000000   0.0000000000000000  -0.0100000000000000
   0.0212574600    0.0070810600   -0.0469266600
   0.0098730300    0.0046506300    0.0111420100
   0.0001319100   -0.0008491400   -0.0026419900
  -0.0025153900   -0.0000426600    0.0048390200
  -0.0006168900    0.0001000800   -0.0011937300
   0.0019210900   -0.0014430000    0.0019983200
   0.0007145200    0.0000764200   -0.0011714200
   0.0000701500   -0.0007820700    0.0015354000
   0.0048425500    0.0046476600   -0.0233524300
   0.0014252400    0.0020661700    0.0059861400
  -0.0011688700   -0.0012977600   -0.0039102100
   0.0003468300    0.0001941300    0.0028280600
   0.0039992700    0.0006531600   -0.0089902300
   0.0030714800   -0.0028262400    0.0064145400
  -0.0018262000    0.0014834300   -0.0032050400
   0.0003295700   -0.0005875200    0.0022149200
   0.0001542700    0.0004951400   -0.0077939700
  -0.0052942500    0.0016396200    0.0056325400
   0.0266475900   -0.0086050700   -0.0215183300
   0.0038437300   -0.0028063700    0.0114461200
  -0.0006073500   -0.0014799700   -0.0009584700
  -0.0015745300   -0.0004192200    0.0018589400
  -0.0014066100   -0.0018831200   -0.0031632700
  -0.0000436200   -0.0000930200    0.0023304600
   0.0016589000   -0.0021953900    0.0022613000
  -0.0045530600    0.0046274100    0.0002585700
  -0.0047334500   -0.0077168300    0.0054499400
   0.0068475700    0.0079927400   -0.0015918000
  -0.0008319000    0.0004229200    0.0009671800
  -0.0055397800   -0.0035590700   -0.0024945300
  -0.0012170900    0.0027918900    0.0044298700
   0.0048795400   -0.0022392000   -0.0009744300
  -0.0743261400   -0.0144319100    0.1583168800
   0.0013987200    0.0003825800   -0.0061472500
   0.0013456300    0.0000135400    0.0015084100
   0.0020202800   -0.0004477400   -0.0017274300
  -0.0008842400    0.0001236400    0.0020796500
   0.0002184500    0.0007057400   -0.0009516200
   0.0002037200   -0.0004905000    0.0009856300
   0.0008173100    0.0000433300   -0.0006618900
   0.0021573400   -0.0082053700    0.0013421000
  -0.0016009100    0.0007556200   -0.0029140700
   0.0013775700   -0.0005476500    0.0010860500
  -0.0007540500    0.0000047400   -0.0014057700
  -0.0027044600    0.0117301600    0.0013372500
  -0.0010516800   -0.0018611100   -0.0029124400
   0.0021401500   -0.0001723600    0.0010857800
   0.0006631300   -0.0008258300   -0.0014082700
  -0.0130829000    0.0045895600   -0.0081666300
   0.0032206100   -0.0050805300   -0.0058073000
   0.0032725800    0.0038542000   -0.0018616000
  -0.0026948500   -0.0006098600   -0.0008277600
  -0.0003630200    0.0006215600    0.0005268900
  -0.0000961500    0.0017367000   -0.0006154700
   0.0000938600   -0.0004373100   -0.0000530900
  -0.0008576800    0.0006725600   -0.0003710400
  -0.0011885600    0.0013665700   -0.0007227600
  -0.0002081900   -0.0005239400   -0.0001344100
   0.0008203800    0.0016232400    0.0005910600
  -0.0010224100   -0.0002531300   -0.0005069200
  -0.0024685200   -0.0017855000    0.0000161900
   0.0078236800    0.0151258700   -0.0132575700
   0.0044689900   -0.0057402200   -0.0058525400
  -0.0013354300    0.0007336400   -0.0000998300
  -0.0025421300    0.0014119800    0.0043420400
   0.0004122100    0.0005514900   -0.0011903300
   0.0000030500   -0.0000258900    0.0020889800
   0.0007987000    0.0010997500   -0.0017378800
   0.0040177600    0.0037755800    0.0042318000
  -0.0002878100   -0.0005204800   -0.0031946500
   0.0014425600   -0.0027417300    0.0055776600
  -0.0001637400    0.0014979800   -0.0034669100
   0.0175007200   -0.0069467900    0.0054224900
  -0.0001625900    0.0005588400   -0.0033250800
  -0.0015900600    0.0016080000    0.0055609900
   0.0016948400   -0.0000457100   -0.0040183900
   0.0005669300    0.0013028700    0.0014488700
   0.0004991000    0.0004839900   -0.0010946700
   0.0003119200    0.0003969400    0.0013559100
   0.0006829100    0.0000424600   -0.0013591500
  -0.0005368700   -0.0008917200    0.0004014800
   0.0013764700    0.0000251900    0.0004131800
   0.0045164600    0.0016424600   -0.0290901600
  -0.0165792000   -0.0027421900   -0.0296400900
  -0.0000174000   -0.0001068300    0.0002356800
   0.0003909900    0.0007248900    0.0002404200
  -0.0006339200   -0.0003599900   -0.0002142300
  -0.0007611900    0.0001901100   -0.0002071900
  -0.0004330900    0.0001567700    0.0003586600
   0.0008488900   -0.0004508100   -0.0013068400
   0.0008516500    0.0064629800   -0.0008994100
  -0.0002290500   -0.0017894200   -0.0016334000
   0.0005205800   -0.0000095800    0.0003607500
   0.0022221900    0.0004062700   -0.0013130700
  -0.0013658800   -0.0094563900   -0.0008903000
  -0.0008438800    0.0009818700   -0.0016342200

33   
  0.0000000000000000   0.0000000000000000   0.0100000000000000
  -0.0175570600   -0.0060527600    0.0444187900
  -0.0081193200   -0.0049263300   -0.0108290800
   0.0016593300    0.0006028100    0.0028559300
   0.0043119700   -0.0002391600   -0.0045305100
   0.0024237200   -0.0004040900    0.0014255000
  -0.0001350600    0.0011532700   -0.0016993200
   0.0010821300   -0.0003542200    0.0014146500
   0.0017293900    0.0005113500   -0.0012598400
  -0.0029088000   -0.0051153300    0.0231366500
   0.0003688600   -0.0022901600   -0.0062126400
   0.0029404500    0.0010065900    0.0036579700
   0.0014619700   -0.0004502300   -0.0030809800
  -0.0021739400   -0.0008821400    0.0087004200
  -0.0012526800    0.0025088000   -0.0066264500
   0.0036122700   -0.0017457300    0.0029206700
   0.0014696000    0.0003054100   -0.0024624300
  -0.0019054600   -0.0007431700    0.0080572700
   0.0034355700   -0.0018875200   -0.0053379000
  -0.0293700900    0.0087625700    0.0217390300
  -0.0055803600    0.0024893900   -0.0111083500
  -0.0011717800    0.0011832700    0.0012072300
  -0.0002279900    0.0001412500   -0.0015935400
  -0.0004058500    0.0015881700    0.0034140900
  -0.0017501700   -0.0001754000   -0.0020692100
  -0.0034435600    0.0019432600   -0.0024883400
   0.0027458500   -0.0048839000   -0.0005726000
   0.0029467800    0.0074923700   -0.0056511200
  -0.0086328900   -0.0082028400    0.0012137900
  -0.0009734400   -0.0007005500   -0.0012078000
   0.0036967500    0.0032528600    0.0021884600
  -0.0005691500   -0.0030618900   -0.0046406700
  -0.0066603100    0.0019485600    0.0006884500
   0.0737539300    0.0124303000   -0.1550531400
  -0.0009239300   -0.0007119700    0.0065574600
  -0.0008815100   -0.0003463200   -0.0010743800
  -0.0015524600    0.0001208700    0.0021480800
   0.0013361900   -0.0004386500   -0.0016397800
   0.0002356800   -0.0010164900    0.0013747400
   0.0002461300    0.0001678000   -0.0005466100
  -0.0003613100   -0.0003636900    0.0010899300
  -0.0016917800    0.0078895300   -0.0017054000
   0.0020510200   -0.0010894500    0.0024608800
  -0.0009146700    0.0002280100   -0.0015091200
   0.0012051700   -0.0003295300    0.0009640200
   0.0031378800   -0.0119847600   -0.0017104200
   0.0014974700    0.0015446100    0.0024624700
  -0.0016740700   -0.0001572900   -0.0015093200
  -0.0002058700    0.0004984200    0.0009614000
   0.0124207200   -0.0040740400    0.0080983500
  -0.0039791800    0.0056006900    0.0056240100
  -0.0040511400   -0.0032281500    0.0017023900
   0.0018722100    0.0011901600    0.0007104500
  -0.0004326300   -0.0000176400   -0.0006590700
  -0.0007002800   -0.0011169100    0.0004926600
  -0.0008897100    0.0010272200   -0.0000806100
   0.0000584700   -0.0000721200    0.0002427000
   0.0003437600   -0.0007160700    0.0007622600
  -0.0005866500    0.0011129200    0.0002802400
  -0.0016164100   -0.0010247000   -0.0004706800
   0.0002227800    0.0008461800    0.0006425400
   0.0016728500    0.0023851400    0.0001024300
  -0.0085002300   -0.0143018000    0.0131681000
  -0.0052013600    0.0062631400    0.0059412500
   0.0005233400   -0.0001311800    0.0002384500
   0.0033322600   -0.0008152800   -0.0041996100
   0.0003869600    0.0000390600    0.0013061700
   0.0007960300    0.0006256100   -0.0019421900
  -0.0000040900   -0.0005082100    0.0018660700
  -0.0032228700   -0.0031800600   -0.0040322300
   0.0010916100    0.0011183600    0.0033014900
  -0.0006351100    0.0033331400   -0.0054441300
   0.0009426600   -0.0008749200    0.0035654100
  -0.0167472200    0.0075321900   -0.0053618600
   0.0009634100    0.0000269700    0.0031721000
   0.0024936400   -0.0010025900   -0.0056168800
  -0.0009196300    0.0006245900    0.0038796200
   0.0002256200   -0.0006954200   -0.0015703600
   0.0002995800    0.0001179600    0.0009539800
   0.0004836500    0.0002035400   -0.0014780300
   0.0001150500    0.0005535200    0.0012171400
   0.0000837100    0.0005667100    0.0000287100
  -0.0018209200   -0.0003575300    0.0000402300
  -0.0051536600   -0.0019959800    0.0300114000
   0.0157849300    0.0023563700    0.0294619200
  -0.0004424300   -0.0002122000    0.0001914600
  -0.0008392800   -0.0010407700    0.0001961400
   0.0001773900    0.0000390500    0.0006407400
   0.0003113700   -0.0005059500    0.0006476900
  -0.0000215600   -0.0004816600   -0.0007955200
  -0.0013086700    0.0001239300    0.0008814600
  -0.0012638200   -0.0067668700    0.0004234300
  -0.0002306900    0.0014428900    0.0012037400
  -0.0009680800   -0.0003167900   -0.0007934800
  -0.0026537600   -0.0007232000    0.0008751800
   0.0009029100    0.0091018200    0.0004327300
   0.0003798700   -0.0012870500    0.0012030700

33   
  0.0100000000000000   0.0000000000000000   0.0000000000000000
   0.0257469600   -0.0008496200   -0.0150635800
   0.0112491400   -0.0006575600   -0.0007139500
  -0.0084725000    0.0013717500   -0.0047718800
  -0.0061656400   -0.0023203400    0.0064319400
   0.0031447000    0.0023127000    0.0007906600
   0.0040395200    0.0012329800   -0.0007957500
  -0.0011181900    0.0001623500   -0.0007448900
  -0.0013088400    0.0003450800    0.0012459200
   0.0207686900   -0.0026306900   -0.0061891200
   0.0042912600    0.0006299700    0.0026121300
  -0.0081056200   -0.0061463400   -0.0004481500
  -0.0019756100   -0.0014228100    0.0004410100
   0.0080908600   -0.0033353600   -0.0043494700
   0.0039090600   -0.0013289400    0.0032286400
  -0.0055340500    0.0044742600   -0.0030071600
  -0.0010378700    0.0005599700    0.0012783200
  -0.0154747100   -0.0057823900   -0.0076275800
  -0.0047891900    0.0000602000    0.0034924000
   0.0742112100   -0.0223037400   -0.0264522500
   0.0006186100    0.0000039400    0.0017507800
  -0.0042370500    0.0022835100   -0.0009460200
  -0.0019461400    0.0008746500    0.0010926000
   0.0007338900    0.0001290300   -0.0011663200
   0.0000597200   -0.0001179000    0.0008495600
  -0.0059453500    0.0011645800   -0.0023539500
  -0.0086801700    0.0057816100    0.0074407600
   0.0005183600   -0.0066577000    0.0031333700
   0.0046178200   -0.0066008600   -0.0069010100
  -0.0030172400   -0.0000451800   -0.0005718500
  -0.0054122300   -0.0030998800   -0.0000638500
   0.0019731500    0.0044046400    0.0050865200
   0.0025199800    0.0022267300   -0.0028113600
  -0.1941875500    0.0510870500    0.0735085100
  -0.0014604500    0.0004207900   -0.0009310100
   0.0073402600   -0.0007690100   -0.0008912200
   0.0025880900   -0.0000684500   -0.0015620400
  -0.0013351300   -0.0004942600    0.0013205800
  -0.0005466600    0.0001483600    0.0002259400
   0.0019198500   -0.0015214600    0.0002371100
   0.0013006500   -0.0006242400   -0.0003706200
  -0.0055696900   -0.0019855600   -0.0031048200
  -0.0021062600    0.0007133200   -0.0014903900
   0.0041464900   -0.0002584000    0.0016846200
   0.0024799600   -0.0006204400    0.0002189700
  -0.0055438500    0.0019588900    0.0017283800
  -0.0021049200   -0.0000770600   -0.0020359800
   0.0041382700   -0.0010678500    0.0009235800
   0.0024718000   -0.0014125900   -0.0011891900
   0.0092770800   -0.0029809800    0.0153370300
   0.0012918100   -0.0024393700   -0.0045478600
   0.0055272200    0.0080089700   -0.0052858400
  -0.0004847400    0.0006654900    0.0012679300
  -0.0006539300   -0.0002101000    0.0002071100
  -0.0005488000    0.0007480700   -0.0003144600
  -0.0001973100   -0.0017007900   -0.0001746800
  -0.0003295300    0.0000197600   -0.0001466200
   0.0024410100   -0.0032840000    0.0053742900
  -0.0013016200   -0.0008094200   -0.0009700200
  -0.0002488000    0.0017829500    0.0001032800
   0.0000020300    0.0004242800    0.0001954100
  -0.0003200200    0.0023509900    0.0023828900
   0.0054735500    0.0097007900   -0.0077105300
   0.0109610900   -0.0127596400   -0.0114239000
  -0.0002095000   -0.0001869600    0.0010873500
   0.0030754500   -0.0033875800   -0.0012536900
  -0.0000040100    0.0000721500    0.0004691100
   0.0001974500    0.0017173800    0.0006948000
   0.0009443900    0.0006906200   -0.0007386900
   0.0058539300    0.0083813900   -0.0012409700
  -0.0000291300    0.0001997900   -0.0013303900
   0.0044844900   -0.0061359200    0.0063964300
   0.0006351000    0.0002272800   -0.0017934400
   0.0445908200   -0.0154093300   -0.0146723300
   0.0000751700    0.0008485200    0.0003060700
   0.0223601700    0.0079253700    0.0116150300
   0.0009286700    0.0009044800   -0.0021461500
  -0.0001308100    0.0002966100    0.0005015800
   0.0003342800    0.0001002000   -0.0004181900
   0.0005166300   -0.0007387600    0.0005670000
   0.0008887600   -0.0004907100   -0.0010498400
   0.0039913200    0.0006152800    0.0018143100
   0.0039953400    0.0019126300   -0.0001025100
  -0.0071649900    0.0027977100   -0.0159440800
  -0.0071836600   -0.0016547200    0.0051531200
   0.0009694700   -0.0004572600    0.0008306100
   0.0009707200    0.0005220400    0.0004281600
  -0.0015544300   -0.0013681800   -0.0003211400
  -0.0015502000   -0.0011075700   -0.0001835700
   0.0030333200    0.0001370900   -0.0009564200
   0.0023346900   -0.0005814100   -0.0026633000
  -0.0060663800    0.0026937100    0.0008931000
  -0.0016497200   -0.0000534300    0.0003974600
   0.0030333500    0.0014186700   -0.0000084700
   0.0023265700    0.0003879500   -0.0012943000
  -0.0060388500   -0.0095613800   -0.0012873300
  -0.0016508400   -0.0003804000   -0.0002122500

33   
 -0.0100000000000000   0.0000000000000000  -0.0000000000000000
  -0.0236965100    0.0010623700    0.0141534200
  -0.0094635300    0.0003924000    0.0009966700
   0.0103110700   -0.0016656000    0.0051088500
   0.0080135400    0.0020710400   -0.0062613000
  -0.0013217700   -0.0026210600   -0.0005482500
  -0.0022482400   -0.0015154600    0.0010666500
   0.0029097300   -0.0004282200    0.0010178400
   0.0031131700   -0.0006178500   -0.0009964300
  -0.0186761100    0.0015045400    0.0061312000
  -0.0024837200   -0.0009100400   -0.0028962700
   0.0099480600    0.0059571200    0.0001798500
   0.0037667600    0.0011586200   -0.0007043300
  -0.0062760500    0.0031266500    0.0041516300
  -0.0021137300    0.0010629900   -0.0035144800
   0.0073822300   -0.0048152300    0.0027773100
   0.0028351300   -0.0008396400   -0.0015500000
   0.0137183900    0.0055009500    0.0078571800
   0.0030290600   -0.0003373600   -0.0032406600
  -0.0801693100    0.0240800500    0.0291106900
  -0.0024797700   -0.0002403800   -0.0015632000
   0.0024800300   -0.0025692200    0.0012135400
   0.0001653600   -0.0011427100   -0.0008364200
  -0.0025817600   -0.0004347800    0.0014311300
  -0.0018751100   -0.0001565100   -0.0006046100
   0.0041795400   -0.0014271600    0.0021007100
   0.0069203200   -0.0060247600   -0.0076655500
  -0.0023835400    0.0064381400   -0.0033911600
  -0.0066045600    0.0062948200    0.0066341900
   0.0012472800   -0.0002340100    0.0003077800
   0.0036582700    0.0028256200   -0.0001836700
  -0.0038284400   -0.0047192900   -0.0053878500
  -0.0044187300   -0.0025080800    0.0025702100
   0.1977621900   -0.0528690600   -0.0745827800
   0.0019082900   -0.0007477900    0.0013912000
  -0.0069084100    0.0004573900    0.0013362600
  -0.0021463500   -0.0002595900    0.0020107500
   0.0018001900    0.0001791300   -0.0008997000
   0.0010043800   -0.0004738700    0.0002088400
  -0.0014784700    0.0012128000    0.0001948000
  -0.0008505300    0.0003024800    0.0008080500
   0.0060146100    0.0018040900    0.0027372000
   0.0025727500   -0.0010429100    0.0010585900
  -0.0037059700   -0.0000878500   -0.0021301800
  -0.0020272800    0.0002946200   -0.0006505500
   0.0060406400   -0.0024077800   -0.0021209400
   0.0025740600   -0.0002517300    0.0016155200
  -0.0037138900    0.0007570900   -0.0013688000
  -0.0020352300    0.0011029200    0.0007695600
  -0.0100291500    0.0035018400   -0.0153411900
  -0.0021135700    0.0030682800    0.0044456500
  -0.0063898700   -0.0075338800    0.0052317900
  -0.0002798700   -0.0000721600   -0.0014166000
  -0.0001471800    0.0008075100   -0.0003429900
  -0.0002595600   -0.0001528300    0.0001931500
  -0.0005880500    0.0023213700    0.0000423300
  -0.0004578700    0.0005760700    0.0000164900
  -0.0032509100    0.0039155400   -0.0052784000
   0.0004872400    0.0013999200    0.0011097800
  -0.0005292100   -0.0012049600    0.0000295100
  -0.0007868200    0.0001737500   -0.0000610100
  -0.0004934600   -0.0017568100   -0.0022531200
  -0.0062499600   -0.0091417600    0.0078833100
  -0.0119453300    0.0135714100    0.0117425100
  -0.0005703000    0.0007870600   -0.0009714900
  -0.0023339000    0.0040179400    0.0014407400
   0.0007961100    0.0005224400   -0.0003384000
   0.0006263400   -0.0011345600   -0.0005698800
  -0.0001428700   -0.0000976500    0.0008752400
  -0.0050477900   -0.0077412000    0.0013356800
   0.0008211700    0.0003967200    0.0014712100
  -0.0037194100    0.0068297200   -0.0063736600
   0.0001758000    0.0003546100    0.0019575500
  -0.0429768100    0.0156746600    0.0141967200
   0.0007157700   -0.0002557800   -0.0004294200
  -0.0219530000   -0.0075157100   -0.0119608900
  -0.0001138900   -0.0003115400    0.0020310600
   0.0009154200    0.0003084900   -0.0006434100
   0.0004576200    0.0004968600    0.0002895100
   0.0002912900    0.0013486400   -0.0007034900
  -0.0000910400    0.0010912800    0.0009267400
  -0.0044767900   -0.0009465000   -0.0013831500
  -0.0044730900   -0.0022367400    0.0005177200
   0.0068762100   -0.0031672200    0.0164154100
   0.0068570700    0.0013153700   -0.0045131000
  -0.0014336700    0.0001361100   -0.0003996200
  -0.0014325200   -0.0008473400    0.0000029800
   0.0011094600    0.0010613400    0.0007514500
   0.0011135700    0.0007899200    0.0006275100
  -0.0035176900   -0.0004734100    0.0005324900
  -0.0027836300    0.0002528700    0.0022130600
   0.0056739300   -0.0029750100   -0.0013761800
   0.0012053300   -0.0002602500   -0.0008267200
  -0.0035174500   -0.0017431500   -0.0004200000
  -0.0027913400   -0.0007132000    0.0008631100
   0.0057015000    0.0092751800    0.0008279900
   0.0012041600    0.0000488600   -0.0002104600

33   
 -0.0000000000000000  -0.0100000000000000  -0.0000000000000000
  -0.0033036300   -0.0231797200    0.0139152400
   0.0032848200   -0.0043072600    0.0005012700
  -0.0012832000   -0.0037161000   -0.0002525000
  -0.0015551700   -0.0014530200    0.0023064300
   0.0002425700    0.0093379000    0.0031902000
   0.0026777900    0.0043363300   -0.0033537200
   0.0008882600    0.0019274700    0.0008436000
   0.0003103200    0.0013478900   -0.0004225000
   0.0024697300   -0.0261335100   -0.0027241200
   0.0004894200   -0.0028011400   -0.0010748100
   0.0004483500   -0.0025215400   -0.0019755700
   0.0005911700   -0.0013409200   -0.0000953800
   0.0082497100    0.0133646100    0.0044018300
   0.0014852700    0.0022279100   -0.0016814200
  -0.0018303800    0.0031263000   -0.0000089000
   0.0004081000    0.0009386600   -0.0004165100
   0.0008365900   -0.0072898400    0.0017749000
   0.0006057900   -0.0016117000   -0.0009526000
   0.0272547300   -0.0268494000   -0.0116870400
  -0.0017258900   -0.0013806400   -0.0014566200
  -0.0048731100    0.0055920800   -0.0002210200
  -0.0017259500    0.0014891500   -0.0000968500
   0.0025068400    0.0079717100    0.0010732200
  -0.0003453500    0.0015417700    0.0001948000
  -0.0050977500   -0.0017211500   -0.0032871600
  -0.0037047500   -0.0019683600    0.0048883800
   0.0038908400   -0.0053803300   -0.0053921800
   0.0079082500   -0.0029714100    0.0090036100
  -0.0004667600    0.0018475600    0.0002555400
   0.0011570100    0.0032456200   -0.0014459200
  -0.0020059800    0.0036299100    0.0046060100
  -0.0075762500    0.0050978600   -0.0048972300
  -0.0523042900    0.1029148900   -0.0134737800
  -0.0003641400    0.0005018700    0.0007661300
   0.0008438500    0.0011352500    0.0003928900
   0.0001310100    0.0005959900   -0.0000681200
   0.0005633400   -0.0047513900    0.0005004700
  -0.0000849600   -0.0012251900    0.0010832100
   0.0016033400   -0.0016630300   -0.0001150800
   0.0006923800   -0.0008275900    0.0004214500
  -0.0019729300   -0.0175067700   -0.0121975400
   0.0001406000    0.0002963100    0.0014974600
   0.0011434100   -0.0001797800   -0.0002102800
   0.0014866600   -0.0003945300    0.0004491800
   0.0021247300   -0.0172699600    0.0077553400
  -0.0006505400    0.0002827400   -0.0011396100
   0.0003157600   -0.0001908800    0.0001706700
   0.0006922700   -0.0004010800   -0.0003871200
   0.0064310100    0.0056263600    0.0080224700
  -0.0025808200    0.0053216000    0.0023409000
   0.0026827500    0.0075239900   -0.0031927800
  -0.0002691900    0.0017477600   -0.0004096000
  -0.0011071600   -0.0025874900   -0.0009634300
  -0.0002255100   -0.0018821300   -0.0006382400
  -0.0003032800   -0.0017791600   -0.0001753500
   0.0001099500   -0.0010838800    0.0002563200
   0.0057002200   -0.0069076200    0.0108827600
   0.0001133000    0.0002230300   -0.0017623500
  -0.0020231100    0.0001169500    0.0008135300
  -0.0006511500   -0.0002970400   -0.0004466300
  -0.0028080500    0.0005291700   -0.0025761200
  -0.0023523600   -0.0033458100    0.0028279400
   0.0023819300   -0.0031310700   -0.0027241900
   0.0004507000    0.0010409100    0.0009306900
   0.0075666400   -0.0053062400   -0.0057850400
   0.0004154300    0.0001291800    0.0015229200
  -0.0015029800   -0.0004282900   -0.0003491000
   0.0002260000   -0.0001548300    0.0003550800
  -0.0067776500   -0.0026449600    0.0016306600
   0.0001812400    0.0005105000    0.0001580400
   0.0041553800   -0.0013889700    0.0018416900
   0.0007644100    0.0007313100   -0.0002453300
   0.0135484300    0.0075587100   -0.0058276100
   0.0003674800    0.0012956900    0.0014480100
  -0.0050797900    0.0052209700    0.0002369900
   0.0000418000    0.0016494700   -0.0000338100
  -0.0001089000   -0.0034798300   -0.0000025400
   0.0005110600   -0.0007180900    0.0000250300
   0.0005781400   -0.0020527900   -0.0009467100
   0.0007888400   -0.0010838600   -0.0005252200
   0.0018542800    0.0012533300    0.0004084800
   0.0005551300    0.0012515800   -0.0005116600
  -0.0016969800    0.0073184300   -0.0024192900
   0.0027981000    0.0073041100    0.0021403400
   0.0004630500   -0.0014536900    0.0011057300
  -0.0005241100   -0.0014509300    0.0002685700
  -0.0011811500   -0.0035455200    0.0005717600
  -0.0014533300   -0.0035370400    0.0000080700
   0.0013653200    0.0001645600   -0.0003716900
   0.0003244100   -0.0001392000   -0.0007786000
  -0.0097276100   -0.0110320900    0.0091509200
  -0.0004443200    0.0000595300   -0.0013554200
   0.0000809700    0.0001530800   -0.0005362800
  -0.0006521000   -0.0001465800    0.0000702200
   0.0025654700   -0.0109080400   -0.0067943700
  -0.0001237900    0.0000414200    0.0013960300

33   
  0.0000000000000000   0.0100000000000000   0.0000000000000000
   0.0054083700    0.0230127700   -0.0141275500
  -0.0014163700    0.0040513100   -0.0002159600
   0.0030526400    0.0034647900    0.0004960800
   0.0033237300    0.0011477500   -0.0020253700
   0.0015329500   -0.0095459400   -0.0028858500
  -0.0008651400   -0.0045665000    0.0035554200
   0.0009164100   -0.0021975100   -0.0005745500
   0.0014880300   -0.0016116300    0.0006698600
   0.0005639700    0.0234758400    0.0030428700
   0.0013152000    0.0024846500    0.0008101400
   0.0013384300    0.0021993000    0.0017447000
   0.0012035000    0.0010475100   -0.0001701200
  -0.0064712200   -0.0136343600   -0.0046771800
   0.0002978200   -0.0024515900    0.0014075000
   0.0036143900   -0.0033471900   -0.0002757600
   0.0013937900   -0.0011859700    0.0001607800
  -0.0025944600    0.0070300800   -0.0014860100
  -0.0023851100    0.0013174400    0.0011972400
  -0.0296678300    0.0265855100    0.0123199600
  -0.0001092100    0.0011375000    0.0016751400
   0.0030114500   -0.0058125800    0.0004698700
  -0.0000863400   -0.0017530000    0.0003564600
  -0.0042452000   -0.0081726100   -0.0007971400
  -0.0014426200   -0.0018118100    0.0000747300
   0.0032717800    0.0014032000    0.0030022700
   0.0018871900    0.0016297700   -0.0051460900
  -0.0056672300    0.0050031700    0.0050595600
  -0.0096197100    0.0025646400   -0.0092074900
  -0.0013412700   -0.0020882800   -0.0005235200
  -0.0029509800   -0.0034729900    0.0012181200
   0.0002447400   -0.0038485700   -0.0048661100
   0.0058071800   -0.0053228100    0.0046520400
   0.0516436600   -0.1005646400    0.0133814600
   0.0008043300   -0.0008138100   -0.0003282900
  -0.0003828100   -0.0014589600    0.0000331300
   0.0003220900   -0.0009145400    0.0005004300
  -0.0001101800    0.0044020400   -0.0000617600
   0.0005372700    0.0008867200   -0.0006389500
  -0.0011309800    0.0013243100    0.0005433800
  -0.0002344100    0.0004956900    0.0000144800
   0.0023930200    0.0168792900    0.0115193100
   0.0003150500   -0.0006040400   -0.0019083600
  -0.0006814600   -0.0001299000   -0.0002254100
  -0.0010289200    0.0000728800   -0.0008753000
  -0.0016651700    0.0171153400   -0.0083420900
   0.0011058000   -0.0006176100    0.0007055200
   0.0001452100   -0.0001408300   -0.0006051100
  -0.0002228300    0.0000664600   -0.0000529300
  -0.0072354800   -0.0049047400   -0.0081451700
   0.0017839700   -0.0047291800   -0.0024805600
  -0.0035006900   -0.0069549500    0.0030811700
  -0.0005185800   -0.0011324600    0.0002814900
   0.0003125500    0.0031593400    0.0008340800
  -0.0005596200    0.0024517700    0.0004860700
  -0.0005035100    0.0023493300    0.0000497900
  -0.0009112400    0.0016711800   -0.0003937500
  -0.0064057000    0.0073882100   -0.0105678500
  -0.0008968800    0.0003804600    0.0018707900
   0.0012047900    0.0004763400   -0.0006744800
  -0.0001472700    0.0008964700    0.0005735400
   0.0020151800    0.0000555600    0.0027180800
   0.0014840600    0.0038154000   -0.0025875500
  -0.0030809100    0.0036057100    0.0027486100
  -0.0012448600   -0.0004598000   -0.0007994800
  -0.0066642100    0.0058278400    0.0058134800
   0.0003836100    0.0004712800   -0.0013736700
   0.0022748800    0.0010340900    0.0004703200
   0.0005651500    0.0007528300   -0.0002206200
   0.0076117400    0.0032367900   -0.0015284800
   0.0006097600    0.0000776000   -0.0000170700
  -0.0033518100    0.0019530600   -0.0016884000
   0.0000363800   -0.0001539100    0.0003795500
  -0.0128535000   -0.0067667300    0.0057408500
   0.0004234700   -0.0006853500   -0.0015761100
   0.0059707100   -0.0045403000   -0.0003381200
   0.0007600800   -0.0010298300   -0.0000951500
   0.0009189300    0.0040489300   -0.0001285600
   0.0002880800    0.0012992700   -0.0001535100
   0.0002078000    0.0026308800    0.0008051800
   0.0000044400    0.0016697500    0.0003943400
  -0.0022947400   -0.0015652200    0.0000257600
  -0.0010066800   -0.0015669000    0.0009466800
   0.0012725900   -0.0075996800    0.0026783800
  -0.0031666800   -0.0076134300   -0.0014980000
  -0.0009062100    0.0011147200   -0.0006598300
   0.0000693300    0.0011174700    0.0001631800
   0.0007165300    0.0031889300   -0.0001241700
   0.0009763300    0.0031973800    0.0004071400
  -0.0017965400   -0.0004729900   -0.0000644700
  -0.0007768000   -0.0001792100    0.0003507500
   0.0091109400    0.0105286600   -0.0094088500
  -0.0000150900   -0.0003688700    0.0009132200
  -0.0005294800   -0.0004844500    0.0001020800
   0.0001822200   -0.0001864200   -0.0005045900
  -0.0031050500    0.0106518000    0.0064365300
  -0.0003305300   -0.0003869300   -0.0018362300

49   
  0.0000000000000000   0.0000000000000000  -0.0100000000000000
   0.0036124000   -0.0062871500    0.0099398900
   0.0018910700   -0.0021763000   -0.0262428600
  -0.0005139800   -0.0014964900    0.0035648600
   0.0023045500    0.0018322600   -0.0005277200
   0.0005035800    0.0040253700    0.0030575700
   0.0011108900   -0.0017278400   -0.0026566100
   0.0008321600    0.0007644700    0.0014703900
   0.0016472800   -0.0027791100   -0.0023041700
  -0.0072699400   -0.0243537400   -0.0321300700
  -0.0036629300   -0.0056572200    0.0085085300
  -0.0006010600    0.0008454900   -0.0030929400
   0.0023141200    0.0002186900    0.0048694200
   0.0015501000   -0.0007539300   -0.0039094600
   0.0018308600    0.0018948300    0.0049415400
  -0.0012633100   -0.0009358500   -0.0006713100
   0.0010331800    0.0002877600    0.0010662000
   0.0098358700    0.0071106600   -0.0323583400
   0.0031142600    0.0041562900    0.0089475300
   0.0031542600   -0.0017895500   -0.0089346600
  -0.0033593600    0.0000775300    0.0049805900
  -0.0013009900    0.0021372900   -0.0028442100
  -0.0006080900   -0.0008789900    0.0030614300
   0.0004127000    0.0023301200   -0.0016457100
  -0.0011477800   -0.0004330300    0.0025028400
   0.0032917700    0.0039379800   -0.0226709900
  -0.0056764700    0.0043967600    0.0094536400
  -0.0029603400   -0.0038569700   -0.0041743800
   0.0037249900   -0.0006605300    0.0046700300
   0.0017872000    0.0013368700   -0.0036758600
  -0.0016327400   -0.0008766900    0.0028979300
  -0.0043188500    0.0015570800   -0.0032240100
  -0.0002537600   -0.0000744200    0.0017296800
  -0.0151808100    0.0079545800   -0.0079449400
   0.0047161900    0.0022490600   -0.0054902600
   0.0054703200   -0.0032901300   -0.0015580800
  -0.0011009200   -0.0005086200   -0.0005663300
  -0.0000463900   -0.0010649500    0.0008123900
   0.0004841500   -0.0007201400   -0.0003405400
   0.0003305700   -0.0002734900    0.0002350700
   0.0003103000    0.0001637700   -0.0000937000
  -0.0075619100   -0.0028589000   -0.0134464300
   0.0025356500    0.0024697000   -0.0002637600
   0.0012648800   -0.0010289600   -0.0003772000
  -0.0113641000    0.0025859100   -0.0061029200
  -0.0008111500    0.0016615300   -0.0004178600
   0.0055211200   -0.0108201200   -0.0009557000
   0.0003560500    0.0003487600   -0.0007880400
   0.0002603400   -0.0009084500    0.0003065400
   0.0210797200    0.0253178600    0.1730811500
  -0.0000504900   -0.0000952700   -0.0080244900
  -0.0000570900    0.0007552100    0.0024078500
  -0.0010111300    0.0003022300   -0.0022948600
  -0.0008780600    0.0001073200    0.0012439500
  -0.0003918700   -0.0003567500   -0.0016199600
  -0.0001978900    0.0000904800    0.0012175800
  -0.0004768200    0.0001623000   -0.0009214700
   0.0003284900    0.0005181000    0.0092381300
  -0.0007028100    0.0002644300   -0.0026961200
  -0.0006970700    0.0001805200    0.0019708900
  -0.0006196200    0.0002066300   -0.0013769400
  -0.0030188900   -0.0033726000    0.0092177400
   0.0001558700    0.0009898100   -0.0026923300
  -0.0001317100    0.0004132800    0.0019722400
  -0.0000275100    0.0004139200   -0.0013757900
   0.0034142700   -0.0040559000   -0.0010852600
   0.0011448100    0.0033431300   -0.0014294300
  -0.0003670000   -0.0004775800    0.0002494500
  -0.0006699000    0.0011455400   -0.0007545500
  -0.0009138500    0.0033635800   -0.0010723900
  -0.0018033800   -0.0030277300   -0.0014219000
   0.0007206200    0.0004919600    0.0002487900
   0.0005764800   -0.0002568000   -0.0007583100
   0.0049917300    0.0010241700   -0.0354764700
  -0.0079613400   -0.0004999900   -0.0347408600
  -0.0001463100    0.0002530300   -0.0003013100
   0.0006782000    0.0009115000   -0.0003118500
   0.0005454500   -0.0002346200    0.0000122100
  -0.0000387100    0.0001461500    0.0000022500
   0.0004233000    0.0001106000   -0.0002744900
   0.0004783800    0.0001375500   -0.0002774600
  -0.0147386800   -0.0059799300    0.0055281000
   0.0001531200    0.0013532900   -0.0030295700
   0.0115610600    0.0001079800    0.0057699600
  -0.0023217400   -0.0001342800   -0.0037320000
   0.0003421900   -0.0000979800    0.0017258900
  -0.0005803900   -0.0000739400   -0.0008061600
   0.0004089000   -0.0010373600    0.0016324300
  -0.0012164200   -0.0006220000   -0.0010706700
   0.0010473300   -0.0017270500    0.0039259100
   0.0011819000   -0.0002537200   -0.0034748000
  -0.0066330700   -0.0019290600    0.0053153800
   0.0016386800    0.0001457800   -0.0037282200
   0.0011179600    0.0056467200    0.0040645500
  -0.0006239700   -0.0015992100   -0.0014643600
  -0.0008552600    0.0002463100    0.0017963700
   0.0005765900   -0.0004487700   -0.0020158200

49   
  0.0000000000000000   0.0000000000000000   0.0100000000000000
  -0.0017711900    0.0059578700   -0.0097029600
  -0.0009163700    0.0029886300    0.0277993200
   0.0023108700    0.0012229700   -0.0033307200
  -0.0004470400   -0.0020796100    0.0008387000
   0.0013057100   -0.0042857200   -0.0028050100
   0.0006543400    0.0014460000    0.0029631500
   0.0009694000   -0.0010297200   -0.0012206100
   0.0001702900    0.0024913700    0.0025695300
   0.0079625100    0.0224772900    0.0306752200
   0.0055234300    0.0054510900   -0.0087827300
   0.0024411800   -0.0011247000    0.0028012000
  -0.0005163800   -0.0004821200   -0.0051002300
   0.0002193100    0.0005021000    0.0036083100
  -0.0000365600   -0.0021867800   -0.0052173800
   0.0030776500    0.0006676600    0.0004029100
   0.0007655300   -0.0005601000   -0.0013104900
  -0.0108240200   -0.0066739900    0.0321130000
  -0.0049741600   -0.0044955600   -0.0087043900
  -0.0049551800    0.0015185900    0.0091741000
   0.0015836800   -0.0003558800   -0.0047200300
  -0.0004914300   -0.0024264800    0.0030563700
  -0.0011988200    0.0006146600   -0.0027881800
  -0.0022044700   -0.0025924800    0.0019022000
  -0.0006468200    0.0001669500   -0.0022402200
  -0.0044590800   -0.0048918200    0.0227963200
   0.0038257900   -0.0046152300   -0.0096943100
   0.0011797100    0.0035721700    0.0039198100
  -0.0055138300    0.0003960600   -0.0049366900
  -0.0035693600   -0.0015948400    0.0034633600
  -0.0001684400    0.0006034000   -0.0031801700
   0.0025454200   -0.0018319600    0.0029847500
  -0.0015430200   -0.0002008900   -0.0019964600
   0.0154953400   -0.0082128600    0.0083195200
  -0.0042779400   -0.0025717500    0.0059407300
  -0.0050467500    0.0029836600    0.0020054700
   0.0015830800    0.0001824400    0.0009725900
   0.0005029200    0.0007325500   -0.0003730000
  -0.0000243600    0.0004044200    0.0007678200
   0.0001127500   -0.0000482000    0.0002079500
   0.0001464200   -0.0004857900    0.0005202200
   0.0080309800    0.0025566600    0.0129764100
  -0.0021012300   -0.0028241200   -0.0001777000
  -0.0007944700    0.0007014100   -0.0000389800
   0.0118001300   -0.0028866500    0.0056911100
   0.0012683700   -0.0019712400   -0.0000029300
  -0.0051328700    0.0106302000    0.0005291900
   0.0000992500   -0.0006710800    0.0003615000
   0.0001858000    0.0005802300   -0.0007552000
  -0.0214183400   -0.0243810800   -0.1729745000
  -0.0007625000    0.0006921900    0.0079022800
  -0.0007566500   -0.0001550900   -0.0025338300
   0.0002136600    0.0002901900    0.0021631900
   0.0000836600    0.0004835100   -0.0013761400
  -0.0004018600    0.0009536100    0.0014902100
  -0.0006042800    0.0005070900   -0.0013495800
  -0.0003207800    0.0004320400    0.0007893000
  -0.0011094100    0.0002456000   -0.0091136100
  -0.0000939500    0.0003164100    0.0028276700
  -0.0001161500    0.0004178500   -0.0018396800
  -0.0001787200    0.0003851400    0.0015096200
   0.0022116300    0.0037548500   -0.0091344600
  -0.0009510600   -0.0003843500    0.0028317700
  -0.0006734700    0.0001754400   -0.0018388400
  -0.0007716500    0.0001831700    0.0015107100
  -0.0026007200    0.0046218000    0.0012257600
  -0.0003293600   -0.0027494400    0.0015355200
   0.0011573000    0.0010718700   -0.0001111200
   0.0014540200   -0.0005497000    0.0008808600
   0.0017309900   -0.0027837300    0.0012383200
   0.0026195600    0.0036459200    0.0015430700
   0.0000741600    0.0001049200   -0.0001115400
   0.0002053300    0.0008422000    0.0008774300
  -0.0040397700   -0.0003991500    0.0346365900
   0.0089395400    0.0011085500    0.0353735400
   0.0009310500    0.0003409800    0.0001778700
   0.0001112100   -0.0003095400    0.0001675900
   0.0002525200    0.0008259100   -0.0001347100
   0.0008394900    0.0004505400   -0.0001449900
   0.0003698200    0.0004836400    0.0001452800
   0.0003145900    0.0004589500    0.0001420400
   0.0141259700    0.0055884900   -0.0052552800
  -0.0005813200   -0.0016705100    0.0034678300
  -0.0120122500   -0.0004667100   -0.0054078000
   0.0018561700   -0.0001949800    0.0041656500
  -0.0008021100   -0.0002235100   -0.0012931500
   0.0001280600   -0.0002521200    0.0012426900
  -0.0008606600    0.0007148700   -0.0012011800
   0.0007606500    0.0002977400    0.0015056000
  -0.0015282500    0.0014314500   -0.0043379100
  -0.0016191300   -0.0000782600    0.0030210300
   0.0061367800    0.0016013000   -0.0057060400
  -0.0021118800   -0.0004786600    0.0033035300
  -0.0015757700   -0.0059502400   -0.0044773400
   0.0001843000    0.0012979100    0.0010319300
   0.0004101700   -0.0005728100   -0.0022351700
  -0.0010366700    0.0001269100    0.0015876500

49   
  0.0100000000000000   0.0000000000000000   0.0000000000000000
   0.0070808800    0.0019542300   -0.0034823100
   0.0175930500   -0.0012906800   -0.0040947100
  -0.0022369200   -0.0009013600    0.0024517400
  -0.0110675200   -0.0043475100   -0.0050072000
   0.0022683000   -0.0027129200   -0.0009323400
   0.0033512600   -0.0017186700    0.0007102000
  -0.0002234200   -0.0000473100    0.0004533900
  -0.0021722600    0.0029236700    0.0004476400
   0.0182833400    0.0143357900    0.0098348900
   0.0047559200   -0.0009044600    0.0013201000
  -0.0067415500    0.0009846500    0.0026586300
  -0.0023641600   -0.0008357800   -0.0036857100
   0.0038810100    0.0002521800   -0.0012787100
   0.0023189500    0.0009464300    0.0019288700
  -0.0033158000   -0.0012310300    0.0010629400
   0.0000195800   -0.0004781400   -0.0010769000
   0.0303931100    0.0118388200   -0.0106067600
   0.0014721300   -0.0016242900   -0.0003450000
  -0.0121862400    0.0045051100   -0.0047761900
  -0.0044554300    0.0010152700    0.0008413400
   0.0032531700    0.0019196900    0.0021159100
   0.0001369000    0.0009084000   -0.0010941100
  -0.0035576300   -0.0022001000   -0.0002267200
  -0.0023761300   -0.0004760700   -0.0001089700
   0.0174515800   -0.0057364600    0.0049806400
   0.0005004600    0.0020060000    0.0008692300
  -0.0089047300   -0.0048555900    0.0029867300
  -0.0050178700    0.0002107200   -0.0020600300
   0.0030689000   -0.0016338900   -0.0027545800
  -0.0003121300   -0.0012988800    0.0013664100
  -0.0045730700    0.0015201500    0.0000130300
  -0.0018407000    0.0000602500   -0.0001583900
   0.0098454200   -0.0069685900    0.0128977500
   0.0019346500    0.0020249100   -0.0033919600
   0.0061790900   -0.0032430600   -0.0034417500
   0.0001155900   -0.0002897300    0.0025103100
  -0.0000228700    0.0005454500    0.0001808500
   0.0000852500   -0.0003312400   -0.0000885500
   0.0004201000   -0.0002615800   -0.0002753400
   0.0002904500   -0.0006724500    0.0006758700
   0.0060951600    0.0017622900    0.0079719900
   0.0003181300    0.0022430900   -0.0022805800
   0.0004050400   -0.0010094200   -0.0011515800
   0.0116871100   -0.0028844500    0.0046089600
  -0.0006664200   -0.0006660800   -0.0000270900
   0.0030815500   -0.0062368200   -0.0009834100
   0.0006206900    0.0000902000   -0.0008416300
   0.0003612200    0.0014628100    0.0010033800
  -0.1424001500   -0.0182636200   -0.0212507700
  -0.0014805900    0.0003147800   -0.0004234000
   0.0055749300    0.0009820500   -0.0004224600
   0.0010004500    0.0003286800    0.0005471800
  -0.0012797700    0.0005796100    0.0004173000
  -0.0011524500    0.0002168200   -0.0000718000
   0.0007851500    0.0001590900   -0.0002674400
   0.0000929600    0.0004512300    0.0000121800
  -0.0088523100    0.0026877200   -0.0025575200
  -0.0012791900    0.0002968900    0.0006194600
   0.0027769100    0.0003842800    0.0003372600
   0.0004751800    0.0003587900    0.0004375600
  -0.0088549400   -0.0018293000    0.0007865100
  -0.0012787500   -0.0000180000   -0.0002408300
   0.0027752300   -0.0000646300   -0.0002290600
   0.0004746500    0.0004333900   -0.0001547300
  -0.0040058900    0.0024010000    0.0013815400
  -0.0027326400   -0.0013622100    0.0022864200
   0.0020511800    0.0002076300   -0.0002603900
   0.0029937200    0.0002152900   -0.0001175600
  -0.0040480300    0.0032289200   -0.0029504300
  -0.0027138800   -0.0009431200   -0.0006743600
   0.0020488600   -0.0008882400    0.0008236700
   0.0030041600    0.0016243100    0.0011382600
  -0.0063811500   -0.0013962500   -0.0084598700
  -0.0063828100    0.0020380500    0.0043857300
   0.0035815600    0.0008669200    0.0002133800
   0.0035820800   -0.0002204600   -0.0005949200
  -0.0004165500    0.0010126900   -0.0005047200
  -0.0004155700    0.0000975900    0.0000785200
   0.0012118900    0.0005432800    0.0000149200
   0.0012122900    0.0000835200   -0.0000390300
   0.0439754500    0.0131927800    0.0175222300
  -0.0005541800   -0.0001921100   -0.0003460600
   0.0217650100   -0.0056332300   -0.0017861800
   0.0002959300   -0.0005225500    0.0015222900
  -0.0007546200   -0.0006792600    0.0003889800
  -0.0002899400   -0.0000508800    0.0003157000
  -0.0001109500    0.0000216800    0.0001329100
   0.0002638000    0.0002313700    0.0005005900
   0.0052494800   -0.0073941700   -0.0038510500
  -0.0006568800   -0.0003760300    0.0004765400
   0.0038696900    0.0035807000   -0.0012604900
   0.0000061900    0.0002022700    0.0003382200
   0.0024850400    0.0069676000    0.0027348400
  -0.0006309400   -0.0001502200   -0.0002291300
  -0.0004325200   -0.0020474300    0.0001792100
   0.0003197700   -0.0003307900   -0.0006194800

49   
 -0.0100000000000000   0.0000000000000000  -0.0000000000000000
  -0.0053030500   -0.0022004000    0.0037372200
  -0.0159468200    0.0014189100    0.0048024800
   0.0040419500    0.0006347200   -0.0021839500
   0.0128493000    0.0040478100    0.0052176700
  -0.0004576700    0.0024354800    0.0011959500
  -0.0015695000    0.0014494400   -0.0004237600
   0.0020222500   -0.0002234800   -0.0001894400
   0.0039726000   -0.0031917000   -0.0001992900
  -0.0165549600   -0.0150838900   -0.0106890200
  -0.0029744700    0.0006078000   -0.0015768100
   0.0085336100   -0.0012556400   -0.0028849600
   0.0041704400    0.0005768400    0.0034199000
  -0.0021036800   -0.0005084200    0.0009717900
  -0.0005162600   -0.0012139900   -0.0021724400
   0.0051136700    0.0009507900   -0.0013170200
   0.0017853200    0.0002017700    0.0008092000
  -0.0311349000   -0.0109983800    0.0098392200
  -0.0032403200    0.0013771900    0.0006141500
   0.0103718400   -0.0047856700    0.0050832600
   0.0026350000   -0.0012837700   -0.0005931900
  -0.0050126100   -0.0021760100   -0.0018753900
  -0.0019319800   -0.0011763800    0.0013499800
   0.0017515200    0.0019414300    0.0004897100
   0.0005675400    0.0002032700    0.0003660800
  -0.0185311700    0.0046214100   -0.0044807300
  -0.0022769100   -0.0023043600   -0.0011345500
   0.0070995300    0.0046164000   -0.0032652200
   0.0031937100   -0.0004707900    0.0018028500
  -0.0048066300    0.0013686000    0.0025151200
  -0.0014824700    0.0010237600   -0.0016159300
   0.0027423000   -0.0018041900   -0.0002805600
   0.0000333700   -0.0003347700   -0.0000971800
  -0.0094607800    0.0066984700   -0.0126049100
  -0.0014707800   -0.0023400600    0.0038076600
  -0.0057371800    0.0029398000    0.0038817500
   0.0003205100   -0.0000402800   -0.0020568500
   0.0004837800   -0.0008743800    0.0002504900
   0.0003745400    0.0000023500    0.0005152100
   0.0000293700   -0.0000616100    0.0007082700
   0.0001620300    0.0003484300   -0.0002402400
  -0.0056279600   -0.0020742500   -0.0083505500
   0.0001447900   -0.0025802200    0.0018608300
   0.0000442500    0.0006858800    0.0007070900
  -0.0112172900    0.0025782300   -0.0050614500
   0.0011224300    0.0003438900   -0.0004054800
  -0.0026104400    0.0058680400    0.0005488700
  -0.0001681900   -0.0004138400    0.0004037400
   0.0000808000   -0.0017653900   -0.0014334600
   0.1397216300    0.0183128500    0.0212481000
   0.0006879400    0.0002799500    0.0002881200
  -0.0063688500   -0.0004012500    0.0002774900
  -0.0017955900    0.0002640500   -0.0006778600
   0.0004773000    0.0000054500   -0.0005445200
   0.0003540300    0.0003781400   -0.0000619400
  -0.0015789900    0.0004374600    0.0001384400
  -0.0008867400    0.0001455900   -0.0001442200
   0.0080464300   -0.0019477100    0.0026735900
   0.0004802800    0.0003023500   -0.0004873500
  -0.0035700500    0.0002034700   -0.0002044200
  -0.0012680700    0.0002366800   -0.0003061800
   0.0080436400    0.0022126500   -0.0006511300
   0.0004808000    0.0006114000    0.0003680900
  -0.0035719600    0.0006785500    0.0003521100
  -0.0012686800    0.0001622600    0.0002864400
   0.0048381100   -0.0018249600   -0.0012633600
   0.0035014000    0.0019478300   -0.0021368500
  -0.0012510700    0.0003855300    0.0003860600
  -0.0022025300    0.0003749600    0.0002540000
   0.0047958800   -0.0026175600    0.0030653700
   0.0035201700    0.0015408500    0.0007997800
  -0.0012535300    0.0014893700   -0.0007004600
  -0.0021923900   -0.0010048300   -0.0009857500
   0.0071196900    0.0019969900    0.0084383600
   0.0071180700   -0.0014451400   -0.0046434200
  -0.0027860000   -0.0002760400   -0.0003542400
  -0.0027856300    0.0008031300    0.0004823500
   0.0012082400   -0.0004181900    0.0003733600
   0.0012091600    0.0004946700   -0.0002148300
  -0.0004143200    0.0000525300   -0.0001489100
  -0.0004138600    0.0005138200   -0.0000924400
  -0.0435914400   -0.0132129200   -0.0167292600
   0.0000862800   -0.0001361900    0.0007797700
  -0.0225489300    0.0054193100    0.0022987300
  -0.0007472300    0.0001955100   -0.0010924400
   0.0002912200    0.0003483600    0.0000474900
  -0.0001668800   -0.0002740000    0.0001161100
  -0.0003366600   -0.0003487900    0.0003045300
  -0.0007163400   -0.0005530400   -0.0000673800
  -0.0056523800    0.0069949200    0.0033894900
   0.0001930400    0.0000522700   -0.0009026800
  -0.0043348500   -0.0039271500    0.0008171000
  -0.0004532700   -0.0005257100   -0.0007678100
  -0.0029246800   -0.0072622700   -0.0031392500
   0.0001689100   -0.0001822700   -0.0002038900
  -0.0000039700    0.0017301700   -0.0006136500
  -0.0007678200    0.0000080700    0.0001832200

49   
 -0.0000000000000000  -0.0100000000000000  -0.0000000000000000
   0.0001240600   -0.0026654000   -0.0016248300
   0.0032624700   -0.0238394800   -0.0061663500
   0.0023998900   -0.0003560500   -0.0028407200
   0.0037474900   -0.0005058100    0.0028974200
   0.0001595300    0.0051479300    0.0018323300
   0.0049426300    0.0083464200   -0.0062029000
   0.0009647100    0.0010388700    0.0006876200
  -0.0007598400    0.0045581500    0.0004265000
  -0.0066525200   -0.0398063300   -0.0140705700
   0.0013485300   -0.0048154900   -0.0012549000
  -0.0012322700   -0.0068115100    0.0024044300
  -0.0006355800   -0.0035743400   -0.0031732100
  -0.0029760300    0.0076724700   -0.0056983000
   0.0010467700    0.0034906500    0.0028204600
   0.0033187600    0.0036717000   -0.0016864400
   0.0011367000    0.0019285400    0.0007925200
  -0.0089405700   -0.0332795900    0.0054864000
  -0.0000303000   -0.0020994600    0.0017921200
  -0.0026689800   -0.0007695000   -0.0021964000
  -0.0032040500   -0.0006927800    0.0020955600
  -0.0058243300    0.0087447700    0.0034672000
  -0.0014044500    0.0022448800   -0.0010162800
   0.0006861000    0.0038568900    0.0005103800
  -0.0004909600    0.0013772600   -0.0000769100
  -0.0056409300   -0.0272932400    0.0017551200
  -0.0023010400   -0.0032226800    0.0011271600
   0.0011165200   -0.0064330700   -0.0015083800
   0.0036635800   -0.0042515800    0.0020130800
   0.0038988100    0.0078433000    0.0044340400
  -0.0005485900    0.0029117100   -0.0013837900
  -0.0035115500    0.0035217700   -0.0006003700
  -0.0011095900    0.0019439100   -0.0003607900
   0.0034957000    0.0050763100    0.0045774700
   0.0029699100    0.0048346600   -0.0051005900
  -0.0075131200    0.0070384700    0.0037490100
  -0.0001445600    0.0012786500   -0.0006865100
   0.0007328100   -0.0030315800    0.0005335200
  -0.0002298300   -0.0023330900    0.0016534200
   0.0022501100   -0.0022298600   -0.0005211200
   0.0005062000   -0.0015391100    0.0005900200
  -0.0092222300   -0.0037767200   -0.0149853100
  -0.0018305000    0.0000829900    0.0018728800
   0.0007105900    0.0005898400   -0.0006521700
   0.0134171900   -0.0035543800    0.0057902300
   0.0013286800   -0.0002504100    0.0005944900
   0.0038380400   -0.0073222700   -0.0012628800
   0.0001035200   -0.0007592300    0.0003315500
  -0.0012549500   -0.0003525400   -0.0015386600
   0.0177232700    0.1741372900    0.0250597900
  -0.0004110600    0.0015658200   -0.0004587300
  -0.0010860500    0.0025847800    0.0003934700
  -0.0004313600    0.0021973400   -0.0000618500
  -0.0006830700   -0.0080847000   -0.0002571800
  -0.0003172100   -0.0011420300   -0.0007212400
  -0.0002581600   -0.0015201800   -0.0002738600
  -0.0005508300   -0.0006997400   -0.0002011300
   0.0016339200   -0.0371894100    0.0036642500
  -0.0000813600    0.0003285200   -0.0006223300
  -0.0000252200    0.0000851800   -0.0000506800
  -0.0005343300   -0.0000386700   -0.0000510400
  -0.0027047300   -0.0363832200   -0.0000678000
  -0.0003960700    0.0003183200    0.0000932100
  -0.0004861900    0.0000752700    0.0001869800
  -0.0004588600   -0.0000416400    0.0001543100
   0.0033173700   -0.0018334700   -0.0030097500
  -0.0008415200   -0.0008742800    0.0034044700
  -0.0007922900   -0.0000272000   -0.0001292600
   0.0017128400   -0.0002437800    0.0006147900
   0.0025075900   -0.0018484800    0.0043970100
  -0.0012520100   -0.0008878900   -0.0029729200
   0.0003112200   -0.0000327200    0.0008421500
   0.0003160500   -0.0002542700   -0.0007857500
   0.0021244100    0.0091433400   -0.0007789300
  -0.0013135700    0.0091328000    0.0005496300
  -0.0001072500    0.0023413500    0.0005468900
   0.0009662900    0.0023419800   -0.0001133400
   0.0001999700   -0.0023824100   -0.0002233800
   0.0011138800   -0.0023816600   -0.0005893000
   0.0001836200   -0.0011438900   -0.0002280700
   0.0006429900   -0.0011442300   -0.0002518200
  -0.0158327100    0.0069173500   -0.0070492900
   0.0003178300    0.0008263200    0.0004813400
   0.0075255500    0.0046818000    0.0015085700
   0.0003858000    0.0011806400   -0.0001104300
  -0.0002252600   -0.0039243700    0.0012172300
  -0.0004260900   -0.0011700200    0.0003982400
  -0.0012779500   -0.0025069000    0.0003121100
  -0.0010195600   -0.0015405100   -0.0000397300
   0.0078561900   -0.0031009500   -0.0036997800
  -0.0003275700    0.0000580300    0.0006052800
  -0.0067214000   -0.0018328400    0.0028275700
  -0.0002874900    0.0002822700   -0.0014059700
  -0.0039312800   -0.0057443400   -0.0013455200
  -0.0004545500   -0.0003392900   -0.0004741500
   0.0011887300   -0.0009023200    0.0001102800
   0.0001649700   -0.0006176200   -0.0010208400

49   
  0.0000000000000000   0.0100000000000000   0.0000000000000000
   0.0016707100    0.0024465000    0.0018471900
  -0.0020704900    0.0243826200    0.0073996400
  -0.0006069400    0.0000879300    0.0031175800
  -0.0019280900    0.0002600400   -0.0026163800
   0.0016294600   -0.0054183500   -0.0015620900
  -0.0030922100   -0.0085994800    0.0063782300
   0.0008336900   -0.0013167900   -0.0004189900
   0.0025498300   -0.0048386000   -0.0001755100
   0.0075211200    0.0385663400    0.0123373800
   0.0004104100    0.0045169700    0.0010073100
   0.0030233400    0.0065379900   -0.0026727800
   0.0024411300    0.0032946100    0.0029193900
   0.0048245600   -0.0079439300    0.0055079400
   0.0007601500   -0.0037512700   -0.0030844200
  -0.0015275900   -0.0039298500    0.0014216500
   0.0006608900   -0.0021920200   -0.0010547400
   0.0081543600    0.0339943000   -0.0059821200
  -0.0017565400    0.0018762700   -0.0015192200
   0.0008195900    0.0005310800    0.0024411200
   0.0014174300    0.0004231000   -0.0018392400
   0.0039627800   -0.0090101400   -0.0031539100
  -0.0003990800   -0.0025284600    0.0012694900
  -0.0024744000   -0.0041298100   -0.0002504100
  -0.0013005700   -0.0016550100    0.0003358700
   0.0047043100    0.0263302000   -0.0012464400
   0.0005276800    0.0029135800   -0.0014042800
  -0.0029204900    0.0061288600    0.0012485800
  -0.0054528800    0.0039627300   -0.0022637300
  -0.0057678500   -0.0081069500   -0.0047343900
  -0.0012532400   -0.0031765900    0.0011389800
   0.0017182300   -0.0037741300    0.0003324900
  -0.0006863100   -0.0022074300    0.0001028500
  -0.0029855900   -0.0054545000   -0.0040841800
  -0.0025384000   -0.0052163100    0.0055805500
   0.0080294000   -0.0074407700   -0.0033331800
   0.0005927300   -0.0016013100    0.0011134700
  -0.0002849900    0.0027150600   -0.0001053400
   0.0006706700    0.0020008500   -0.0012002000
  -0.0017726100    0.0018986600    0.0009438200
  -0.0000503200    0.0012158700   -0.0001541900
   0.0096205900    0.0033856300    0.0144410000
   0.0022770300   -0.0003906700   -0.0022974800
  -0.0002634500   -0.0009108200    0.0002125500
  -0.0129129300    0.0031836600   -0.0062135000
  -0.0008808800   -0.0000928800   -0.0010424300
  -0.0033616500    0.0069718100    0.0008195100
   0.0003537400    0.0004344300   -0.0007679000
   0.0017330200    0.0000067200    0.0011093300
  -0.0188544000   -0.1730393700   -0.0246293500
  -0.0003763600   -0.0009680600    0.0003287400
   0.0002970400   -0.0019776000   -0.0005166300
  -0.0003667800   -0.0016018800   -0.0000739700
  -0.0001091100    0.0086710500    0.0001190800
  -0.0004786300    0.0017369100    0.0005892200
  -0.0005366800    0.0021115200    0.0001428900
  -0.0002453100    0.0012940400    0.0000685200
  -0.0024081000    0.0369469700   -0.0034636800
  -0.0007108000    0.0002752600    0.0007521200
  -0.0007686300    0.0005147600    0.0001876600
  -0.0002634800    0.0006383400    0.0001796000
   0.0019310600    0.0377511700    0.0002046600
  -0.0004015000    0.0002651200    0.0000417600
  -0.0003054800    0.0005046500   -0.0000499000
  -0.0003368200    0.0006355900   -0.0000238100
  -0.0025288700    0.0024491200    0.0031382700
   0.0016426900    0.0014837700   -0.0032688200
   0.0015852900    0.0006247700    0.0002579100
  -0.0009157900    0.0008466700   -0.0004839300
  -0.0017178200    0.0024341100   -0.0042805200
   0.0020577500    0.0014699500    0.0031199600
   0.0004892900    0.0006192100   -0.0007071300
   0.0004758200    0.0008361300    0.0009099000
  -0.0013587600   -0.0085483900    0.0008291900
   0.0020798400   -0.0085591200   -0.0008743100
   0.0009162700   -0.0017389600   -0.0006738200
  -0.0001764100   -0.0017382700   -0.0000256600
   0.0005972500    0.0029768000    0.0000808200
  -0.0003169400    0.0029777500    0.0004714100
   0.0006141200    0.0017369000    0.0000931100
   0.0001524200    0.0017365700    0.0001211400
   0.0152455100   -0.0074083700    0.0074289200
  -0.0007861400   -0.0011545500   -0.0000502500
  -0.0079129400   -0.0050794800   -0.0011017500
  -0.0008297800   -0.0014983100    0.0005598600
  -0.0002131500    0.0036043100   -0.0007807600
  -0.0000291800    0.0008472500    0.0000324400
   0.0008098900    0.0021766300    0.0001193200
   0.0005625200    0.0012128800    0.0004714800
  -0.0082658300    0.0027808500    0.0032557200
  -0.0001304100   -0.0003748500   -0.0010334700
   0.0062440200    0.0015096700   -0.0032468200
  -0.0001599300   -0.0006029500    0.0009663900
   0.0034742700    0.0053884400    0.0008812600
  -0.0000040800    0.0000029500    0.0000383600
  -0.0016631400    0.0005601800   -0.0005410800
  -0.0006231500    0.0002901100    0.0005871600
