     # Chirality               0               0
            # k            phase           phase
      0.00000000      0.00002805      0.00002796      0.00000043      0.00000055      0.00000089      0.00000092      0.00000094      0.00000094      0.00000096      0.00000097      0.00000112      0.00000204      0.00000211      0.00000262      0.00000267      0.00000270      0.00000271      0.00000274      0.00000275      0.00000043      0.00000054      0.00000088      0.00000092      0.00000094      0.00000094      0.00000096      0.00000097      0.00000106      0.00000203      0.00000210      0.00000262      0.00000267      0.00000270      0.00000271      0.00000274      0.00000275
      0.02040816      0.00028894      0.00028094      0.00000331      0.00000482      0.00000885      0.00000916      0.00000939      0.00000942      0.00000952      0.00000969      0.00001439      0.00002003      0.00002522      0.00002646      0.00002683      0.00002701      0.00002725      0.00002744      0.00003015      0.00000152      0.00000484      0.00000879      0.00000912      0.00000939      0.00000941      0.00000947      0.00000968      0.00001190      0.00001998      0.00002401      0.00002637      0.00002681      0.00002701      0.00002721      0.00002744      0.00002800
      0.04081633      0.00059624      0.00056420      0.00000025      0.00000971      0.00001763      0.00001826      0.00001873      0.00001879      0.00001895      0.00001934      0.00002952      0.00003966      0.00005144      0.00005294      0.00005372      0.00005391      0.00005446      0.00005477      0.00008417      0.00000975      0.00001752      0.00001820      0.00001870      0.00001879      0.00001889      0.00001932      0.00002559      0.00003960      0.00005090      0.00005285      0.00005371      0.00005391      0.00005443      0.00005477      0.00006624      0.99999104
      0.06122449      0.00092146      0.00084859      0.00001457      0.00002631      0.00002729      0.00002797      0.00002808      0.00002829      0.00002890      0.00004378      0.00005908      0.00007708      0.00007916      0.00008036      0.00008060      0.00008143      0.00008187      0.00016719      0.99998951      0.00001464      0.00002617      0.00002721      0.00002792      0.00002808      0.00002824      0.00002888      0.00003936      0.00005901      0.00007667      0.00007909      0.00008036      0.00008060      0.00008141      0.00008186      0.00012220      0.99996689
      0.08163265      0.00126464      0.00113289      0.00001936      0.00003488      0.00003619      0.00003708      0.00003726      0.00003752      0.00003835      0.00005746      0.00007823      0.00010234      0.00010505      0.00010666      0.00010695      0.00010807      0.00010863      0.00027987      0.99997074      0.00001946      0.00003471      0.00003611      0.00003703      0.00003726      0.00003747      0.00003833      0.00005291      0.00007817      0.00010197      0.00010499      0.00010667      0.00010695      0.00010805      0.00010862      0.00019561      0.99992860
      0.10204082      0.00162633      0.00141577      0.00002406      0.00004330      0.00004495      0.00004603      0.00004628      0.00004660      0.00004764      0.00007070      0.00009706      0.00012717      0.00013050      0.00013251      0.00013287      0.00013426      0.00013495      0.00042354      0.99994390      0.00002419      0.00004311      0.00004486      0.00004598      0.00004629      0.00004655      0.00004761      0.00006616      0.00009699      0.00012679      0.00013045      0.00013253      0.00013287      0.00013424      0.00013494      0.00028641      0.99987582
      0.12244898      0.00200752      0.00169578      0.00002865      0.00005153      0.00005352      0.00005479      0.00005511      0.00005549      0.00005673      0.00008354      0.00011549      0.00015147      0.00015542      0.00015782      0.00015823      0.00015990      0.00016071      0.00059996      0.99990916      0.00002881      0.00005133      0.00005342      0.00005474      0.00005512      0.00005544      0.00005670      0.00007908      0.00011542      0.00015107      0.00015536      0.00015784      0.00015823      0.00015988      0.00016069      0.00039450      0.99980814
      0.14285714      0.00240965      0.00197118      0.00003311      0.00005955      0.00006187      0.00006332      0.00006371      0.00006415      0.00006559      0.00009596      0.00013344      0.00017514      0.00017969      0.00018248      0.00018295      0.00018489      0.00018581      0.00081119      0.99986680      0.00003330      0.00005933      0.00006176      0.00006327      0.00006373      0.00006411      0.00006556      0.00009161      0.00013338      0.00017472      0.00017964      0.00018250      0.00018295      0.00018486      0.00018579      0.00051960      0.99972508
      0.16326531      0.00283453      0.00223980      0.00003743      0.00006732      0.00006996      0.00007158      0.00007205      0.00007255      0.00007418      0.00010795      0.00015085      0.00019808      0.00020322      0.00020639      0.00020692      0.00020911      0.00021014      0.00105955      0.99981723      0.00003764      0.00006708      0.00006985      0.00007153      0.00007208      0.00007251      0.00007415      0.00010370      0.00015078      0.00019764      0.00020318      0.00020641      0.00020692      0.00020909      0.00021012      0.00066110      0.99962602
      0.18367347      0.00328419      0.00249880      0.00004159      0.00007482      0.00007776      0.00007955      0.00008010      0.00008066      0.00008247      0.00011947      0.00016764      0.00022021      0.00022592      0.00022944      0.00023003      0.00023248      0.00023361      0.00134746      0.99976098      0.00004182      0.00007456      0.00007764      0.00007950      0.00008012      0.00008062      0.00008243      0.00011531      0.00016757      0.00021974      0.00022589      0.00022947      0.00023003      0.00023245      0.00023358      0.00081792      0.99951013
      0.20408163      0.00376070      0.00274435      0.00004556      0.00008200      0.00008524      0.00008719      0.00008782      0.00008843      0.00009042      0.00013049      0.00018375      0.00024144      0.00024769      0.00025156      0.00025220      0.00025489      0.00025612      0.00167725      0.99969867      0.00004582      0.00008173      0.00008512      0.00008714      0.00008784      0.00008839      0.00009037      0.00012638      0.00018368      0.00024094      0.00024766      0.00025159      0.00025220      0.00025486      0.00025609      0.00098823      0.99937630
      0.22448980      0.00426599      0.00297119      0.00004935      0.00008884      0.00009237      0.00009447      0.00009517      0.00009585      0.00009800      0.00014095      0.00019911      0.00026167      0.00026844      0.00027264      0.00027333      0.00027625      0.00027757      0.00205094      0.99963105      0.00004963      0.00008856      0.00009224      0.00009442      0.00009520      0.00009581      0.00009795      0.00013687      0.00019904      0.00026115      0.00026842      0.00027267      0.00027333      0.00027623      0.00027753      0.00116922      0.99922293
      0.24489796      0.00480160      0.00317205      0.00005292      0.00009532      0.00009911      0.00010135      0.00010213      0.00010287      0.00010517      0.00015084      0.00021366      0.00028083      0.00028809      0.00029259      0.00029334      0.00029648      0.00029788      0.00247002      0.99955899      0.00005323      0.00009502      0.00009897      0.00010130      0.00010217      0.00010283      0.00010512      0.00014674      0.00021358      0.00028028      0.00028807      0.00029263      0.00029334      0.00029646      0.00029784      0.00135679      0.99904769
      0.26530612      0.00536852      0.00333693      0.00005628      0.00010140      0.00010545      0.00010782      0.00010868      0.00010947      0.00011191      0.00016011      0.00022734      0.00029883      0.00030656      0.00031135      0.00031214      0.00031549      0.00031697      0.00293528      0.99948345      0.00005660      0.00010108      0.00010530      0.00010777      0.00010872      0.00010943      0.00011186      0.00015593      0.00022726      0.00029825      0.00030653      0.00031139      0.00031214      0.00031547      0.00031692      0.00154522      0.99884706
      0.28571429      0.00596729      0.00345210      0.00005940      0.00010707      0.00011134      0.00011384      0.00011477      0.00011562      0.00011820      0.00016872      0.00024009      0.00031561      0.00032376      0.00032882      0.00032966      0.00033321      0.00033475      0.00344685      0.99940557      0.00005974      0.00010673      0.00011119      0.00011379      0.00011482      0.00011558      0.00011814      0.00016440      0.00024001      0.00031500      0.00032374      0.00032886      0.00032966      0.00033318      0.00033470      0.00172693      0.99861563
      0.30612245      0.00659836      0.00349863      0.00006228      0.00011230      0.00011678      0.00011940      0.00012040      0.00012129      0.00012399      0.00017666      0.00025187      0.00033109      0.00033964      0.00034495      0.00034583      0.00034955      0.00035115      0.00400455      0.99932664      0.00006264      0.00011193      0.00011662      0.00011934      0.00012045      0.00012125      0.00012393      0.00017212      0.00025178      0.00033045      0.00033962      0.00034499      0.00034583      0.00034952      0.00035110      0.00189220      0.99834487
      0.32653061      0.00726304      0.00345013      0.00006490      0.00011706      0.00012174      0.00012446      0.00012553      0.00012647      0.00012928      0.00018389      0.00026262      0.00034521      0.00035412      0.00035965      0.00036057      0.00036446      0.00036611      0.00460872      0.99924825      0.00006527      0.00011667      0.00012157      0.00012439      0.00012558      0.00012643      0.00012922      0.00017903      0.00026252      0.00034453      0.00035409      0.00035970      0.00036057      0.00036443      0.00036605      0.00202901      0.99802107
      0.34693878      0.00796536      0.00326871      0.00006726      0.00012135      0.00012620      0.00012901      0.00013014      0.00013113      0.00013404      0.00019040      0.00027230      0.00035791      0.00036714      0.00037288      0.00037383      0.00037786      0.00037957      0.00526188      0.99917246      0.00006765      0.00012093      0.00012601      0.00012893      0.00013019      0.00013109      0.00013398      0.00018508      0.00027220      0.00035719      0.00036711      0.00037293      0.00037383      0.00037783      0.00037950      0.00212294      0.99762132
      0.36734694      0.00871545      0.00289728      0.00006935      0.00012513      0.00013014      0.00013303      0.00013422      0.00013525      0.00013825      0.00019617      0.00028087      0.00036914      0.00037866      0.00038458      0.00038556      0.00038972      0.00039146      0.00597179      0.99910213      0.00006974      0.00012467      0.00012992      0.00013294      0.00013427      0.00013521      0.00013818      0.00019024      0.00028076      0.00036837      0.00037862      0.00038463      0.00038556      0.00038969      0.00039138      0.00215731      0.99710578
      0.38775510      0.00953643      0.00224372      0.00007116      0.00012841      0.00013354      0.00013651      0.00013775      0.00013882      0.00014189      0.00020123      0.00028829      0.00037886      0.00038862      0.00039469      0.00039570      0.00039997      0.00040174      0.00675765      0.99904160      0.00007156      0.00012790      0.00013330      0.00013639      0.00013780      0.00013877      0.00014182      0.00019440      0.00028817      0.00037802      0.00038857      0.00039474      0.00039570      0.00039994      0.00040166      0.00211398      0.99640099
      0.40816327      0.01047967      0.00114448      0.00007268      0.00013116      0.00013640      0.00013943      0.00014071      0.00014181      0.00014495      0.00020558      0.00029454      0.00038703      0.00039699      0.00040319      0.00040422      0.00040858      0.00041038      0.00766402      0.99899801      0.00007308      0.00013058      0.00013612      0.00013928      0.00014076      0.00014176      0.00014488      0.00019744      0.00029441      0.00038610      0.00039692      0.00040324      0.00040421      0.00040854      0.00041028      0.00197566      0.99536122
      0.42857143      0.01166505      0.99926870      0.00007392      0.00013338      0.00013871      0.00014178      0.00014309      0.00014422      0.00014741      0.00020933      0.00029958      0.00039361      0.00040373      0.00041003      0.00041107      0.00041550      0.00041733      0.00879803      0.99898432      0.00007431      0.00013270      0.00013836      0.00014159      0.00014314      0.00014416      0.00014734      0.00019912      0.00029944      0.00039254      0.00040362      0.00041008      0.00041106      0.00041547      0.00041721      0.00173146      0.99366712
      0.44897959      0.01341449      0.99580569      0.00007487      0.00013508      0.00014047      0.00014356      0.00014488      0.00014604      0.00014926      0.00021270      0.00030340      0.00039859      0.00040882      0.00041518      0.00041624      0.00042072      0.00042256      0.01045548      0.99902664      0.00007523      0.00013419      0.00013999      0.00014330      0.00014493      0.00014597      0.00014919      0.00019882      0.00030324      0.00039726      0.00040864      0.00041523      0.00041623      0.00042068      0.00042242      0.00138593      0.99050447
      0.46938776      0.01689318      0.98798409      0.00007553      0.00013626      0.00014168      0.00014479      0.00014608      0.00014727      0.00015051      0.00021652      0.00030598      0.00040199      0.00041224      0.00041864      0.00041970      0.00042421      0.00042607      0.01374071      0.99918501      0.00007582      0.00013487      0.00014093      0.00014435      0.00014611      0.00014716      0.00015043      0.00019452      0.00030578      0.00040000      0.00041190      0.00041867      0.00041968      0.00042416      0.00042586      0.00096556      0.98307831
      0.48979592      0.03139791      0.94911055      0.00007595      0.00013708      0.00014248      0.00014558      0.00014670      0.00014793      0.00015114      0.00022703      0.00030735      0.00040400      0.00041408      0.00042038      0.00042144      0.00042597      0.00042786      0.02778643      0.99961651      0.00007594      0.00013103      0.00014025      0.00014439      0.00014666      0.00014765      0.00015101      0.00017106      0.00030689      0.00039562      0.00041264      0.00042033      0.00042136      0.00042576      0.00042719      0.00049938      0.94469339
      0.51020408      0.97810743      0.16972855      0.00007047      0.00010862      0.00013907      0.00014358      0.00014726      0.00014849      0.00015106      0.00015437      0.00030266      0.00034399      0.00040777      0.00041699      0.00042070      0.00042203      0.00042646      0.00043327      0.97387064      0.00006144      0.00007503      0.00013805      0.00014332      0.00014618      0.00014729      0.00014950      0.00015131      0.00029766      0.00031117      0.00040653      0.00041531      0.00042046      0.00042145      0.00042594      0.00042789      0.16559001
      0.53061224      0.99959436      0.03728655      0.00007131      0.00013024      0.00013977      0.00014312      0.00014665      0.00014827      0.00015059      0.00018828      0.00030222      0.00039455      0.00040919      0.00041765      0.00041925      0.00042185      0.00042500      0.00060697      0.99507944      0.00003355      0.00007190      0.00013690      0.00014248      0.00014460      0.00014667      0.00014867      0.00015064      0.00028750      0.00030600      0.00040425      0.00041297      0.00041860      0.00041958      0.00042383      0.00042558      0.03321283
      0.55102041      0.00319701      0.02354461      0.00007106      0.00013160      0.00013909      0.00014198      0.00014544      0.00014712      0.00014937      0.00020660      0.00030011      0.00039557      0.00040669      0.00041447      0.00041586      0.00041875      0.00042157      0.00104791      0.99824382      0.00001360      0.00007113      0.00013544      0.00014114      0.00014305      0.00014545      0.00014740      0.00014939      0.00027950      0.00030289      0.00040062      0.00040927      0.00041507      0.00041607      0.00042011      0.00042192      0.01953258
      0.57142857      0.00452242      0.01808952      0.00007039      0.00013067      0.00013755      0.00014023      0.00014362      0.00014533      0.00014752      0.00021390      0.00029670      0.00039178      0.00040194      0.00040937      0.00041072      0.00041365      0.00041636      0.00151425      0.99913843      0.00000235      0.00007030      0.00013356      0.00013927      0.00014111      0.00014364      0.00014557      0.00014753      0.00027302      0.00029903      0.00039550      0.00040403      0.00040985      0.00041087      0.00041475      0.00041661      0.01414253
      0.59183673      0.00508370      0.01498475      0.00006937      0.00012879      0.00013534      0.00013790      0.00014122      0.00014295      0.00014507      0.00021640      0.00029205      0.00038579      0.00039539      0.00040253      0.00040387      0.00040677      0.00040943      0.00180077      0.99947006      0.00006923      0.00013121      0.00013688      0.00013865      0.00014123      0.00014315      0.00014507      0.00026697      0.00029409      0.00038886      0.00039721      0.00040296      0.00040400      0.00040773      0.00040962      0.01111042      0.99999746
      0.61224490      0.00528589      0.01286818      0.00006803      0.00012621      0.00013251      0.00013500      0.00013823      0.00013997      0.00014202      0.00021619      0.00028619      0.00037802      0.00038714      0.00039400      0.00039536      0.00039819      0.00040080      0.00191286      0.99963516      0.00006787      0.00012836      0.00013394      0.00013567      0.00013825      0.00014015      0.00014202      0.00026073      0.00028801      0.00038068      0.00038880      0.00039442      0.00039547      0.00039906      0.00040097      0.00907688      0.99999690
      0.63265306      0.00528728      0.01126019      0.00006639      0.00012305      0.00012912      0.00013154      0.00013468      0.00013641      0.00013839      0.00021407      0.00027915      0.00036859      0.00037728      0.00038384      0.00038522      0.00038795      0.00039053      0.00190530      0.99973579      0.00006624      0.00012502      0.00013047      0.00013215      0.00013469      0.00013657      0.00013838      0.00025397      0.00028079      0.00037097      0.00037882      0.00038426      0.00038532      0.00038877      0.00039067      0.00756401      0.99999908
      0.65306122      0.00516488      0.00995074      0.00006446      0.00011933      0.00012517      0.00012755      0.00013057      0.00013229      0.00013419      0.00021038      0.00027097      0.00035760      0.00036584      0.00037209      0.00037349      0.00037611      0.00037864      0.00182125      0.99980494      0.00000284      0.00006432      0.00012119      0.00012648      0.00012809      0.00013059      0.00013244      0.00013418      0.00024649      0.00027244      0.00035976      0.00036731      0.00037253      0.00037359      0.00037689      0.00037877      0.00636283
      0.67346939      0.00496219      0.00883492      0.00006226      0.00011510      0.00012071      0.00012302      0.00012593      0.00012762      0.00012944      0.00020532      0.00026169      0.00034509      0.00035289      0.00035881      0.00036023      0.00036274      0.00036520      0.00169027      0.99985589      0.00000733      0.00006214      0.00011687      0.00012197      0.00012353      0.00012594      0.00012776      0.00012942      0.00023817      0.00026300      0.00034708      0.00035430      0.00035927      0.00036032      0.00036348      0.00036532      0.00536900
      0.69387755      0.00470644      0.00785543      0.00005980      0.00011038      0.00011575      0.00011800      0.00012077      0.00012242      0.00012415      0.00019899      0.00025134      0.00033113      0.00033849      0.00034404      0.00034549      0.00034787      0.00035026      0.00153265      0.99989492      0.00001194      0.00005970      0.00011209      0.00011697      0.00011846      0.00012078      0.00012255      0.00012414      0.00022895      0.00025250      0.00033297      0.00033985      0.00034453      0.00034558      0.00034859      0.00035037      0.00452545
      0.71428571      0.00441592      0.00697890      0.00005710      0.00010520      0.00011031      0.00011248      0.00011511      0.00011671      0.00011836      0.00019146      0.00023997      0.00031577      0.00032269      0.00032785      0.00032933      0.00033159      0.00033388      0.00136263      0.99992546      0.00001626      0.00005702      0.00010685      0.00011150      0.00011291      0.00011513      0.00011684      0.00011834      0.00021881      0.00024097      0.00031749      0.00032401      0.00032838      0.00032942      0.00033228      0.00033398      0.00379869
      0.73469388      0.00410342      0.00618469      0.00005416      0.00009959      0.00010443      0.00010651      0.00010899      0.00011052      0.00011208      0.00018279      0.00022761      0.00029908      0.00030557      0.00031033      0.00031183      0.00031395      0.00031613      0.00119027      0.99994958      0.00002002      0.00005410      0.00010119      0.00010559      0.00010691      0.00010900      0.00011065      0.00011205      0.00020775      0.00022845      0.00030070      0.00030684      0.00031089      0.00031191      0.00031462      0.00031623      0.00316781
      0.75510204      0.00377802      0.00545925      0.00005101      0.00009358      0.00009814      0.00010010      0.00010241      0.00010388      0.00010533      0.00017306      0.00021430      0.00028112      0.00028720      0.00029153      0.00029304      0.00029504      0.00029708      0.00102261      0.99996862      0.00002305      0.00005096      0.00009512      0.00009924      0.00010048      0.00010242      0.00010399      0.00010531      0.00019578      0.00021499      0.00028265      0.00028841      0.00029212      0.00029312      0.00029567      0.00029718      0.00261878
      0.77551020      0.00344618      0.00479307      0.00004764      0.00008719      0.00009145      0.00009328      0.00009542      0.00009680      0.00009815      0.00016231      0.00020009      0.00026197      0.00026764      0.00027154      0.00027305      0.00027492      0.00027681      0.00086437      0.99998354      0.00002525      0.00004761      0.00008865      0.00009249      0.00009363      0.00009543      0.00009691      0.00009813      0.00018294      0.00020063      0.00026342      0.00026880      0.00027216      0.00027312      0.00027551      0.00027691      0.00214147
      0.79591837      0.00311233      0.00417895      0.00004408      0.00008046      0.00008441      0.00008607      0.00008803      0.00008932      0.00009057      0.00015063      0.00018502      0.00024169      0.00024699      0.00025045      0.00025194      0.00025368      0.00025541      0.00071852      0.99999506      0.00002660      0.00004407      0.00008183      0.00008537      0.00008641      0.00008804      0.00008943      0.00009055      0.00016928      0.00018541      0.00024309      0.00024807      0.00025109      0.00025201      0.00025423      0.00025551      0.00172797
      0.81632653      0.00277948      0.00361114      0.00000370      0.00004032      0.00007341      0.00007703      0.00007852      0.00008029      0.00008147      0.00008261      0.00013808      0.00016914      0.00022038      0.00022532      0.00022834      0.00022980      0.00023141      0.00023296      0.00058670      0.00002708      0.00004034      0.00007467      0.00007791      0.00007885      0.00008029      0.00008157      0.00008259      0.00015484      0.00016940      0.00022175      0.00022632      0.00022898      0.00022986      0.00023191      0.00023306      0.00137172
      0.83673469      0.00244952      0.00308479      0.00000989      0.00003638      0.00006607      0.00006935      0.00007064      0.00007221      0.00007328      0.00007431      0.00012473      0.00015250      0.00019810      0.00020272      0.00020530      0.00020671      0.00020819      0.00020955      0.00046957      0.00002673      0.00003644      0.00006720      0.00007012      0.00007096      0.00007222      0.00007338      0.00007429      0.00013969      0.00015264      0.00019947      0.00020362      0.00020595      0.00020677      0.00020864      0.00020965      0.00106702
      0.85714286      0.00212364      0.00259579      0.00001394      0.00003227      0.00005846      0.00006139      0.00006247      0.00006384      0.00006479      0.00006570      0.00011064      0.00013517      0.00017495      0.00017928      0.00018144      0.00018278      0.00018412      0.00018529      0.00036712      0.00002558      0.00003238      0.00005945      0.00006203      0.00006278      0.00006385      0.00006489      0.00006569      0.00012387      0.00013521      0.00017635      0.00018008      0.00018207      0.00018283      0.00018451      0.00018539      0.00080883
      0.87755102      0.00180253      0.00214061      0.00001610      0.00002800      0.00005060      0.00005319      0.00005404      0.00005521      0.00005603      0.00005682      0.00009586      0.00011719      0.00015099      0.00015509      0.00015683      0.00015809      0.00015928      0.00016027      0.00027893      0.00002366      0.00002818      0.00005144      0.00005369      0.00005435      0.00005522      0.00005612      0.00005681      0.00010744      0.00011715      0.00015249      0.00015579      0.00015744      0.00015814      0.00015961      0.00016036      0.00059270
      0.89795918      0.00148665      0.00171636      0.00001658      0.00002357      0.00004253      0.00004476      0.00004540      0.00004636      0.00004704      0.00004771      0.00008040      0.00009864      0.00012628      0.00013024      0.00013160      0.00013276      0.00013379      0.00013459      0.00020439      0.00002103      0.00002387      0.00004322      0.00004511      0.00004570      0.00004636      0.00004713      0.00004770      0.00009044      0.00009855      0.00012798      0.00013084      0.00013217      0.00013280      0.00013405      0.00013468      0.00041474
      0.91836735      0.00117632      0.00132072      0.00001557      0.00001902      0.00003425      0.00003613      0.00003657      0.00003731      0.00003786      0.00003839      0.00006428      0.00007958      0.00010080      0.00010483      0.00010583      0.00010687      0.00010774      0.00010836      0.00014291      0.00001770      0.00001947      0.00003480      0.00003634      0.00003685      0.00003732      0.00003793      0.00003840      0.00007291      0.00007946      0.00010292      0.00010535      0.00010635      0.00010690      0.00010793      0.00010844      0.00027166
      0.93877551      0.00087194      0.00095201      0.00001319      0.00001437      0.00002581      0.00002731      0.00002760      0.00002812      0.00002851      0.00002892      0.00004749      0.00006009      0.00007434      0.00007897      0.00007966      0.00008054      0.00008122      0.00008169      0.00009411      0.00001374      0.00001499      0.00002622      0.00002740      0.00002782      0.00002812      0.00002858      0.00002893      0.00005489      0.00005997      0.00007740      0.00007940      0.00008008      0.00008057      0.00008135      0.00008175      0.00016079
      0.95918367      0.00057396      0.00060916      0.00000939      0.00000988      0.00001722      0.00001831      0.00001852      0.00001881      0.00001905      0.00001932      0.00003013      0.00004021      0.00004696      0.00005276      0.00005323      0.00005388      0.00005434      0.00005467      0.00005728      0.00000932      0.00001032      0.00001753      0.00001834      0.00001866      0.00001881      0.00001911      0.00001934      0.00003637      0.00004014      0.00005142      0.00005311      0.00005348      0.00005390      0.00005442      0.00005471      0.00008017
      0.97959184      0.00028304      0.00029176      0.00000466      0.00000528      0.00000854      0.00000919      0.00000933      0.00000942      0.00000950      0.00000966      0.00001328      0.00002006      0.00002179      0.00002638      0.00002665      0.00002700      0.00002721      0.00002741      0.00002768      0.00000467      0.00000534      0.00000875      0.00000919      0.00000937      0.00000942      0.00000956      0.00000968      0.00001711      0.00002006      0.00002433      0.00002654      0.00002669      0.00002700      0.00002725      0.00002743      0.00002935
      1.00000000      0.00002792      0.00002800      0.00000044      0.00000055      0.00000081      0.00000092      0.00000093      0.00000094      0.00000094      0.00000096      0.00000111      0.00000198      0.00000211      0.00000264      0.00000267      0.00000270      0.00000272      0.00000274      0.00000275      0.00000045      0.00000055      0.00000083      0.00000092      0.00000093      0.00000094      0.00000094      0.00000097      0.00000115      0.00000199      0.00000212      0.00000264      0.00000267      0.00000270      0.00000272      0.00000275      0.00000275
