96   
18   

1    
  0.0100000000000000  -0.0000000000067184   0.0000000001347086
  -0.2432912000    0.0282144500   -0.0128177600
   0.0242711900    0.0073144500   -0.0137027800
  -0.0142454500    0.0080728100   -0.0114458600
   0.0061682200    0.0076358600   -0.0139170600
  -0.0126759500    0.0099993300   -0.0122005800
   0.0061745700    0.0065915900   -0.0136334200
  -0.0050748200    0.0077829200   -0.0137521000
   0.0013789000    0.0074716800   -0.0133171100
  -0.0340710000    0.0037708500    0.0148163700
   0.0081699300    0.0074069300    0.0132827900
  -0.0340784100    0.0053220600    0.0066651000
   0.0081660200    0.0071397900    0.0135333200
  -0.0218608100    0.0099950400    0.0079322600
   0.0079800200    0.0071687900    0.0149905800
  -0.0218496400    0.0017769700    0.0079387900
   0.0079748300    0.0078740700    0.0131536900
   0.0210995300    0.0102674600    0.0188536500
   0.0226271300    0.0122239200   -0.0342830300
   0.0028793500    0.0076761300   -0.0105036900
   0.0026140500    0.0071893400   -0.0155732800
   0.0210566400    0.0086707200   -0.0396781900
   0.0225820500    0.0171720300    0.0234945400
   0.0028780600    0.0082464000   -0.0162183600
   0.0026098900    0.0065563100   -0.0098476900
   0.0026312000    0.0104294000    0.0130969300
   0.0017829500    0.0048034400    0.0128632800
   0.0026333700    0.0047807500    0.0145652000
   0.0017818200    0.0098058800    0.0123856100
   0.0209391400    0.0365589200    0.0053541900
   0.0233874800   -0.0274286300    0.0085322000
   0.0209492500   -0.0206659900    0.0078659800
   0.0234271800    0.0261923900    0.0179488200
   0.0219691400   -0.0040945300   -0.0148270800
  -0.0119509000   -0.0039189000    0.0016894700
   0.0000394200   -0.0024613200    0.0028573400
  -0.0044809200   -0.0016943300    0.0012033100
   0.0079229700    0.0007105500   -0.0077137000
  -0.0095897500   -0.0041690900    0.0044355200
   0.0011069500    0.0002011000   -0.0002099300
  -0.0046934400   -0.0022756500    0.0019098800
   0.0052279100    0.0062197000    0.0021034000
  -0.0089827700   -0.0045243700   -0.0037705500
   0.0194609800    0.0020150800    0.0023006100
  -0.0115736200   -0.0021601600   -0.0031345500
   0.0007823100   -0.0010741800    0.0011601900
  -0.0043904600   -0.0022161900   -0.0017228600
   0.0011425300   -0.0019605800   -0.0005659000
  -0.0052451900   -0.0019852200   -0.0016645300
   0.0028815700   -0.0069009400   -0.0027893800
  -0.0064964600   -0.0044386600    0.0017107700
  -0.0016887700   -0.0066919400    0.0006922500
  -0.0045305300   -0.0058378300    0.0003427400
   0.0130792400   -0.0044617300    0.0011468700
  -0.0154425800   -0.0032012700   -0.0013152000
  -0.0007570600   -0.0015707900    0.0000482500
  -0.0066094000   -0.0075509600   -0.0005886400
  -0.0017460700   -0.0058956700    0.0005780200
  -0.0042836200   -0.0056833300   -0.0002052500
   0.0005639800   -0.0054087300   -0.0050845800
  -0.0065943200   -0.0072853300    0.0011159100
  -0.0001071800   -0.0101526900    0.0002162400
  -0.0078295600   -0.0034079200   -0.0026443500
   0.0154418800   -0.0131067900   -0.0076229400
  -0.0112648400   -0.0078399800   -0.0019867000
   0.0074676500   -0.0111892100   -0.0032289500
  -0.0006676600   -0.0034067000    0.0031800800
   0.0221458700   -0.0011152000   -0.0052051100
  -0.0051090500   -0.0077856300    0.0018014100
   0.0038807400   -0.0063336500    0.0004384700
   0.0021439500   -0.0057732100   -0.0010601900
   0.0046833600   -0.0045131500    0.0044809000
  -0.0010992800   -0.0102271800   -0.0049737100
   0.0362410700    0.0043868000    0.0114352600
  -0.0081548600   -0.0044510800    0.0041951500
   0.0077533100   -0.0007493100    0.0000713800
   0.0002942600   -0.0075259300    0.0015522000
   0.0055706300   -0.0067210300    0.0043659800
  -0.0003272500   -0.0038959000   -0.0022207700
   0.0043812200   -0.0053895600    0.0005524000
   0.0016122100   -0.0063276500   -0.0000520800
  -0.0016711000   -0.0031345400   -0.0034322600
   0.0038066500   -0.0009263200    0.0057538500
   0.0011295300   -0.0007905200    0.0002713500
   0.0032818000   -0.0022183300    0.0019494800
  -0.0120487000   -0.0031255700    0.0020264400
   0.0700576200   -0.0247741700    0.0252333100
  -0.0013424100    0.0023923100    0.0012961200
   0.0039717900   -0.0053664500    0.0003514900
   0.0000588400   -0.0020637600   -0.0011460600
   0.0052089600   -0.0004931600   -0.0006405100
  -0.0029700700    0.0025521200   -0.0035944900
   0.0037412100   -0.0065628600    0.0030711500
  -0.0024187500   -0.0037924500    0.0035581100
   0.0058826600    0.0053771600   -0.0072577800
  -0.0057328500    0.0012774400    0.0025318800
   0.0078517300   -0.0105267200   -0.0093515200

1    
 -0.0100000000000000   0.0000000000067184  -0.0000000001347086
   0.2557025300   -0.0325536300   -0.0028990500
  -0.0282795600    0.0081019000   -0.0127952300
   0.0102585300    0.0074189400   -0.0151129700
  -0.0102013000    0.0078496500   -0.0126435500
   0.0086969300    0.0054609200   -0.0143788400
  -0.0102040900    0.0088706200   -0.0129370600
   0.0010716500    0.0076870200   -0.0128143600
  -0.0053998800    0.0080018900   -0.0132478900
   0.0301146100    0.0116260900    0.0114539700
  -0.0122104400    0.0080885800    0.0130775900
   0.0301039100    0.0102425900    0.0195715500
  -0.0122127300    0.0083138000    0.0128238700
   0.0179343100    0.0054354100    0.0184689100
  -0.0120126300    0.0083342400    0.0112968500
   0.0179431200    0.0137445000    0.0184570400
  -0.0120169300    0.0075796600    0.0131674500
  -0.0174027800    0.0051940000   -0.0452915100
  -0.0189461100    0.0032286300    0.0078919300
   0.0008065500    0.0077975800   -0.0160623400
   0.0011157500    0.0082860900   -0.0109832000
  -0.0174361200    0.0067576300    0.0129137200
  -0.0189975800   -0.0017522700   -0.0503332200
   0.0008069600    0.0072351700   -0.0103369700
   0.0011088600    0.0089212500   -0.0167235900
   0.0010538700    0.0050379800    0.0132343800
   0.0019419000    0.0106803100    0.0134631800
   0.0010580500    0.0106922900    0.0117640100
   0.0019398600    0.0056577200    0.0139397500
  -0.0172877100   -0.0208695000    0.0209857200
  -0.0197940800    0.0431894300    0.0178053300
  -0.0172774700    0.0359921800    0.0184342000
  -0.0197525800   -0.0108932700    0.0084206800
  -0.0269018600    0.0012037900    0.0174576800
   0.0072215000    0.0007136500    0.0002829700
  -0.0048050900   -0.0007520900   -0.0008390000
  -0.0002605200   -0.0014959400    0.0008016000
  -0.0127300900   -0.0039201200    0.0097919700
   0.0048652000    0.0009899200   -0.0024080600
  -0.0058790100   -0.0034053100    0.0022256000
  -0.0000519800   -0.0009151500    0.0000992300
  -0.0100380500   -0.0094460400   -0.0043215100
   0.0042446400    0.0013148200    0.0015826200
  -0.0245250600   -0.0057078600   -0.0043721100
   0.0068559800   -0.0009949200    0.0009481200
  -0.0055527800   -0.0021214400   -0.0033582000
  -0.0003514900   -0.0009796900   -0.0004493700
  -0.0059132300   -0.0012285300   -0.0016188800
   0.0005037700   -0.0012037000   -0.0005150800
  -0.0095525700   -0.0048264700    0.0032741100
  -0.0001666300   -0.0072894700   -0.0012516700
  -0.0049687500   -0.0050398400   -0.0002165700
  -0.0021358000   -0.0058853300    0.0001266500
  -0.0194678600   -0.0068575600   -0.0011715600
   0.0087968500   -0.0085628100    0.0018349300
  -0.0059036700   -0.0101817300    0.0004206600
  -0.0000524000   -0.0041691800    0.0010567100
  -0.0049148700   -0.0058297500   -0.0012680000
  -0.0023809100   -0.0060467000   -0.0004869200
  -0.0072272400   -0.0063100400    0.0044003000
  -0.0000654900   -0.0044296600   -0.0018165600
  -0.0065509600   -0.0015661800   -0.0009007800
   0.0011760500   -0.0083375100    0.0019619900
  -0.0217326000    0.0008719200    0.0063851500
   0.0046202800   -0.0038502200    0.0013070000
  -0.0011170200   -0.0005229200    0.0025188500
   0.0070257200   -0.0083353700   -0.0038846900
  -0.0147669400   -0.0114202300    0.0052140600
   0.0114824700   -0.0039036600   -0.0025264200
   0.0024834700   -0.0053886300   -0.0011333000
   0.0042080600   -0.0059566300    0.0003738000
   0.0016811400   -0.0072040100   -0.0051916000
   0.0074633500   -0.0014794500    0.0042978600
  -0.0286699300   -0.0148891100   -0.0098779900
   0.0145201000   -0.0072908000   -0.0037717100
  -0.0013986300   -0.0109885200    0.0003985900
   0.0060620800   -0.0041905400   -0.0010875200
   0.0007867600   -0.0050102000   -0.0039182100
   0.0066911900   -0.0078419400    0.0027098000
   0.0019792400   -0.0063387400   -0.0000833400
   0.0047460100   -0.0053976800    0.0005249600
   0.0061301900   -0.0000618800    0.0054439300
   0.0006292100   -0.0022658400   -0.0037422300
   0.0033253400   -0.0024053800    0.0017432600
   0.0011573000   -0.0009719800    0.0000620900
   0.0163864400   -0.0001449200    0.0000504400
  -0.0694324100    0.0235677100   -0.0255207800
   0.0058109200   -0.0056028700    0.0007128200
   0.0004565000    0.0021805200    0.0016478300
   0.0044076500   -0.0011299700   -0.0010396400
  -0.0007761600   -0.0026985100   -0.0015375700
   0.0074512400   -0.0057540800    0.0014185000
   0.0006751800    0.0033848900   -0.0052450700
   0.0068890500    0.0005815600   -0.0057376100
  -0.0014563900   -0.0085925200    0.0051005200
   0.0102289500   -0.0044623400   -0.0047199500
  -0.0034408400    0.0074358400    0.0072269200

1    
 -0.0000000000071304   0.0100000000000000   0.0000000004921276
   0.0235645100   -0.2364437000   -0.0186555700
  -0.0022602000   -0.0029228000   -0.0121550800
  -0.0015210200    0.0304820400   -0.0138416500
  -0.0019948800    0.0156302500   -0.0141317700
   0.0003614900   -0.0022839100   -0.0137553500
  -0.0030138100    0.0043572900   -0.0129894900
  -0.0018423900    0.0141104700   -0.0130513700
  -0.0021486300    0.0111749300   -0.0130566700
  -0.0043485600    0.0323548500    0.0411939700
  -0.0024646700    0.0086903800    0.0155686700
  -0.0058001900    0.0322893700   -0.0259142100
  -0.0022272900    0.0087137200    0.0095110600
  -0.0078505800    0.0202070700   -0.0050922700
  -0.0017317400    0.0078449800    0.0106288700
   0.0003858700    0.0202163300    0.0324868300
  -0.0024661800    0.0078655900    0.0165315700
   0.0008684200   -0.0202140200   -0.0155138400
  -0.0074970900   -0.0097244000   -0.0093899300
   0.0013578900    0.0163209300   -0.0132345100
   0.0030061500    0.0161846400   -0.0145158200
  -0.0006930600   -0.0202207700   -0.0122814300
  -0.0025896400   -0.0097330400   -0.0223338800
   0.0019271300    0.0163252700   -0.0122881100
   0.0023857000    0.0161781400   -0.0118687800
   0.0047943200    0.0088315500    0.0133416900
  -0.0002193900    0.0084396800    0.0145427200
  -0.0008323300    0.0088449500    0.0122654800
   0.0047706900    0.0084645100    0.0115574900
   0.0302461200    0.0301316300    0.0081797500
  -0.0167400400    0.0211232300    0.0103298000
  -0.0266649900    0.0300305100    0.0177130100
   0.0369505100    0.0212062400    0.0258361900
  -0.0006740500    0.0209145000    0.0060929200
  -0.0038856800    0.0018112300    0.0002868100
  -0.0049788700   -0.0117055000    0.0013564400
  -0.0026183800   -0.0037571200    0.0012323800
  -0.0016406400    0.0024384500    0.0056350300
  -0.0002075000   -0.0003354800    0.0011761200
  -0.0037450400   -0.0061561600   -0.0003200800
  -0.0028387300   -0.0031565200    0.0004108100
   0.0012904800   -0.0161337400   -0.0019580900
  -0.0069139400   -0.0049210100   -0.0025341400
   0.0019444900    0.0285568400   -0.0074357600
   0.0035940200    0.0007499300   -0.0000909400
  -0.0012077700   -0.0040152600    0.0015673400
  -0.0030498900   -0.0027302900   -0.0006360200
  -0.0029750200    0.0009325400   -0.0031942700
  -0.0010624200   -0.0005035000   -0.0013670300
  -0.0054026300   -0.0034198500   -0.0058444200
  -0.0025065100   -0.0057615200   -0.0010977400
  -0.0006034900   -0.0110693800    0.0045039500
  -0.0033455400   -0.0070399300    0.0011725100
  -0.0033450600    0.0164114300    0.0003542100
   0.0008250100   -0.0054410900    0.0023063900
  -0.0015505700   -0.0144510500   -0.0014113300
  -0.0064541500   -0.0105023600   -0.0025451400
  -0.0042760800   -0.0093648800   -0.0022935500
  -0.0029309500   -0.0078821700   -0.0006882600
  -0.0025003500   -0.0015617600    0.0051915400
  -0.0025671700   -0.0027120500   -0.0007094400
  -0.0037608900   -0.0138142200    0.0004742700
  -0.0020847300   -0.0096561100    0.0005620400
  -0.0164133700    0.0310603600    0.0201474500
  -0.0045932900    0.0005539800   -0.0014303700
   0.0015268300   -0.0141272400   -0.0018357900
   0.0049765200   -0.0093954900   -0.0019374000
  -0.0004277400    0.0201795400   -0.0034315800
  -0.0018006900   -0.0000277100    0.0033996300
   0.0020876900   -0.0088785500    0.0005173900
   0.0033953900   -0.0078985500   -0.0003564900
   0.0052997800   -0.0029489100   -0.0047595600
   0.0036153400   -0.0020907800    0.0001699900
   0.0162189100    0.0291925000    0.0082885400
   0.0078267500   -0.0051299100   -0.0013206900
   0.0054525000   -0.0149575500    0.0025440900
   0.0010064900   -0.0098435500    0.0027211100
   0.0018896500   -0.0040222800    0.0045737500
   0.0043642400   -0.0053408300    0.0004702900
   0.0041898500   -0.0082200800   -0.0005182400
   0.0028755100   -0.0073598200   -0.0000337400
   0.0024291200   -0.0001685200    0.0028155800
   0.0024169800   -0.0003662200   -0.0015356600
   0.0032640500   -0.0032883300    0.0007263100
   0.0023419600   -0.0033608900    0.0010999900
  -0.0034613000    0.0053490800    0.0017214700
  -0.0181791700    0.0245072100   -0.0068030100
   0.0048293400   -0.0073022400   -0.0003297200
   0.0025595700   -0.0103736500   -0.0009086500
   0.0023602800   -0.0036361500   -0.0015833500
   0.0068556000   -0.0055338500   -0.0040720200
   0.0034481700    0.0000901100    0.0009609300
  -0.0041980200    0.0034941100    0.0065174200
  -0.0007266000   -0.0050654700    0.0023129100
   0.0047857300   -0.0070559000    0.0011795300
   0.0080137000    0.0002532700   -0.0057134700
  -0.0044698100    0.0015124700   -0.0094105300

1    
  0.0000000000071304  -0.0100000000000000  -0.0000000004921276
  -0.0276914200    0.2506430600   -0.0105655000
  -0.0015747300    0.0183197100   -0.0142915000
  -0.0022757700   -0.0152340400   -0.0126282600
  -0.0018800300   -0.0003859200   -0.0122965200
  -0.0042759800    0.0176725900   -0.0126809900
  -0.0008350800    0.0109736800   -0.0134496200
  -0.0020368700    0.0011368700   -0.0133820600
  -0.0017192600    0.0040980100   -0.0133786100
   0.0004753500   -0.0171318500   -0.0144570400
  -0.0013929500    0.0065768400    0.0108853500
   0.0019624000   -0.0172050100    0.0528933500
  -0.0016420400    0.0066004800    0.0169844700
   0.0040190200   -0.0049830000    0.0315715100
  -0.0021271300    0.0074359600    0.0158606500
  -0.0042738600   -0.0049660900   -0.0062282200
  -0.0013972100    0.0074575600    0.0099021100
   0.0029355900    0.0357029600   -0.0109444800
   0.0115710800    0.0252289900   -0.0171728300
   0.0025174100   -0.0010926200   -0.0131688700
   0.0007930000   -0.0009373700   -0.0118641400
   0.0045284500    0.0356930100   -0.0141143900
   0.0065613200    0.0252231300   -0.0038772600
   0.0019544600   -0.0010873400   -0.0141738200
   0.0014390900   -0.0009442800   -0.0146049300
  -0.0009672300    0.0064548000    0.0131167000
   0.0040803600    0.0068267100    0.0119094700
   0.0047053900    0.0064689500    0.0142058600
  -0.0009564500    0.0068510300    0.0149228900
  -0.0262608700   -0.0148144500    0.0182869700
   0.0204999200   -0.0060862000    0.0160010400
   0.0309167700   -0.0149189700    0.0086818700
  -0.0335234300   -0.0060036500    0.0004785700
  -0.0042594600   -0.0238988700   -0.0033535200
  -0.0007196300   -0.0051974900    0.0018530500
   0.0003995400    0.0083795300    0.0007521100
  -0.0019998800    0.0004117600    0.0009025600
  -0.0029449600   -0.0058060300   -0.0035428200
  -0.0044254600   -0.0030355100    0.0009625000
  -0.0008572900    0.0028273100    0.0024760600
  -0.0017804500   -0.0001962200    0.0017378400
  -0.0057887200    0.0126510600   -0.0001493700
   0.0023198900    0.0015919400    0.0004823500
  -0.0077938900   -0.0342084900    0.0061236700
  -0.0082620000   -0.0041371500   -0.0019712600
  -0.0034065900    0.0006862500   -0.0036416100
  -0.0015605800   -0.0006149900   -0.0014250600
  -0.0016339800   -0.0043180100    0.0011617500
  -0.0035663900   -0.0028679500   -0.0006861600
  -0.0011045400   -0.0084740300    0.0064727300
  -0.0040359400   -0.0061172900    0.0017120300
  -0.0059490600   -0.0007760700   -0.0039579000
  -0.0031770000   -0.0048481300   -0.0005823000
  -0.0023940400   -0.0272208200   -0.0009502600
  -0.0074381100   -0.0064239200   -0.0017264800
  -0.0050088600    0.0026344500    0.0020530700
  -0.0000340400   -0.0013575600    0.0031809500
  -0.0022355800   -0.0024907600    0.0017476100
  -0.0035919200   -0.0039874200    0.0001257000
  -0.0040294100   -0.0103778400   -0.0058038400
  -0.0039694300   -0.0092154700    0.0001558200
  -0.0027910200    0.0019858800   -0.0010060000
  -0.0044469200   -0.0021994800   -0.0011315000
   0.0106960300   -0.0436533800   -0.0218174800
  -0.0019325700   -0.0125090000    0.0008723700
   0.0049411700    0.0023144100    0.0012489800
   0.0015291700   -0.0024556300    0.0013913200
   0.0074680000   -0.0325548800    0.0033040500
   0.0083485000   -0.0119346200   -0.0040043200
   0.0044175300   -0.0029862700   -0.0010782700
   0.0031021000   -0.0039698700   -0.0002008500
   0.0011854700   -0.0089643000    0.0042128700
   0.0028683600   -0.0098480300   -0.0007509600
  -0.0084581200   -0.0398530800   -0.0066877900
  -0.0013988100   -0.0067461500    0.0019286900
   0.0010072800    0.0031452400   -0.0019781000
   0.0055138300   -0.0020261100   -0.0021427100
   0.0046118700   -0.0078863400   -0.0040056900
   0.0021159400   -0.0065439300    0.0001196500
   0.0023008900   -0.0036590900    0.0011288100
   0.0036248100   -0.0045272300    0.0006368900
   0.0021505800   -0.0032001800   -0.0006931900
   0.0021714900   -0.0029999700    0.0037315400
   0.0013083600   -0.0000586800    0.0014100600
   0.0022470200    0.0000129800    0.0010346300
   0.0080532000   -0.0087258400    0.0004170300
   0.0219829600   -0.0275291500    0.0085493900
  -0.0002695800    0.0039817100    0.0024775800
   0.0020548900    0.0070726500    0.0030897100
   0.0022201300    0.0003077600   -0.0004665400
  -0.0022875200    0.0022350100    0.0020116000
   0.0011367100   -0.0034630200   -0.0030235600
   0.0088511000   -0.0069163700   -0.0086469200
   0.0053236500    0.0017504500   -0.0043859200
  -0.0002053200    0.0037728100   -0.0032315100
  -0.0034560600   -0.0036318700    0.0036952600
   0.0091333800   -0.0049222700    0.0074598500

1    
  0.0000000001340426   0.0000000005005379   0.0100000000000000
  -0.0152844000   -0.0024012600   -0.2564458700
  -0.0022844600    0.0087571300   -0.0254177200
  -0.0000301200    0.0071210200   -0.0235924200
  -0.0024743400    0.0067854600   -0.0174943600
  -0.0007447800    0.0071460100    0.0078543900
  -0.0021944300    0.0079241400   -0.0040277300
  -0.0023188700    0.0078744100   -0.0057447000
  -0.0018789400    0.0078627900   -0.0092362000
   0.0046607600    0.0472274600    0.0297016000
  -0.0022078300    0.0113872300    0.0118179500
  -0.0035970200   -0.0203177800    0.0296139100
  -0.0019442600    0.0052990400    0.0118093500
   0.0033994600   -0.0116403000    0.0327358500
  -0.0018386600    0.0043336700    0.0160289900
   0.0034391900    0.0259299800    0.0327440300
  -0.0036960300    0.0102599800    0.0160271400
   0.0284591300    0.0086402600    0.0100235300
  -0.0350687500   -0.0015843500    0.0065853000
   0.0049502000    0.0086480500   -0.0117536000
  -0.0014201600    0.0090796400   -0.0136035600
  -0.0299342300    0.0054041000    0.0099093200
   0.0230448700    0.0116149800    0.0066068100
  -0.0007628000    0.0076710400   -0.0117340000
   0.0043041200    0.0063705700   -0.0135644200
   0.0034331000    0.0086281600    0.0223361100
   0.0012200100    0.0093469800    0.0230058300
   0.0019533000    0.0075194600    0.0223379600
   0.0017039900    0.0063190100    0.0230063300
  -0.0032757100    0.0030984600   -0.0170441700
   0.0068148300   -0.0050924900   -0.0053235200
  -0.0058253600    0.0127104700   -0.0170833900
  -0.0025160400    0.0105257600   -0.0052157800
  -0.0150090200    0.0101919500    0.0431953400
  -0.0071555700   -0.0020815000    0.0035897300
  -0.0014433400    0.0014748600    0.0023476100
  -0.0031383700   -0.0009300700    0.0023548700
  -0.0031348100   -0.0013321300   -0.0097932200
   0.0042038100    0.0005349700   -0.0037030900
  -0.0032191500   -0.0052054400   -0.0009945600
  -0.0010239500   -0.0022154900   -0.0005118900
   0.0022683000   -0.0064408000    0.0082797800
   0.0005480000   -0.0018055400    0.0020330000
   0.0032807100   -0.0013055200    0.0241115900
  -0.0018172100    0.0001182000    0.0029257600
  -0.0055492000   -0.0001074400   -0.0077139800
  -0.0036599500   -0.0013479900   -0.0035450300
  -0.0049852600   -0.0007942400   -0.0073144000
  -0.0028128300   -0.0016645300   -0.0041243500
  -0.0068422600   -0.0076822700   -0.0095656400
  -0.0006660600   -0.0088472100   -0.0032871200
  -0.0042202000   -0.0042900900   -0.0027461100
  -0.0027648100   -0.0054001600   -0.0011639300
  -0.0050232400   -0.0101305800    0.0238828500
  -0.0085489600   -0.0033184700    0.0008536200
  -0.0026703200   -0.0126097800    0.0030373900
  -0.0028236500   -0.0055922600    0.0028438200
  -0.0051994000   -0.0087570500   -0.0055060300
  -0.0021540300   -0.0068410400   -0.0015927000
  -0.0046707500   -0.0048187000   -0.0091807400
   0.0004295800   -0.0030668900   -0.0054202500
  -0.0021034200   -0.0002221500    0.0037472000
  -0.0045151600   -0.0042895500    0.0001649300
  -0.0116959600    0.0057020500    0.0301811600
  -0.0059924000   -0.0084966700    0.0027050200
   0.0005965800   -0.0108819500    0.0032546500
   0.0034521500   -0.0054577400    0.0029292900
   0.0073758600   -0.0075939000    0.0227022000
   0.0066161100   -0.0046213000    0.0036835600
   0.0048064700   -0.0046485800   -0.0034983600
   0.0033347200   -0.0056724200   -0.0023092000
   0.0043521500   -0.0071011200   -0.0100523500
   0.0013799100   -0.0079413300   -0.0052172500
   0.0153061300    0.0018414300    0.0348651400
   0.0080486800   -0.0080103100    0.0091691000
   0.0013295500   -0.0023538700    0.0034231500
   0.0037684000   -0.0055236100    0.0021056000
   0.0038145200   -0.0043704500   -0.0087128500
   0.0026456500   -0.0041280100   -0.0046386100
   0.0045028600   -0.0070296400   -0.0028807400
   0.0036141900   -0.0061020800   -0.0022747100
  -0.0009894000   -0.0027178000   -0.0044727200
   0.0008454100   -0.0031910000   -0.0101519400
   0.0013874800   -0.0018817300   -0.0008132400
   0.0015711200   -0.0016245600   -0.0013929200
   0.0099371000    0.0000144600    0.0089336700
   0.0257992600   -0.0114365700    0.0227902800
   0.0036037800   -0.0020918400    0.0021542300
   0.0038101200   -0.0006236900    0.0046972800
   0.0018983600   -0.0019974800   -0.0022163200
   0.0077248200   -0.0067106700   -0.0058236500
   0.0000186700    0.0014038500   -0.0035227600
   0.0057508500    0.0037756400   -0.0069630300
   0.0025464500   -0.0003346200    0.0013208300
  -0.0002925400    0.0034606300   -0.0005063500
   0.0101234200   -0.0065644900   -0.0014861900
  -0.0046556800   -0.0107628200   -0.0000493800

1    
 -0.0000000001340426  -0.0000000005005379  -0.0100000000000000
  -0.0063952700    0.0055184100    0.2346058100
  -0.0013664600    0.0066269300   -0.0011107400
  -0.0036882200    0.0083393300   -0.0028984300
  -0.0011920000    0.0086258500   -0.0090283300
  -0.0029061200    0.0082202500   -0.0343513300
  -0.0014897100    0.0074668100   -0.0224752700
  -0.0013688300    0.0075493900   -0.0207707800
  -0.0018007900    0.0075449700   -0.0172744400
  -0.0082230700   -0.0314639200   -0.0032756200
  -0.0014829200    0.0040244500    0.0145465300
  -0.0002171200    0.0354499000   -0.0033663300
  -0.0017226300    0.0100944700    0.0145386800
  -0.0071015600    0.0271923200   -0.0063922100
  -0.0018312000    0.0110773100    0.0103841900
  -0.0070765000   -0.0106129500   -0.0063770300
   0.0000190200    0.0051409500    0.0103810200
  -0.0241161300    0.0068069000   -0.0364310200
   0.0387798800    0.0168713200   -0.0330146500
  -0.0009116900    0.0067667400   -0.0147837000
   0.0054766100    0.0063476900   -0.0129548900
   0.0342222300    0.0099701900   -0.0365403300
  -0.0191169200    0.0038334900   -0.0329884200
   0.0048131500    0.0077422500   -0.0147648200
  -0.0002677400    0.0090293200   -0.0129160600
   0.0006412100    0.0068006900    0.0040439900
   0.0027840900    0.0060966400    0.0033841600
   0.0021014100    0.0078567800    0.0040474000
   0.0023161600    0.0090661400    0.0033836200
   0.0073027900    0.0122428500    0.0435050500
  -0.0027071800    0.0203760500    0.0316609300
   0.0098058800    0.0027221000    0.0434642200
   0.0067683000    0.0049688700    0.0317707000
   0.0089369600   -0.0122187700   -0.0386274400
   0.0027344500   -0.0011899000   -0.0015194000
  -0.0029857000   -0.0047928100   -0.0002504800
  -0.0012915100   -0.0023306700   -0.0002904500
  -0.0012159300   -0.0019646800    0.0118674000
  -0.0086440600   -0.0038071500    0.0057575000
  -0.0011967000    0.0019427100    0.0030406000
  -0.0034031900   -0.0010498600    0.0025637700
  -0.0066770200    0.0031483200   -0.0103647400
  -0.0049878300   -0.0014604400   -0.0041756400
  -0.0079103700   -0.0024645200   -0.0259923600
  -0.0026086000   -0.0033765500   -0.0050599100
   0.0011328000   -0.0031741300    0.0055809900
  -0.0007772300   -0.0019174600    0.0013994500
   0.0005672900   -0.0024422500    0.0051726300
  -0.0016193900   -0.0015923200    0.0019743700
   0.0004556400   -0.0041327400    0.0100686000
  -0.0056477300   -0.0029654400    0.0037995300
  -0.0020995400   -0.0075175100    0.0032862800
  -0.0035687900   -0.0063889100    0.0016894100
  -0.0003266600   -0.0004661000   -0.0247543600
   0.0021775100   -0.0084663100   -0.0003559800
  -0.0036649200    0.0008168000   -0.0025247800
  -0.0035250900   -0.0062141700   -0.0023487000
  -0.0011472500   -0.0030621300    0.0048456000
  -0.0041743700   -0.0049642100    0.0009564100
  -0.0016823600   -0.0069375700    0.0085169500
  -0.0067453100   -0.0087002000    0.0047703600
  -0.0042409300   -0.0116039100   -0.0044006700
  -0.0018336000   -0.0074980600   -0.0008280600
   0.0064279800   -0.0189600600   -0.0323456600
  -0.0003553500   -0.0032844900   -0.0033828900
   0.0060742000   -0.0009064700   -0.0038904200
   0.0032235300   -0.0063384200   -0.0035547500
  -0.0001806900   -0.0046040600   -0.0230229600
   0.0000420100   -0.0071484600   -0.0042869600
   0.0018749900   -0.0071569300    0.0028475100
   0.0033520300   -0.0061294100    0.0016504800
   0.0023247500   -0.0046701000    0.0093926700
   0.0053034200   -0.0038687300    0.0045478200
  -0.0078089000   -0.0130067900   -0.0337803700
  -0.0013400400   -0.0037909800   -0.0086010000
   0.0053762900   -0.0094463700   -0.0028957100
   0.0029016500   -0.0062803500   -0.0015733500
   0.0028502600   -0.0074409900    0.0092322900
   0.0040539500   -0.0076646600    0.0051380200
   0.0021851000   -0.0047593400    0.0033921100
   0.0030741400   -0.0056901500    0.0027843000
   0.0057531300   -0.0005364600    0.0065319000
   0.0039688000   -0.0000867700    0.0121714200
   0.0033875600   -0.0013735900    0.0028755900
   0.0032092500   -0.0016334700    0.0034611800
  -0.0052054200   -0.0032683300   -0.0069004500
  -0.0219191700    0.0085779200   -0.0209471000
   0.0011722700   -0.0011733100   -0.0001013500
   0.0009617500   -0.0026668300   -0.0026685800
   0.0028743500   -0.0012655300    0.0000927900
  -0.0029381500    0.0034202800    0.0036941300
   0.0047392600   -0.0046555200    0.0013877100
  -0.0009816700   -0.0069790300    0.0048540900
   0.0022348900   -0.0029181400   -0.0034590500
   0.0050926800   -0.0067085500   -0.0016604900
  -0.0053296600    0.0033195100   -0.0006624300
   0.0095215400    0.0075930500   -0.0021192700

33   
  0.0100000000000000  -0.0000000000067184   0.0000000001347086
   0.0226234400    0.0092032300   -0.0257352300
  -0.0115013000    0.0060704400   -0.0181369600
   0.0004943000    0.0049725700   -0.0124743800
  -0.0040578900    0.0073303000   -0.0141527500
   0.0083713500    0.0082909800   -0.0141819100
  -0.0091383900    0.0097414300   -0.0068635500
   0.0015492200    0.0062045300   -0.0142435400
  -0.0042620500    0.0071139800   -0.0120527200
   0.0202119300    0.0129917200    0.0077253500
  -0.0111302700    0.0135231300    0.0128020800
   0.0056931300    0.0111428200    0.0087649300
  -0.0085259000    0.0030686400    0.0104448700
   0.0015882400    0.0069770500    0.0159602700
  -0.0048208700    0.0088895800    0.0137905200
   0.0012231900    0.0087380700    0.0165230300
  -0.0039636000    0.0069028800    0.0146317700
  -0.0122635100    0.0133772300   -0.0208305700
   0.0697834600    0.0267916800   -0.0360423400
  -0.0016382400    0.0050760700   -0.0144596100
   0.0036521600    0.0073821500   -0.0146712800
  -0.0019622400    0.0074806200   -0.0098853300
   0.0034762100    0.0074795200   -0.0117241600
   0.0008303200    0.0066387500   -0.0122538500
   0.0029747000    0.0075710800   -0.0124397600
  -0.0032743100    0.0064588000    0.0108565500
   0.0034155700    0.0141115000    0.0165752800
  -0.0002402100    0.0075496700    0.0127233800
   0.0048792000    0.0030742700    0.0185173900
  -0.0060404700    0.0018718300    0.0209513400
   0.0074676900    0.0144317700    0.0061219200
  -0.0027105500    0.0106417000    0.0133739700
   0.0055317600    0.0051294900    0.0105309500
  -0.1885569200   -0.0523186400    0.0703253300
   0.0048177300   -0.0010622500    0.0000384000
  -0.0039570100   -0.0013164700    0.0022644900
  -0.0004639500   -0.0002939100    0.0010566000
  -0.0039804700   -0.0023193500   -0.0000149400
   0.0000804600   -0.0017874100   -0.0007391200
  -0.0030700100   -0.0020030200    0.0010343400
  -0.0011632900   -0.0012166500    0.0004269800
  -0.0086815300    0.0003566000   -0.0043001100
   0.0017062500   -0.0015917100    0.0008022700
  -0.0086533200   -0.0039439000    0.0009586700
   0.0016981300   -0.0007540800    0.0000456500
  -0.0046658400   -0.0026164200   -0.0023750700
   0.0000073400   -0.0012000000   -0.0005945900
  -0.0046638700   -0.0018182400   -0.0029116300
  -0.0000014500   -0.0004667900   -0.0019789800
   0.0057844400   -0.0035831600    0.0146153900
   0.0033949300   -0.0142396500   -0.0054957700
  -0.0035412700   -0.0054008200    0.0005562200
  -0.0030027100   -0.0039447600    0.0002164900
  -0.0015113500   -0.0032941200   -0.0043677300
  -0.0032923000   -0.0063665600    0.0015774100
  -0.0033851100   -0.0064269600   -0.0000291000
  -0.0031838700   -0.0056908500    0.0001879900
  -0.0001035100   -0.0022389400    0.0054963400
  -0.0030421100   -0.0075482800   -0.0002631600
  -0.0032313900   -0.0079003600    0.0019271700
   0.0081856800    0.0065069600   -0.0120823800
  -0.0041157800   -0.0048595300   -0.0014122800
  -0.0028734700   -0.0061050400   -0.0001774400
   0.0027545700   -0.0148313300   -0.0079882400
  -0.0030447700   -0.0054847400    0.0007315200
   0.0064496400   -0.0019613600   -0.0020303900
   0.0030977200   -0.0074343500    0.0003349600
   0.0088393800   -0.0138869700   -0.0013739300
   0.0077951700    0.0007211200    0.0065235700
   0.0028605600   -0.0057484700    0.0001069900
   0.0038254700   -0.0063544600   -0.0011369900
   0.0028196800   -0.0058983200   -0.0016859000
   0.0035511800   -0.0058979300   -0.0021911500
   0.0451186500    0.0081380500   -0.0135357500
   0.0242050900   -0.0129973800    0.0115856600
   0.0026959600   -0.0059125500    0.0008269600
   0.0034314000   -0.0049016200    0.0009568700
   0.0028991700   -0.0065063800    0.0006260300
   0.0038054400   -0.0065558700   -0.0018003200
   0.0031888800   -0.0057728300   -0.0000737100
   0.0038053600   -0.0051748800   -0.0007542100
   0.0066178300   -0.0025425000    0.0025895600
  -0.0047872400   -0.0049015900   -0.0146646000
   0.0035897600   -0.0013905800    0.0017055800
   0.0009107300   -0.0004276900    0.0004397800
   0.0066224300   -0.0037350000    0.0007387900
  -0.0048162700   -0.0000202600    0.0054060000
   0.0035911000   -0.0024089700    0.0012640900
   0.0009150000   -0.0006659700    0.0005954700
   0.0056682400   -0.0020555400   -0.0017768400
  -0.0042546600   -0.0046220900    0.0002168100
   0.0056674200   -0.0033165300   -0.0008282000
  -0.0042118700    0.0085119300   -0.0024968700
   0.0048869000   -0.0012764300   -0.0035160800
   0.0009275000   -0.0017985300   -0.0005162600
   0.0048789800   -0.0022784500   -0.0021363500
   0.0009251400   -0.0013947100   -0.0010759500

33   
 -0.0100000000000000   0.0000000000067184  -0.0000000001347086
  -0.0261897200    0.0056022300   -0.0019027400
   0.0076915700    0.0092264500   -0.0082698800
  -0.0043158200    0.0103416700   -0.0140241200
   0.0001977800    0.0079401600   -0.0123170800
  -0.0122382000    0.0069793600   -0.0122754100
   0.0053422100    0.0055152500   -0.0197133300
  -0.0054073800    0.0090811400   -0.0122311900
   0.0004163000    0.0081624800   -0.0144404200
  -0.0237265000    0.0032439300    0.0189286800
   0.0073255100    0.0016686200    0.0136098200
  -0.0095257100    0.0040573500    0.0177180900
   0.0047257400    0.0122810600    0.0159957400
  -0.0054333900    0.0083063900    0.0104287400
   0.0009628800    0.0063798600    0.0126161500
  -0.0050802600    0.0065328900    0.0098620700
   0.0001105300    0.0083820000    0.0117686200
   0.0161940500    0.0019091900   -0.0056781900
  -0.0695874100   -0.0133195500    0.0117207600
   0.0055491600    0.0102128600   -0.0120134500
   0.0001682800    0.0079292100   -0.0118053300
   0.0058714200    0.0078025500   -0.0166037000
   0.0003331700    0.0077630900   -0.0148309100
   0.0030622200    0.0086354500   -0.0142329400
   0.0008797300    0.0077072300   -0.0140606500
   0.0071800500    0.0088106600    0.0155621800
   0.0003846300    0.0011126900    0.0098383500
   0.0041422400    0.0077327000    0.0136858600
  -0.0010665500    0.0122476700    0.0078556400
   0.0099525800    0.0133766100    0.0054941300
  -0.0037880100    0.0008782100    0.0202842000
   0.0066285600    0.0046377200    0.0130514600
  -0.0017711200    0.0101576300    0.0158970800
   0.1856223400    0.0510804600   -0.0671813200
  -0.0094315600   -0.0023382200    0.0020623300
  -0.0006239200   -0.0020799300   -0.0001890500
  -0.0041405600   -0.0031087100    0.0010308700
  -0.0006186600   -0.0010660100    0.0021313500
  -0.0046844300   -0.0015965100    0.0028457100
  -0.0015177800   -0.0013842800    0.0010574600
  -0.0034331200   -0.0021751900    0.0016678100
   0.0040756800   -0.0038998500    0.0022613100
  -0.0063127000   -0.0017758200   -0.0029220300
   0.0041054900    0.0006939900   -0.0030143200
  -0.0063210400   -0.0026480300   -0.0021629700
   0.0000865600   -0.0007659900    0.0002714400
  -0.0046015200   -0.0021858000   -0.0015094800
   0.0000856400   -0.0015658800    0.0008187900
  -0.0046092900   -0.0029373000   -0.0001155200
  -0.0122563800   -0.0082736600   -0.0139642700
  -0.0099782000    0.0024555400    0.0061320600
  -0.0029639300   -0.0065210600   -0.0000138500
  -0.0034882500   -0.0079986600    0.0003314100
  -0.0050125800   -0.0086510900    0.0049444700
  -0.0031768400   -0.0055503700   -0.0010437200
  -0.0031284800   -0.0054920500    0.0005896500
  -0.0033075200   -0.0062282100    0.0003634800
  -0.0064080000   -0.0097130800   -0.0061441500
  -0.0034393000   -0.0043515800   -0.0003478000
  -0.0032869400   -0.0040175100   -0.0025464500
  -0.0148672600   -0.0186230700    0.0116488800
  -0.0024026000   -0.0070546500    0.0008063000
  -0.0036147200   -0.0058172300   -0.0004338300
  -0.0092416800    0.0029502400    0.0074210700
  -0.0034360900   -0.0064400800   -0.0013598000
   0.0000160000   -0.0099926900    0.0014712300
   0.0034512600   -0.0044722800   -0.0009557400
  -0.0023111300    0.0019281900    0.0007278400
  -0.0013149200   -0.0127470400   -0.0072638400
   0.0036569000   -0.0061702900   -0.0007212400
   0.0026989200   -0.0055616900    0.0005288100
   0.0036975400   -0.0060226800    0.0010808300
   0.0029845000   -0.0060097400    0.0016106600
  -0.0378574100   -0.0197722200    0.0137761300
  -0.0180359000    0.0012452300   -0.0112444500
   0.0038112600   -0.0060159700   -0.0002910700
   0.0031031300   -0.0070313100   -0.0004133000
   0.0036170800   -0.0054100000   -0.0000685400
   0.0027342400   -0.0053606400    0.0023669100
   0.0033286100   -0.0061486300    0.0006259900
   0.0027164700   -0.0067496700    0.0013120200
  -0.0020393500   -0.0008380600   -0.0005022400
   0.0095694300    0.0015621700    0.0168029900
   0.0010119500   -0.0019998100    0.0003834600
   0.0037102500   -0.0029788500    0.0016478700
  -0.0020348100    0.0003480000    0.0013343500
   0.0095429800   -0.0033535100   -0.0031189700
   0.0010131800   -0.0009775100    0.0008239900
   0.0037155500   -0.0027267300    0.0015072300
  -0.0010859200   -0.0013202200   -0.0003201300
   0.0089240800    0.0011883400   -0.0023714100
  -0.0010855900   -0.0000703000   -0.0012744600
   0.0089632800   -0.0119530500    0.0003639800
  -0.0002717200   -0.0021056400    0.0013937300
   0.0036955000   -0.0016019500   -0.0015838600
  -0.0002787000   -0.0011099800    0.0000338200
   0.0036924400   -0.0019866500   -0.0010166500

33   
 -0.0000000000071304   0.0100000000000000   0.0000000004921276
  -0.0043790200    0.0299562500   -0.0022668300
  -0.0042065800    0.0110972300   -0.0136719000
  -0.0027419000   -0.0024630500   -0.0100635500
  -0.0019733300    0.0055212500   -0.0125142300
   0.0004713900    0.0117194900   -0.0128886200
  -0.0044675200    0.0089723500   -0.0110412900
  -0.0000633300    0.0030932100   -0.0168238900
  -0.0025573300    0.0061204600   -0.0138067800
   0.0027042100    0.0402878200    0.0129503900
  -0.0024668300    0.0100707100    0.0114412600
   0.0059479300   -0.0067867100    0.0179548300
  -0.0048000800    0.0043286000    0.0133315900
  -0.0022387700    0.0102499900    0.0123439300
  -0.0022702400    0.0087993700    0.0132005500
  -0.0013597900    0.0052324300    0.0116317300
  -0.0024931100    0.0065348200    0.0128869700
   0.0033691800    0.0146336100   -0.0115632300
   0.0257578900    0.0336063600   -0.0230586200
  -0.0021707700    0.0019393000   -0.0136836400
   0.0056660500   -0.0011516800   -0.0121873400
   0.0034029100    0.0091329000   -0.0143144700
   0.0011752400    0.0089091100   -0.0147900600
   0.0010463900    0.0059864500   -0.0134729200
   0.0024893900    0.0059181700   -0.0132088000
  -0.0023055000    0.0094071700    0.0101296900
   0.0068427600    0.0128618600    0.0077591500
   0.0023222000    0.0056185500    0.0135303000
   0.0007762900    0.0036972600    0.0182326700
  -0.0010181800    0.0095809800    0.0181117200
   0.0108745800    0.0108936000    0.0223646900
   0.0040458200    0.0041767600    0.0118961200
  -0.0051062600    0.0021696800    0.0080949800
  -0.0546253900   -0.1104058800   -0.0118780600
  -0.0016569700   -0.0029410700    0.0011378700
  -0.0019194600    0.0032074700    0.0013464100
  -0.0008828900   -0.0001742200    0.0007149200
  -0.0029345700   -0.0024748600    0.0015336200
  -0.0023962600   -0.0024458200    0.0007630700
  -0.0026098800   -0.0006295600    0.0019146600
  -0.0018190400   -0.0010378200    0.0012432100
  -0.0046408300    0.0167466600   -0.0142101200
  -0.0013492200   -0.0016978100   -0.0010742800
  -0.0001727700    0.0165025400    0.0076977200
  -0.0022042600   -0.0016850400   -0.0006690000
  -0.0024268500   -0.0021697300    0.0006235000
  -0.0010625000   -0.0014741200   -0.0003859300
  -0.0032249600   -0.0021556700   -0.0020126000
  -0.0018004300   -0.0014688200   -0.0012244700
   0.0032028800   -0.0115230100    0.0078132000
   0.0001312100   -0.0133458600   -0.0031016700
  -0.0040190200   -0.0030871000   -0.0006477800
  -0.0031793800   -0.0038737100    0.0001909700
  -0.0054452900   -0.0106868900    0.0026685900
  -0.0031461200   -0.0073853300   -0.0000852300
  -0.0030895800   -0.0038199400   -0.0003359300
  -0.0027373500   -0.0046228200    0.0006458700
   0.0031326800    0.0011200300    0.0108635200
  -0.0049901000   -0.0058694500    0.0004481300
  -0.0056036000   -0.0063711900   -0.0028147400
  -0.0001541100   -0.0025994900   -0.0033769500
  -0.0026918800   -0.0059155100   -0.0022258100
  -0.0035267300   -0.0053994600   -0.0008459700
  -0.0055022100   -0.0023610200    0.0027365700
  -0.0023821900   -0.0067320600    0.0006105400
   0.0110703000   -0.0000430400   -0.0067615600
   0.0012663900   -0.0053301700   -0.0007762500
  -0.0042044200   -0.0032055200    0.0011390700
   0.0072093100   -0.0042558900    0.0016249600
   0.0032707900   -0.0058301500    0.0011309800
   0.0030550600   -0.0055520700   -0.0000054700
   0.0030183400   -0.0061935400   -0.0001759100
   0.0036369300   -0.0063792100   -0.0006313600
   0.0152344500   -0.0134055100   -0.0054416200
  -0.0010522000   -0.0108665800    0.0009051700
   0.0027472800   -0.0020656200    0.0003796000
   0.0034597500   -0.0036116200   -0.0006337200
   0.0031912800   -0.0069428100    0.0016954200
   0.0028319200   -0.0072935500    0.0003673300
   0.0033633500   -0.0049914400    0.0003926100
   0.0036885400   -0.0046148700   -0.0002140600
   0.0043330500   -0.0031350700    0.0011815800
   0.0006313200   -0.0087934200   -0.0017646000
   0.0030058300   -0.0004204000    0.0019474300
   0.0012486800    0.0019981700    0.0014374200
   0.0031385700   -0.0031332300    0.0003552000
   0.0055555300   -0.0087774900    0.0031660000
   0.0019791400   -0.0004232900    0.0011022700
   0.0009966000    0.0019895300    0.0008539100
   0.0039210200   -0.0020692800   -0.0012133500
  -0.0080453900    0.0097510900    0.0089888900
   0.0026549000   -0.0020580100   -0.0013858500
   0.0051480800    0.0096281300   -0.0082638500
   0.0028690200   -0.0017348300   -0.0016309300
   0.0019863500   -0.0019349000   -0.0021695200
   0.0018618400   -0.0017284100   -0.0007818800
   0.0023818100   -0.0019147600    0.0006138600

33   
  0.0000000000071304  -0.0100000000000000  -0.0000000004921276
   0.0008234300   -0.0148193000   -0.0246678600
   0.0003114300    0.0041221800   -0.0128266400
  -0.0011392800    0.0176444100   -0.0163708400
  -0.0018854300    0.0097203400   -0.0139587000
  -0.0042675800    0.0035090200   -0.0135652000
   0.0005764800    0.0063036100   -0.0154209300
  -0.0037804800    0.0121058400   -0.0097210000
  -0.0013060000    0.0091132500   -0.0126864900
  -0.0051182600   -0.0224527100    0.0141744400
  -0.0014122300    0.0052240900    0.0150059600
  -0.0098260800    0.0220213200    0.0084459800
   0.0009205400    0.0108667600    0.0130600800
  -0.0016184400    0.0050372400    0.0140650500
  -0.0015969700    0.0064664000    0.0132053000
  -0.0025197900    0.0099632000    0.0147679000
  -0.0013668900    0.0086837000    0.0135305600
   0.0005276200    0.0005974000   -0.0148884900
  -0.0224625300   -0.0183838400   -0.0030615700
   0.0059567400    0.0132494100   -0.0128091000
  -0.0017434800    0.0163203100   -0.0142752700
   0.0004717100    0.0061330400   -0.0121808900
   0.0026485300    0.0063049200   -0.0117332900
   0.0027975000    0.0092492100   -0.0130085200
   0.0013800600    0.0093234300   -0.0132634400
   0.0061309700    0.0058879000    0.0162573700
  -0.0029651400    0.0024887200    0.0185848100
   0.0015256200    0.0095919800    0.0128752900
   0.0031189700    0.0114928200    0.0081830900
   0.0048549900    0.0057324800    0.0083072000
  -0.0069447200    0.0044969600    0.0040868900
  -0.0001847100    0.0110209800    0.0145508700
   0.0089918000    0.0130238500    0.0183292100
   0.0489431200    0.1083158000    0.0156289700
  -0.0029366200   -0.0004811300    0.0009420800
  -0.0026863000   -0.0065985500    0.0007485600
  -0.0036998000   -0.0032302000    0.0013682100
  -0.0016841500   -0.0009584500    0.0005609200
  -0.0022074600   -0.0009800400    0.0013264200
  -0.0019944100   -0.0027776500    0.0001856300
  -0.0027801400   -0.0023761800    0.0008492600
  -0.0000091500   -0.0198658800    0.0118400300
  -0.0032455000   -0.0017382400   -0.0010316900
  -0.0044281900   -0.0201030200   -0.0099630300
  -0.0023914000   -0.0017265900   -0.0014352400
  -0.0021765100   -0.0012684300   -0.0027039200
  -0.0035363000   -0.0019485300   -0.0017088000
  -0.0013788400   -0.0012539800   -0.0000918900
  -0.0027886800   -0.0019429200   -0.0008857800
  -0.0097206600   -0.0005544100   -0.0072454500
  -0.0066648300    0.0014145700    0.0036670400
  -0.0024923900   -0.0088421500    0.0011983400
  -0.0033462000   -0.0080536800    0.0003666000
  -0.0010681700   -0.0012662900   -0.0021236300
  -0.0033582400   -0.0045869100    0.0006410500
  -0.0034124500   -0.0081079600    0.0008670600
  -0.0037814900   -0.0073224300   -0.0000999900
  -0.0095470100   -0.0129542400   -0.0112822700
  -0.0015444300   -0.0060826600   -0.0010515500
  -0.0009084400   -0.0055725300    0.0022081600
  -0.0062640600   -0.0092422400    0.0026552500
  -0.0038075700   -0.0060468000    0.0015883100
  -0.0029878500   -0.0065594200    0.0002285500
  -0.0010849800   -0.0094770100   -0.0032433500
  -0.0041268900   -0.0052074200   -0.0012222100
  -0.0044432700   -0.0118260000    0.0060295300
   0.0052167200   -0.0066361800    0.0001520900
   0.0107465000   -0.0087430100   -0.0017811100
  -0.0006915400   -0.0076637200   -0.0022151900
   0.0032402900   -0.0061290900   -0.0017247000
   0.0034455400   -0.0064043900   -0.0006043200
   0.0034853600   -0.0057528600   -0.0004283500
   0.0028751600   -0.0055585400    0.0000217000
  -0.0088219400    0.0012642500    0.0060267500
   0.0076674800   -0.0011616000   -0.0003225300
   0.0037738300   -0.0098584600    0.0001706600
   0.0030387500   -0.0083236600    0.0011749300
   0.0033120100   -0.0050249200   -0.0011396300
   0.0036801600   -0.0046842700    0.0001870200
   0.0031487600   -0.0069483600    0.0001620900
   0.0028152500   -0.0073300000    0.0007656700
   0.0002770900   -0.0002981200    0.0009076800
   0.0039931400    0.0053302800    0.0036892600
   0.0016037900   -0.0029846100    0.0001565200
   0.0033370800   -0.0053846500    0.0006683000
   0.0014620800   -0.0002972200    0.0017379700
  -0.0008786300    0.0053467400   -0.0008791700
   0.0026188000   -0.0029877600    0.0009864500
   0.0035759800   -0.0053929500    0.0012163000
   0.0007022200   -0.0013680500   -0.0008926200
   0.0124562400   -0.0129956300   -0.0109070600
   0.0019487500   -0.0013549500   -0.0007195200
  -0.0006384000   -0.0131131000    0.0062375700
   0.0017303600   -0.0016909400   -0.0004671200
   0.0026068000   -0.0015032600    0.0000594700
   0.0027199500   -0.0016845000   -0.0013206000
   0.0022132700   -0.0014838100   -0.0027214500

33   
  0.0000000001340426   0.0000000005005379   0.0100000000000000
  -0.0172619500    0.0118103200    0.0264357500
  -0.0012277600    0.0068522900   -0.0106798800
  -0.0000733900    0.0079674400   -0.0119262000
  -0.0017277900    0.0078147300   -0.0118965400
  -0.0106966000    0.0122348000   -0.0240094300
   0.0014925600    0.0077575600   -0.0179163600
  -0.0031510300    0.0062585200   -0.0152069800
  -0.0010217500    0.0069833000   -0.0147394000
  -0.0051904000    0.0144806900    0.0382978400
   0.0000955400    0.0066618700    0.0172316200
  -0.0051252400    0.0084730600    0.0225366700
   0.0007373000    0.0090975200    0.0163289000
  -0.0024610300    0.0097450400    0.0070170400
  -0.0013519200    0.0079254600    0.0101934900
  -0.0041797600    0.0050150500    0.0066195100
  -0.0012953600    0.0072041300    0.0107715900
   0.0009645000    0.0082882700   -0.0053007000
  -0.0238402700   -0.0002166200    0.0086501200
   0.0016459800    0.0062555100   -0.0120892600
   0.0025694200    0.0056608700   -0.0095335900
   0.0063297800    0.0093897300   -0.0186868400
  -0.0027871700    0.0050344500   -0.0243273400
   0.0026612300    0.0073102600   -0.0150512200
   0.0009878400    0.0076781800   -0.0156361100
  -0.0005641900    0.0055927600    0.0107991100
   0.0060961900   -0.0000086200    0.0073607300
   0.0018776600    0.0081530100    0.0120940800
   0.0023883600    0.0106321200    0.0085060300
   0.0055508700    0.0122847200    0.0127997100
  -0.0063483000    0.0159943100    0.0142108200
   0.0065523200    0.0042663400    0.0156012800
  -0.0042326700    0.0054010100    0.0138007800
   0.0657611200   -0.0133214700   -0.1455102700
  -0.0033028400   -0.0016035700   -0.0002898500
  -0.0010734500   -0.0014096800   -0.0010794600
  -0.0022857600   -0.0020316300    0.0002603400
  -0.0033616500   -0.0012157400    0.0071706000
  -0.0040824100   -0.0019843600    0.0029975400
  -0.0023101500   -0.0008478800    0.0023336600
  -0.0029170200   -0.0015101700    0.0019726500
  -0.0042839400   -0.0105521300   -0.0025141100
  -0.0034018700   -0.0021041600   -0.0023301800
   0.0009616200    0.0112574600   -0.0025165000
  -0.0041572900   -0.0016956700   -0.0023289700
  -0.0004378100   -0.0007539900    0.0017206300
  -0.0013710900   -0.0015498700    0.0001338200
  -0.0009838300   -0.0033866600    0.0017215600
  -0.0027566700   -0.0023795200    0.0001304700
   0.0085242300   -0.0024138700    0.0072783600
  -0.0072729700   -0.0022665200    0.0022545200
  -0.0032749700   -0.0056293000   -0.0003877600
  -0.0038388300   -0.0066956900    0.0002396500
  -0.0070105800   -0.0111661400    0.0061474100
  -0.0009614800   -0.0067978800    0.0011290400
  -0.0035806500   -0.0045234900    0.0009276700
  -0.0027392700   -0.0056157500    0.0006341100
  -0.0024259600   -0.0049163100    0.0004552700
  -0.0046101600   -0.0046059400   -0.0008621900
  -0.0012689600   -0.0078848300   -0.0003521800
  -0.0081825200   -0.0116642900    0.0056270900
  -0.0034970900   -0.0067770000   -0.0000877500
  -0.0025602800   -0.0065462100    0.0003019400
  -0.0117576300    0.0079334500    0.0127420700
  -0.0022816500   -0.0055878300   -0.0000709400
   0.0065266000   -0.0047159800   -0.0050628400
   0.0036639600   -0.0063187200   -0.0023971800
  -0.0005270700   -0.0024813200   -0.0046587600
   0.0021168600   -0.0090945200   -0.0062193100
   0.0032865400   -0.0057430300    0.0009776500
   0.0028355300   -0.0051941000    0.0015733200
   0.0039393800   -0.0067404700    0.0029632600
   0.0038004900   -0.0048879700    0.0032105000
  -0.0132493000   -0.0130638400   -0.0052491700
   0.0053151800   -0.0047321600   -0.0052587600
   0.0029948900   -0.0049562500   -0.0013101300
   0.0033502500   -0.0058656500   -0.0012246300
   0.0038309500   -0.0057227100    0.0034755200
   0.0019758600   -0.0063050800    0.0041581200
   0.0032049700   -0.0057822500    0.0013530700
   0.0029433800   -0.0062490200    0.0016426100
   0.0025966600   -0.0023950800    0.0008667800
  -0.0020456900    0.0003334300    0.0289919600
   0.0020772300   -0.0016491800    0.0010239800
   0.0027528100   -0.0018876400    0.0015702400
   0.0007583300   -0.0015631400    0.0008785900
   0.0178690100   -0.0043993800    0.0284976800
   0.0016427900   -0.0008135700    0.0010290200
   0.0029049600   -0.0013246100    0.0015772200
   0.0025249800   -0.0013857900   -0.0016382100
   0.0008924900    0.0055200900   -0.0001788300
   0.0015782300   -0.0015581900   -0.0016379000
   0.0035912200   -0.0116541600   -0.0001685200
   0.0012149500   -0.0019871300    0.0000483100
   0.0022717500   -0.0033770400    0.0005096400
  -0.0001398400   -0.0011421000    0.0000432500
   0.0028304700   -0.0006148800    0.0005100700

33   
 -0.0000000001340426  -0.0000000005005379  -0.0100000000000000
   0.0151719600    0.0022635600   -0.0554571900
  -0.0026350800    0.0083800500   -0.0158268800
  -0.0037681800    0.0073264300   -0.0145644600
  -0.0021298200    0.0074495600   -0.0145847600
   0.0068044900    0.0030265500   -0.0023960700
  -0.0053476900    0.0075107900   -0.0085003100
  -0.0007140200    0.0090177000   -0.0112169700
  -0.0028309700    0.0082732800   -0.0117058900
   0.0014999500    0.0009995800   -0.0118412800
  -0.0039756000    0.0086121400    0.0092093400
   0.0013021400    0.0067331000    0.0038642700
  -0.0046038800    0.0061553800    0.0100787500
  -0.0013979200    0.0054637900    0.0194536800
  -0.0024923300    0.0073185100    0.0162462300
   0.0003467000    0.0102900700    0.0198636500
  -0.0025589700    0.0080640400    0.0156746900
   0.0029494300    0.0069468900   -0.0211629300
   0.0268074300    0.0150671800   -0.0351178500
   0.0022371000    0.0090278800   -0.0143851600
   0.0012831100    0.0096229600   -0.0169395300
  -0.0025287200    0.0058452900   -0.0077350500
   0.0067160900    0.0102664800   -0.0020580400
   0.0012019200    0.0079555100   -0.0114035300
   0.0028849700    0.0075760100   -0.0108249600
   0.0044464800    0.0096476100    0.0156663400
  -0.0022210400    0.0152229500    0.0191323900
   0.0019825800    0.0071100100    0.0143580700
   0.0014885500    0.0046251300    0.0179769800
  -0.0016961900    0.0029555200    0.0135808200
   0.0102286500   -0.0008012500    0.0121001500
  -0.0027328800    0.0110280100    0.0107843900
   0.0081170000    0.0098778000    0.0126055900
  -0.0719117100    0.0142116500    0.1507667800
  -0.0012807200   -0.0017950600    0.0023982100
  -0.0035244500   -0.0020063800    0.0031952600
  -0.0023117500   -0.0013745200    0.0018529600
  -0.0012153200   -0.0021856100   -0.0050886300
  -0.0004966900   -0.0014178100   -0.0009019100
  -0.0022834100   -0.0025723400   -0.0002373600
  -0.0016751200   -0.0019006600    0.0001297500
  -0.0003016900    0.0071368800    0.0005066100
  -0.0011836800   -0.0013062200    0.0002554800
  -0.0055883500   -0.0147513600    0.0005024200
  -0.0004245300   -0.0017043800    0.0002549000
  -0.0041607200   -0.0026423000   -0.0038257900
  -0.0032273900   -0.0018546800   -0.0022271500
  -0.0036205300   -0.0000266500   -0.0038233200
  -0.0018355600   -0.0010243600   -0.0022298700
  -0.0149298000   -0.0094562800   -0.0066688300
   0.0007872400   -0.0096994500   -0.0017138400
  -0.0032274000   -0.0063191900    0.0009548000
  -0.0026657100   -0.0052366700    0.0003281700
   0.0005528400   -0.0006894800   -0.0056407300
  -0.0055693400   -0.0051261200   -0.0005464200
  -0.0029238400   -0.0074398300   -0.0003496800
  -0.0037684700   -0.0063270000   -0.0000613100
  -0.0041273100   -0.0070750500   -0.0011426100
  -0.0018920700   -0.0073355900    0.0002581400
  -0.0052367600   -0.0040556700   -0.0002573200
   0.0017424300   -0.0002064300   -0.0062683100
  -0.0030049000   -0.0051546100   -0.0004929000
  -0.0039470900   -0.0053904000   -0.0008925300
   0.0053780500   -0.0200857400   -0.0135516800
  -0.0042354900   -0.0063570600   -0.0005158300
  -0.0000173400   -0.0072238700    0.0044809700
   0.0028555100   -0.0056248500    0.0018184400
   0.0070476000   -0.0094642700    0.0041423800
   0.0044091000   -0.0028420900    0.0056218700
   0.0032342400   -0.0061912500   -0.0015884900
   0.0036774600   -0.0067406300   -0.0021717300
   0.0025849100   -0.0051996800   -0.0035846800
   0.0026992100   -0.0070760800   -0.0038371800
   0.0197427200    0.0011489400    0.0060097800
   0.0013029600   -0.0072127600    0.0058969800
   0.0035174000   -0.0069945000    0.0018885000
   0.0031667300   -0.0060772100    0.0018042700
   0.0026910900   -0.0062061600   -0.0029282600
   0.0045222200   -0.0056191200   -0.0035982600
   0.0033151400   -0.0061629900   -0.0007937200
   0.0035743200   -0.0056901300   -0.0010847600
   0.0020089300   -0.0010085700    0.0012383100
   0.0064927900   -0.0037137700   -0.0264602300
   0.0025242500   -0.0017613800    0.0010793100
   0.0018508300   -0.0015219100    0.0005315200
   0.0038583900   -0.0018348900    0.0012508300
  -0.0135967700    0.0010607200   -0.0269490500
   0.0029713000   -0.0026009500    0.0010826900
   0.0017054900   -0.0020890300    0.0005383800
   0.0020809800   -0.0020192400   -0.0004492000
   0.0037574500   -0.0089503300   -0.0019511600
   0.0030353900   -0.0018452300   -0.0004473200
   0.0010080400    0.0082755900   -0.0019417400
   0.0033869800   -0.0014147200   -0.0021264000
   0.0023315800   -0.0000073400   -0.0025906200
   0.0047696800   -0.0022725800   -0.0021313500
   0.0017654400   -0.0028098600   -0.0025920200

49   
  0.0100000000000000  -0.0000000000067184   0.0000000001347086
   0.0041761500    0.0054838200   -0.0169004100
  -0.0051863200    0.0084084200   -0.0107514600
  -0.0003789200    0.0103207100   -0.0143047500
  -0.0032236600    0.0075617100   -0.0128440300
   0.0141154200    0.0069103800   -0.0152794500
  -0.0141462000    0.0117898700   -0.0186303700
   0.0005349100    0.0093789800   -0.0127312100
  -0.0053024200    0.0044355800   -0.0129009200
   0.0165061100   -0.0056627000    0.0219769400
  -0.0099657000    0.0063147100    0.0160184000
   0.0011795100    0.0071497600    0.0120912300
  -0.0065283500    0.0088323800    0.0145290600
   0.0018544900    0.0084250900    0.0146864200
  -0.0052852300    0.0083436600    0.0095980100
  -0.0004398100    0.0066263600    0.0152216100
  -0.0029745900    0.0079787900    0.0121751400
   0.0348592300   -0.0053099900   -0.0253586600
  -0.0095138900    0.0030154700   -0.0179331500
   0.0064296100    0.0053958500   -0.0112538000
  -0.0010552300    0.0098680200   -0.0136938600
   0.0042390200    0.0089674700   -0.0137338000
  -0.0016867200    0.0064976500   -0.0125618400
   0.0030363500    0.0066773000   -0.0144196400
   0.0002604900    0.0079962400   -0.0135328300
   0.0206520800    0.0119963800    0.0173724700
  -0.0064676700    0.0126787500    0.0164773500
   0.0061586300    0.0093204400    0.0104789300
  -0.0020297800    0.0059062100    0.0133126300
   0.0033448700    0.0055807200    0.0142097100
  -0.0024607800    0.0072419100    0.0112420600
   0.0025334600    0.0087864300    0.0146715800
   0.0007955100    0.0074770200    0.0131959300
   0.0066127000    0.0047487900    0.0126997400
   0.0043004700    0.0016977000   -0.0029914800
  -0.0026651400   -0.0024520900    0.0010097400
  -0.0021400800   -0.0016083500    0.0004469600
  -0.0006238800   -0.0038841300   -0.0027571600
  -0.0024467900   -0.0015832300    0.0033467900
  -0.0025044500   -0.0015282200    0.0007000900
  -0.0023189700   -0.0011693400    0.0015499600
   0.0036229300   -0.0039076400    0.0075294100
  -0.0021877100   -0.0008191600   -0.0020493100
  -0.0032370600   -0.0011345900   -0.0008202600
  -0.0020096100   -0.0019614000   -0.0017624900
  -0.0023451300   -0.0040338300   -0.0030443800
   0.0091528000    0.0013571200    0.0038852200
   0.0007808800    0.0046705800   -0.0019177000
  -0.0021889300   -0.0034246700    0.0002936200
  -0.1363478400    0.0166574500   -0.0162754700
   0.0027932500   -0.0066425800   -0.0000502700
  -0.0042796000   -0.0062823500    0.0008107200
  -0.0019969400   -0.0058628100    0.0000477600
  -0.0043997000   -0.0059468700   -0.0000886500
  -0.0018710900   -0.0059996500    0.0008700800
  -0.0040984800   -0.0058895100    0.0002562800
  -0.0027802200   -0.0061344900    0.0003446100
  -0.0128787800   -0.0084807500   -0.0028227900
  -0.0000025400   -0.0061119700   -0.0000218100
  -0.0128839600   -0.0037691400    0.0002462100
  -0.0000036000   -0.0056639300   -0.0006063800
  -0.0042329700   -0.0059477500    0.0002177600
  -0.0023990500   -0.0060634900    0.0000536400
  -0.0042333900   -0.0056375300   -0.0005979900
  -0.0023983300   -0.0061152000   -0.0005583500
  -0.0015874100   -0.0082276900    0.0011272700
   0.0049541600   -0.0058305700   -0.0006693200
  -0.0016323600   -0.0090338500   -0.0036038200
   0.0049518500   -0.0048356800    0.0003858400
  -0.0000219700   -0.0043859800    0.0019549900
   0.0058429800   -0.0058837200   -0.0005067500
  -0.0000021100   -0.0047340200   -0.0011437500
   0.0058530400   -0.0071944200    0.0007947600
  -0.0038751500   -0.0042338800   -0.0072468300
   0.0064770000   -0.0064084700    0.0004771200
   0.0023036700   -0.0067341000   -0.0002230100
   0.0040962100   -0.0062225000    0.0003422500
  -0.0038781100   -0.0077600500    0.0041758600
   0.0064768300   -0.0053826100   -0.0002208500
   0.0023050700   -0.0058068700    0.0004274600
   0.0040959100   -0.0057328300    0.0003035400
   0.0440828300   -0.0138630100    0.0176936700
   0.0232013700    0.0026094500   -0.0009418000
   0.0016559200   -0.0011875700    0.0012924000
   0.0023873200   -0.0019137600    0.0009401200
   0.0018528700   -0.0016422500    0.0004592400
   0.0027560400   -0.0012795700    0.0023010300
   0.0021500400   -0.0018120200    0.0010839200
   0.0027637900   -0.0021413500    0.0013446600
   0.0078148300    0.0058068800   -0.0048641100
   0.0067730700   -0.0056481700   -0.0022123000
   0.0054434100   -0.0094746300    0.0022248600
   0.0020530200    0.0002665900   -0.0006578200
   0.0017761700   -0.0014711100   -0.0003811800
   0.0025077500   -0.0020863300   -0.0005097900
   0.0018178400   -0.0017161500   -0.0010355500
   0.0027847600   -0.0015101200   -0.0014835200

49   
 -0.0100000000000000   0.0000000000067184  -0.0000000001347086
  -0.0081477100    0.0097797300   -0.0096036100
   0.0012419300    0.0068764600   -0.0157362600
  -0.0035584800    0.0049729600   -0.0121883700
  -0.0007260800    0.0077261700   -0.0136516800
  -0.0182664300    0.0079688200   -0.0107464200
   0.0101822100    0.0035263800   -0.0079173000
  -0.0045075300    0.0059106900   -0.0137333300
   0.0013563500    0.0108456600   -0.0136072300
  -0.0205779200    0.0214577300    0.0037791300
   0.0060122300    0.0089700600    0.0104114700
  -0.0051555000    0.0081206700    0.0142499500
   0.0025751700    0.0064686600    0.0118728300
  -0.0058274600    0.0068888100    0.0117180500
   0.0013432600    0.0069351000    0.0167904700
  -0.0035091700    0.0086610200    0.0111918000
  -0.0009683200    0.0073147700    0.0142153300
  -0.0299654400    0.0194205200   -0.0022467600
   0.0132661800    0.0122875200   -0.0085219200
  -0.0026171100    0.0098817800   -0.0152709700
   0.0048156500    0.0054056300   -0.0128023400
  -0.0004412800    0.0062967400   -0.0127511900
   0.0054346400    0.0087892600   -0.0139480000
   0.0007360400    0.0086086000   -0.0120811700
   0.0034958300    0.0072930300   -0.0129685000
  -0.0161145100    0.0041503600    0.0098331500
   0.0102266400    0.0025765500    0.0098999100
  -0.0023210200    0.0059585100    0.0159433900
   0.0057646900    0.0093970200    0.0130783700
   0.0004441400    0.0097346800    0.0121819800
   0.0062040700    0.0080358700    0.0151588500
   0.0012373100    0.0065067200    0.0117374900
   0.0029618900    0.0078159500    0.0132045400
  -0.0113636500   -0.0081721500   -0.0107507700
  -0.0089962700   -0.0050888200    0.0050657400
  -0.0020186600   -0.0009173800    0.0010604600
  -0.0025562000   -0.0017678400    0.0016241500
  -0.0040596100    0.0005034100    0.0048160200
  -0.0022612800   -0.0017874700   -0.0012553900
  -0.0021781400   -0.0018440500    0.0013617400
  -0.0023740400   -0.0022072100    0.0005240100
  -0.0083069100    0.0005211200   -0.0096002400
  -0.0025088200   -0.0025572200   -0.0000818900
  -0.0014529800   -0.0022427600   -0.0012983500
  -0.0026827200   -0.0014155400   -0.0003616600
  -0.0023337300    0.0006713000    0.0009373000
  -0.0138239300   -0.0047450000   -0.0060204000
  -0.0054567800   -0.0080051500   -0.0002023100
  -0.0025168500    0.0000261000   -0.0024111700
   0.1366233200   -0.0282399600    0.0209536900
  -0.0093908800   -0.0052526900    0.0005700000
  -0.0023289900   -0.0056157100   -0.0002719700
  -0.0046038100   -0.0060446700    0.0004893300
  -0.0021976300   -0.0059585900    0.0006190200
  -0.0047299000   -0.0059050200   -0.0003351300
  -0.0025055500   -0.0060176900    0.0002760400
  -0.0038199200   -0.0057736400    0.0001894200
   0.0062705800   -0.0036050100    0.0021723700
  -0.0065959500   -0.0057874400   -0.0006060400
   0.0062657900   -0.0078983500   -0.0008790100
  -0.0065973700   -0.0062597900   -0.0000329500
  -0.0023697200   -0.0059633500   -0.0008487900
  -0.0041995300   -0.0058438000   -0.0006847600
  -0.0023697600   -0.0062671400   -0.0000358200
  -0.0041990700   -0.0057928500   -0.0000713900
   0.0080463500   -0.0036590800   -0.0017706400
   0.0014677000   -0.0060741900    0.0000329100
   0.0079956100   -0.0028944000    0.0029521000
   0.0014654900   -0.0070767000   -0.0010246800
   0.0064115500   -0.0075100900   -0.0025668000
   0.0005700700   -0.0060176700   -0.0001184500
   0.0064351200   -0.0071764600    0.0005057400
   0.0005806000   -0.0047345900   -0.0014049400
   0.0102434400   -0.0076762600    0.0078832000
  -0.0000578400   -0.0054955500    0.0000467400
   0.0041102800   -0.0051724800    0.0007572900
   0.0023251100   -0.0056839500    0.0001895900
   0.0102427200   -0.0041472100   -0.0037603800
  -0.0000576800   -0.0065139400    0.0007731000
   0.0041123800   -0.0060975800    0.0001003900
   0.0023248400   -0.0061762400    0.0002302500
  -0.0388095700    0.0102233700   -0.0152886800
  -0.0189845200   -0.0060720100    0.0030830700
   0.0028402400   -0.0021799500    0.0007832700
   0.0021282100   -0.0014587500    0.0011375000
   0.0026400200   -0.0017290700    0.0016122800
   0.0017534900   -0.0020935300   -0.0002322100
   0.0023555400   -0.0015627500    0.0009862300
   0.0017447300   -0.0012350000    0.0007264300
  -0.0032581300   -0.0091075100    0.0027125200
  -0.0022774700    0.0022928700    0.0000849600
  -0.0009167000    0.0060646800   -0.0043129500
   0.0024733700   -0.0036501000   -0.0014630900
   0.0027211000   -0.0019035500   -0.0017311600
   0.0020093800   -0.0012913000   -0.0016064600
   0.0026813100   -0.0016518500   -0.0010826700
   0.0017279300   -0.0018672100   -0.0006373700

49   
 -0.0000000000071304   0.0100000000000000   0.0000000004921276
  -0.0029349600    0.0101511400   -0.0149907400
  -0.0004776600    0.0078299400   -0.0161285900
  -0.0027301600    0.0025077500   -0.0115827500
  -0.0018744100    0.0065600800   -0.0127049500
  -0.0010061200    0.0290492800   -0.0175171600
   0.0007962200    0.0081305100   -0.0106170100
   0.0024332500   -0.0008907200   -0.0199542900
  -0.0035920000    0.0030840600   -0.0128927300
  -0.0093547700    0.0454671300    0.0000924700
  -0.0038932300    0.0141787500    0.0157865500
  -0.0061621600   -0.0002430500    0.0075314700
   0.0005576900    0.0039226400    0.0115826400
  -0.0014699700    0.0120705300    0.0121398500
  -0.0033217000    0.0109099600    0.0103750700
  -0.0019261200    0.0042149500    0.0160301500
  -0.0017167500    0.0057014500    0.0141245500
  -0.0072602300    0.0416935200   -0.0061868000
   0.0003929300    0.0084447200   -0.0153171800
  -0.0033121300   -0.0013918900   -0.0096302400
   0.0035119500    0.0037463700   -0.0128230200
   0.0026977500    0.0095599900   -0.0116602500
  -0.0001255300    0.0082540000   -0.0114366700
   0.0013641900    0.0053806500   -0.0143384100
   0.0023067000    0.0062392500   -0.0134067900
  -0.0029302200    0.0343274300    0.0150365300
   0.0037730800    0.0136208100    0.0119249300
   0.0071322000   -0.0005671400    0.0181510700
  -0.0006198900    0.0041776000    0.0127461600
   0.0005066600    0.0106760400    0.0143943500
   0.0062153100    0.0115397300    0.0152272000
   0.0023073900    0.0047068500    0.0119448100
   0.0017489000    0.0056850300    0.0129606400
   0.0000472000   -0.0071292700    0.0046119300
  -0.0106326100   -0.0090037400    0.0047681300
  -0.0017656500    0.0012100300    0.0014073200
  -0.0002840600    0.0004308100    0.0003305200
   0.0003428400   -0.0063474200   -0.0041494300
  -0.0027326300   -0.0030628400    0.0002255600
  -0.0027947400    0.0004843600    0.0025319700
  -0.0020521800   -0.0003141600    0.0014217100
  -0.0112379100    0.0019286500   -0.0151129600
  -0.0018479400   -0.0024278200   -0.0014381500
  -0.0012290700   -0.0015881000   -0.0002479800
  -0.0024640200   -0.0010829300   -0.0004742800
  -0.0042651600   -0.0020699900    0.0008665600
   0.0102676300    0.0016811600    0.0046830200
   0.0014235500    0.0053819500   -0.0021332100
  -0.0039064600   -0.0015446100   -0.0024129500
   0.0208031900   -0.1844111200    0.0208986000
  -0.0039649100   -0.0079795600    0.0006810900
  -0.0036059700    0.0031868700    0.0000785500
  -0.0031839600   -0.0042356100    0.0001013000
  -0.0032645500   -0.0070857600   -0.0000494500
  -0.0033223800   -0.0076234600    0.0002818800
  -0.0032107000   -0.0046024600   -0.0003293000
  -0.0034555000   -0.0050268800    0.0001709200
  -0.0012033700    0.0345300300    0.0041010400
  -0.0029759600   -0.0057793700   -0.0004052600
  -0.0056967700    0.0336643600   -0.0010781600
  -0.0034344900   -0.0057690600   -0.0002064900
  -0.0029574900   -0.0059735200   -0.0009579500
  -0.0034359000   -0.0056362200   -0.0004135800
  -0.0032673000   -0.0059635000   -0.0002284300
  -0.0033832700   -0.0056328800   -0.0001906700
   0.0062863700   -0.0037138000   -0.0035719500
   0.0020929000   -0.0056751200   -0.0004844700
   0.0054922700   -0.0037057000    0.0042683500
   0.0030953700   -0.0056693800    0.0004466500
   0.0019967500   -0.0048450800    0.0031018000
   0.0044456100   -0.0054721800    0.0002162100
   0.0016577400   -0.0048339500   -0.0034935200
   0.0031458100   -0.0054619500   -0.0011165700
   0.0050081900   -0.0144321900   -0.0002435500
   0.0026556000   -0.0077706800    0.0008292300
   0.0030713600   -0.0032963100    0.0001722000
   0.0029952800   -0.0045966500    0.0001676700
   0.0014849700   -0.0144226800    0.0008452900
   0.0036684200   -0.0077716900    0.0002411300
   0.0039957800   -0.0032973700   -0.0002382900
   0.0034839600   -0.0045969900    0.0001257300
  -0.0117580900   -0.0089241400   -0.0060654600
   0.0094134700   -0.0064834500    0.0022890000
   0.0022187600    0.0022294000    0.0020845600
   0.0011917400    0.0006952200    0.0011713300
   0.0028035900   -0.0026202500    0.0013046400
   0.0028643100   -0.0029700000    0.0007285900
   0.0020743500   -0.0006850500    0.0012544300
   0.0014735200   -0.0003026100    0.0007842900
   0.0101859000    0.0011038500   -0.0045493300
  -0.0044858100    0.0000412000    0.0020846200
  -0.0017508000    0.0042384600   -0.0023204600
   0.0037323800   -0.0010007400   -0.0007012000
   0.0021986500   -0.0018867200   -0.0002775200
   0.0022112200   -0.0020761200   -0.0021475400
   0.0020491800   -0.0015078000   -0.0012754700
   0.0026556100   -0.0012348700   -0.0018230900

49   
  0.0000000000071304  -0.0100000000000000  -0.0000000004921276
  -0.0009730200    0.0051179100   -0.0115109500
  -0.0034334900    0.0074883300   -0.0103162800
  -0.0011832400    0.0128094200   -0.0148698200
  -0.0020305000    0.0087668600   -0.0137531400
  -0.0034885100   -0.0144678300   -0.0080346900
  -0.0046717200    0.0071631000   -0.0158249100
  -0.0062818900    0.0161992500   -0.0065949500
  -0.0003205100    0.0122420900   -0.0135786200
   0.0045434800   -0.0292845500    0.0249420300
  -0.0000160000    0.0011401700    0.0106316200
   0.0023093000    0.0155572000    0.0189618400
  -0.0044716400    0.0113884800    0.0148412100
  -0.0024771800    0.0032786100    0.0143076800
  -0.0005764800    0.0044227600    0.0160583000
  -0.0019719300    0.0110962900    0.0103968200
  -0.0021882600    0.0096111600    0.0123047700
   0.0121336100   -0.0273348100   -0.0210708600
   0.0033733500    0.0068449700   -0.0111649200
   0.0070653000    0.0167133400   -0.0167840200
   0.0003186800    0.0115744300   -0.0136434600
   0.0011333700    0.0057138600   -0.0147878800
   0.0039574100    0.0070650200   -0.0150305600
   0.0024507000    0.0099526000   -0.0121329700
   0.0015191700    0.0090871200   -0.0130585400
   0.0076154700   -0.0183313900    0.0121772400
   0.0000352300    0.0017373100    0.0145061200
  -0.0033833400    0.0158744400    0.0082394200
   0.0044428900    0.0111245200    0.0136788600
   0.0033360700    0.0046826900    0.0120215500
  -0.0023851400    0.0037996800    0.0112134400
   0.0015072300    0.0106086300    0.0145029200
   0.0020718300    0.0096288100    0.0134706500
  -0.0046411500    0.0038206800   -0.0024504400
   0.0060614400    0.0057411900   -0.0026843100
  -0.0028855100   -0.0045601100    0.0006956300
  -0.0043364800   -0.0037666000    0.0017655900
  -0.0050106000    0.0030571300    0.0063039200
  -0.0019170000   -0.0002825700    0.0018744600
  -0.0018612500   -0.0038208200   -0.0004063800
  -0.0025898400   -0.0030305000    0.0006878600
   0.0065417100   -0.0052085100    0.0129221400
  -0.0028035500   -0.0009186100   -0.0006565400
  -0.0034225200   -0.0017361800   -0.0018544400
  -0.0021764200   -0.0022606500   -0.0016169700
  -0.0003834800   -0.0012926000   -0.0029486100
  -0.0148624000   -0.0049804200   -0.0067599100
  -0.0060460000   -0.0087015300    0.0000359100
  -0.0007140100   -0.0017764800    0.0003273700
  -0.0236722200    0.1688210100   -0.0190646600
  -0.0025808200   -0.0039069400   -0.0001061900
  -0.0029445700   -0.0150517700    0.0004779200
  -0.0033692500   -0.0076337000    0.0004668000
  -0.0032803000   -0.0047898000    0.0006173600
  -0.0032329900   -0.0042515600    0.0002809200
  -0.0033425700   -0.0072714000    0.0008963500
  -0.0030987900   -0.0068457600    0.0003955400
  -0.0053287500   -0.0455069000   -0.0046085800
  -0.0035744500   -0.0060997800   -0.0001844600
  -0.0008347300   -0.0463654900    0.0004960200
  -0.0031137000   -0.0060898800   -0.0003858500
  -0.0035906200   -0.0059092200    0.0003581400
  -0.0031189000   -0.0062423000   -0.0001866000
  -0.0032878300   -0.0058986000   -0.0003641900
  -0.0031671200   -0.0062408200   -0.0004069000
   0.0001801800   -0.0081759700    0.0029698900
   0.0043711400   -0.0062014700   -0.0001148900
   0.0009648800   -0.0081643500   -0.0048848000
   0.0033765800   -0.0061966300   -0.0010401300
   0.0044730800   -0.0070407300   -0.0036929200
   0.0020225100   -0.0064090300   -0.0008139200
   0.0048221500   -0.0070270200    0.0029111900
   0.0033170500   -0.0063996500    0.0005117500
   0.0014337100    0.0025574200    0.0009738600
   0.0038267800   -0.0041111500   -0.0002581200
   0.0033976900   -0.0085767300    0.0003831800
   0.0034753200   -0.0072743500    0.0003965500
   0.0049603700    0.0025667100   -0.0004557600
   0.0027942700   -0.0041120200    0.0003172600
   0.0024747900   -0.0085773300    0.0008194000
   0.0029830700   -0.0072741900    0.0004419800
   0.0161749000    0.0057274400    0.0081227800
  -0.0047903900    0.0032036600   -0.0002117900
   0.0023557600   -0.0055774100    0.0000261400
   0.0033520800   -0.0040322600    0.0009350700
   0.0017399900   -0.0007192900    0.0007998200
   0.0017024800   -0.0003784700    0.0013934200
   0.0024839100   -0.0026595700    0.0008501800
   0.0030810200   -0.0030352000    0.0013204000
  -0.0055912100   -0.0044554600    0.0024491000
   0.0090160300   -0.0033865100   -0.0041513200
   0.0063062000   -0.0075549500    0.0002013600
   0.0008066900   -0.0023231500   -0.0013847600
   0.0023555500   -0.0014630600   -0.0018052700
   0.0023558600   -0.0012714100    0.0000531600
   0.0025045100   -0.0018238600   -0.0008137600
   0.0018974800   -0.0021050000   -0.0002638300

49   
  0.0000000001340426   0.0000000005005379   0.0100000000000000
  -0.0049793300    0.0015519100   -0.0230507600
  -0.0004950900    0.0062747200   -0.0167833100
  -0.0015151600    0.0118961000   -0.0162464500
  -0.0018660900    0.0085497100   -0.0146620000
  -0.0011968900    0.0078835700    0.0116443100
  -0.0035170800    0.0096806700   -0.0126019200
  -0.0021808800    0.0059516100   -0.0104231400
  -0.0027868200    0.0048206800   -0.0106311400
   0.0044697200   -0.0125818500    0.0438925500
  -0.0003115200    0.0087757700    0.0162431900
  -0.0025513800    0.0068747700    0.0172642700
   0.0003299700    0.0067765200    0.0137087600
   0.0027887800    0.0020954000    0.0043671200
  -0.0034457500    0.0080542400    0.0081361200
  -0.0029077000    0.0096536100    0.0080351800
  -0.0021179900    0.0080294300    0.0119509200
  -0.0083492900    0.0148240200    0.0208040600
  -0.0020937100    0.0060555900   -0.0043580200
   0.0020511900    0.0099453200   -0.0101006200
   0.0005717500    0.0101014800   -0.0113921000
  -0.0022858800    0.0119976100   -0.0222030800
   0.0043635000    0.0078534900   -0.0181164500
   0.0015646600    0.0068501100   -0.0163581400
   0.0021764300    0.0073382600   -0.0157584500
  -0.0029907200    0.0113515400    0.0362713700
   0.0040627600    0.0039274800    0.0172020300
  -0.0009684400    0.0091552000    0.0168139200
   0.0054355600    0.0092901000    0.0164715900
   0.0066955500    0.0120816500    0.0035119200
  -0.0027347400    0.0071590200    0.0083349500
   0.0026749600    0.0068280700    0.0100365800
   0.0011764300    0.0077035600    0.0112330300
   0.0118824300    0.0058210700    0.0079844700
  -0.0081686600   -0.0050662400    0.0030220700
  -0.0020563000   -0.0025926200    0.0003673200
  -0.0024064300   -0.0017631600    0.0009964000
  -0.0070097700    0.0007268800    0.0069451600
  -0.0010190800   -0.0020367900    0.0018611600
  -0.0026481500   -0.0022813700    0.0016688600
  -0.0024295800   -0.0013027300    0.0013781100
   0.0053612500   -0.0046868500    0.0120611500
  -0.0033828300   -0.0026041100   -0.0008310200
  -0.0012366400    0.0002092000   -0.0008540500
  -0.0024737800   -0.0011532500   -0.0004619700
  -0.0045898000    0.0008370400   -0.0011140100
   0.0095162200    0.0013180900    0.0048971500
  -0.0082032200   -0.0128345900   -0.0002588500
  -0.0023938200   -0.0024374100   -0.0016326000
  -0.0178090300    0.0132876900   -0.1624168100
  -0.0036122200   -0.0055576400   -0.0022292900
  -0.0027520500   -0.0061468800   -0.0011221200
  -0.0035195800   -0.0061338600   -0.0010922200
  -0.0036547500   -0.0062833500    0.0082443000
  -0.0026929800   -0.0059485800    0.0025276000
  -0.0033034100   -0.0065639600    0.0018828800
  -0.0032185000   -0.0060613300    0.0011563500
  -0.0038551200   -0.0052521900   -0.0104722900
  -0.0030248300   -0.0060362800   -0.0022673700
  -0.0008147600   -0.0101826400   -0.0104961800
  -0.0036009000   -0.0058320700   -0.0022671300
  -0.0030236900   -0.0060060500    0.0025152100
  -0.0030612700   -0.0060519900    0.0011604100
  -0.0038350900   -0.0052919300    0.0025202000
  -0.0036730400   -0.0058327200    0.0011625500
  -0.0000505100   -0.0105051600    0.0009721900
   0.0039166100   -0.0066894000   -0.0005060000
   0.0046711000   -0.0026698000    0.0009842700
   0.0028626200   -0.0057615800   -0.0005079100
   0.0023997900   -0.0027374800    0.0013294800
   0.0043090600   -0.0051306500    0.0004881100
   0.0054927200   -0.0093563900    0.0013384200
   0.0030130500   -0.0064561200    0.0004848600
  -0.0006971800   -0.0053148500    0.0333798900
   0.0036969100   -0.0059877900    0.0004986300
   0.0030441800   -0.0064769300    0.0001668500
   0.0031690000   -0.0061067500    0.0004721000
   0.0108593000   -0.0065590200    0.0340568300
   0.0029868200   -0.0054097400    0.0004887500
   0.0037004300   -0.0060564500    0.0001552100
   0.0031277000   -0.0060653800    0.0004679300
   0.0158382700   -0.0073779400   -0.0046672700
  -0.0091652000   -0.0010421300   -0.0045800600
   0.0016913600   -0.0015714100   -0.0005655500
   0.0015705400   -0.0025801100   -0.0004806200
   0.0019194600   -0.0002615800    0.0042388200
   0.0043304400   -0.0015814800    0.0049122900
   0.0026056900   -0.0015576200    0.0021104600
   0.0032875000   -0.0021633500    0.0023995100
   0.0011937500   -0.0031625000   -0.0054563200
   0.0091223500   -0.0036050900   -0.0069555500
   0.0005083400    0.0046902200   -0.0058228800
   0.0029076900   -0.0012246700   -0.0031741300
   0.0008824400   -0.0018113200    0.0022005900
   0.0003485800   -0.0013588600    0.0024650100
   0.0026784900   -0.0031271600    0.0002211800
   0.0014213000   -0.0019902400    0.0008131900

49   
 -0.0000000001340426  -0.0000000005005379  -0.0100000000000000
   0.0011035900    0.0137990100   -0.0034631100
  -0.0034243500    0.0090211300   -0.0097308600
  -0.0023932800    0.0033832800   -0.0102477100
  -0.0020501200    0.0067377900   -0.0118391000
  -0.0035369500    0.0063941600   -0.0368397000
  -0.0003364200    0.0055902700   -0.0138356200
  -0.0017761800    0.0093550500   -0.0160105400
  -0.0011114200    0.0104857000   -0.0158495200
  -0.0095081800    0.0294120900   -0.0186902200
  -0.0035610700    0.0065240800    0.0101289200
  -0.0014009600    0.0083950100    0.0090902700
  -0.0042333500    0.0085165900    0.0126866200
  -0.0066505800    0.0131345600    0.0220257300
  -0.0004739000    0.0072344400    0.0182939900
  -0.0010193800    0.0056635500    0.0183534200
  -0.0017993900    0.0072649300    0.0144712300
   0.0130321700   -0.0002724700   -0.0478338200
   0.0058990100    0.0092406400   -0.0221510900
   0.0017665100    0.0053715000   -0.0164452400
   0.0032481400    0.0051798200   -0.0151006200
   0.0060330500    0.0033612500   -0.0043002300
  -0.0005262800    0.0074477600   -0.0083740100
   0.0022376100    0.0084359500   -0.0101179200
   0.0016387100    0.0079494100   -0.0107280900
   0.0074754000    0.0046511200   -0.0094037300
  -0.0002369300    0.0113821000    0.0092077600
   0.0048032800    0.0061199000    0.0096459900
  -0.0015985900    0.0060091200    0.0099610000
  -0.0029390000    0.0031638300    0.0229111300
   0.0065572700    0.0081290100    0.0180642500
   0.0011315300    0.0084678600    0.0163484800
   0.0026355700    0.0075950300    0.0151639600
  -0.0166556900   -0.0092534500   -0.0059452400
   0.0034829700    0.0016792900   -0.0009265100
  -0.0025963000   -0.0007667800    0.0017222300
  -0.0022604100   -0.0016085500    0.0010961900
   0.0023327000   -0.0040913300   -0.0048360100
  -0.0036093100   -0.0013315600    0.0001947000
  -0.0019993600   -0.0010988400    0.0004049100
  -0.0022227300   -0.0020692400    0.0006967600
  -0.0100046500    0.0013003900   -0.0142117600
  -0.0012567600   -0.0007628400   -0.0012643900
  -0.0034167300   -0.0035929900   -0.0012456300
  -0.0021800400   -0.0022183000   -0.0016428400
  -0.0000813700   -0.0041779200   -0.0010080600
  -0.0141819400   -0.0047073100   -0.0069842000
   0.0034750500    0.0093226000   -0.0018441400
  -0.0022728600   -0.0009293000   -0.0004987700
   0.0168496600   -0.0262718400    0.1662310500
  -0.0029691200   -0.0063486900    0.0027759000
  -0.0038098700   -0.0057508900    0.0016646100
  -0.0030529200   -0.0057686200    0.0016347800
  -0.0029230500   -0.0056178400   -0.0076902100
  -0.0038733500   -0.0059503100   -0.0019842100
  -0.0032588100   -0.0053387700   -0.0013376200
  -0.0033486400   -0.0058380100   -0.0006136400
  -0.0026916800   -0.0068438600    0.0098314600
  -0.0035566200   -0.0058678200    0.0016466600
  -0.0057644400   -0.0014779700    0.0098094900
  -0.0029725000   -0.0060616400    0.0016459300
  -0.0035401800   -0.0058807300   -0.0031374300
  -0.0035055400   -0.0058458600   -0.0017810600
  -0.0027285900   -0.0066181900   -0.0031319100
  -0.0028926900   -0.0060708300   -0.0017794100
   0.0065328900   -0.0013637000   -0.0015882300
   0.0025315200   -0.0052117100   -0.0001083100
   0.0018038400   -0.0092183700   -0.0015725100
   0.0035906200   -0.0061408700   -0.0001080900
   0.0040732400   -0.0091573700   -0.0019754500
   0.0021342500   -0.0067701500   -0.0011148300
   0.0009903200   -0.0025696600   -0.0019694900
   0.0034268200   -0.0054366300   -0.0011189300
   0.0072916400   -0.0066146400   -0.0334787400
   0.0027477100   -0.0059135000    0.0000521200
   0.0034139800   -0.0054190100    0.0003854400
   0.0032843200   -0.0057919900    0.0000733000
  -0.0042432200   -0.0053476700   -0.0328201100
   0.0034607700   -0.0064991100    0.0000402400
   0.0027622200   -0.0058457500    0.0003740000
   0.0033237200   -0.0058371100    0.0000703800
  -0.0114404400    0.0040688600    0.0065986300
   0.0137074800   -0.0022926300    0.0065870600
   0.0028466800   -0.0017998500    0.0026476900
   0.0029782400   -0.0007910100    0.0025620000
   0.0026496500   -0.0031135900   -0.0021494500
   0.0002037100   -0.0017836400   -0.0028276700
   0.0019430500   -0.0018094300   -0.0000241700
   0.0012561900   -0.0012040300   -0.0003158000
   0.0033210100   -0.0002386000    0.0033610600
  -0.0046309200    0.0002418700    0.0048966100
   0.0040345800   -0.0080845600    0.0037339300
   0.0016483500   -0.0021419800    0.0010561100
   0.0036788900   -0.0015497000   -0.0043322500
   0.0041798300   -0.0020028500   -0.0045685400
   0.0018820000   -0.0002649200   -0.0023311400
   0.0031173500   -0.0013821600   -0.0029181300
