96   
18   

1    
  0.0100000000000000   0.0000000000000000   0.0000000000000000
  -0.2360804800   -0.0235838200   -0.0075912500
   0.0252132700    0.0000207200   -0.0003866700
  -0.0113323600   -0.0007359900    0.0017008800
   0.0085010500   -0.0003030900   -0.0005826500
  -0.0097144700   -0.0024841600    0.0009919700
   0.0084260100    0.0007702900   -0.0002998600
  -0.0024414000   -0.0004587700   -0.0005142800
   0.0035928100   -0.0001570000   -0.0000198800
  -0.0302220800    0.0033919100    0.0016300100
   0.0100890900   -0.0001265100    0.0001428800
  -0.0302290100    0.0018093700   -0.0062177600
   0.0100870900    0.0001859100    0.0002671700
  -0.0185938800   -0.0024007300   -0.0047070400
   0.0100210500    0.0000582100    0.0017083600
  -0.0185843700    0.0051859700   -0.0048906600
   0.0100168700   -0.0005584100   -0.0000219100
   0.0180750900   -0.0027725100    0.0306201600
   0.0196109100   -0.0046861800   -0.0203272600
   0.0005336200   -0.0003214900    0.0026207600
   0.0001720700    0.0001104500   -0.0022792000
   0.0180386000   -0.0012349600   -0.0251270200
   0.0195688300   -0.0093071900    0.0351154200
   0.0005317100   -0.0008805300   -0.0029550400
   0.0001673100    0.0006630100    0.0034364000
   0.0002984300   -0.0030498300   -0.0000911100
  -0.0006178900    0.0024521200   -0.0002551200
   0.0003008800    0.0024294400    0.0012970700
  -0.0006192800   -0.0024251900   -0.0006574400
   0.0182563500   -0.0283130000   -0.0076498700
   0.0206930200    0.0335954200   -0.0043935500
   0.0182655900    0.0270685100   -0.0048296700
   0.0207281000   -0.0184743200    0.0047452000
   0.0228663500    0.0014621900   -0.0125927600
  -0.0088814000    0.0023513400    0.0008468500
   0.0026348900    0.0009668700    0.0019889200
  -0.0016845900    0.0002145600    0.0002804800
   0.0101423100   -0.0021388900   -0.0082914700
  -0.0066480300    0.0026363400    0.0033933800
   0.0036863700   -0.0015796200   -0.0010699900
  -0.0018963900    0.0008031800    0.0009812100
   0.0076752700   -0.0074578200    0.0030557800
  -0.0060684700    0.0029205600   -0.0027576100
   0.0208883600   -0.0020079800    0.0034205800
  -0.0084980800    0.0008075500   -0.0020669500
   0.0033101600   -0.0003970800    0.0019832600
  -0.0015704800    0.0007329000   -0.0006853500
   0.0036734800    0.0004633600    0.0003264500
  -0.0024116100    0.0004609600   -0.0006581600
   0.0060688900    0.0011923200   -0.0029884400
  -0.0029511800   -0.0013731900    0.0013878300
   0.0016417600    0.0009161700    0.0003886500
  -0.0010077300    0.0000701700    0.0000555200
   0.0151843700    0.0003304200    0.0029579200
  -0.0114268000   -0.0024675000   -0.0015842500
   0.0025629700   -0.0040761400   -0.0001229700
  -0.0030516600    0.0017311100   -0.0009434200
   0.0015730600    0.0001722600    0.0009393600
  -0.0007581000   -0.0000883100    0.0001933000
   0.0038005400   -0.0003753000   -0.0044545100
  -0.0029774200    0.0014631300    0.0014798200
   0.0033151400    0.0042497200    0.0005746400
  -0.0042991000   -0.0022950200   -0.0022636800
   0.0182601300    0.0069737800   -0.0067083400
  -0.0075069000    0.0018537200   -0.0014677000
   0.0039990800    0.0053070000   -0.0028499800
  -0.0038400000   -0.0021833000    0.0034930400
   0.0163359000   -0.0063043900   -0.0067430200
  -0.0080604000    0.0019257900    0.0020968200
   0.0005427100    0.0005063900    0.0007898700
  -0.0011202300    0.0000570100   -0.0006426800
   0.0013842000   -0.0012771900    0.0047065900
  -0.0042835600    0.0043111700   -0.0043784400
   0.0311724400   -0.0091001100    0.0101784700
  -0.0110663400   -0.0011691400    0.0037643300
   0.0043632000   -0.0048292700   -0.0002139000
  -0.0029309400    0.0017741700    0.0013247200
   0.0021986000    0.0009214600    0.0038762500
  -0.0034865300   -0.0017631400   -0.0023845700
   0.0009986100   -0.0003426700    0.0002501400
  -0.0016017300    0.0005773700   -0.0003450700
  -0.0041185900    0.0015950700   -0.0041197200
   0.0012084700   -0.0005398700    0.0046886600
  -0.0014025400   -0.0006589600   -0.0005752400
   0.0006580000    0.0007176000    0.0010074300
  -0.0140209900    0.0014387200    0.0010196000
   0.0659421100    0.0227025900    0.0242224300
  -0.0038641000   -0.0037459700    0.0004184800
   0.0013712800    0.0038308900   -0.0005698600
  -0.0023955100    0.0005484100   -0.0001523900
   0.0025076500   -0.0009073900    0.0003346200
  -0.0053778400   -0.0039359200   -0.0024683000
   0.0011252400    0.0049396900    0.0038872900
  -0.0048589500    0.0021793100    0.0044065500
   0.0031550100   -0.0066822800   -0.0061701400
  -0.0080109200   -0.0026529500    0.0033204000
   0.0050780300    0.0087765300   -0.0082497500

1    
 -0.0100000000000000   0.0000000000000000  -0.0000000000000000
   0.2361137100    0.0253699200    0.0080923600
  -0.0243751900   -0.0006430300    0.0004535200
   0.0121908300    0.0000458700   -0.0016892000
  -0.0076845900   -0.0003832000    0.0005932400
   0.0105833600    0.0018222300   -0.0009975400
  -0.0076089900   -0.0014350100    0.0003027300
   0.0032852800   -0.0002130700    0.0005208800
  -0.0027654600   -0.0005182000    0.0000251800
   0.0311129900   -0.0039899800   -0.0016940300
  -0.0092800300   -0.0005672000   -0.0001156200
   0.0311057400   -0.0025774300    0.0061245700
  -0.0092821100   -0.0008403300   -0.0002418100
   0.0195123300    0.0017713900    0.0047764000
  -0.0092045400   -0.0007571000   -0.0017456600
   0.0195224000   -0.0059089600    0.0049565200
  -0.0092087800   -0.0000973300    0.0000157300
  -0.0188644600    0.0021127300   -0.0305026900
  -0.0204101500    0.0040342000    0.0204938900
  -0.0013265100   -0.0003521600   -0.0026166700
  -0.0009253100   -0.0007868200    0.0022926100
  -0.0188993400    0.0006038500    0.0249537300
  -0.0204533600    0.0086820400   -0.0353602900
  -0.0013281100    0.0002001300    0.0029683800
  -0.0009303000   -0.0013412500   -0.0034369700
  -0.0010925700    0.0023820600    0.0000933500
  -0.0001389700   -0.0031366000    0.0002522100
  -0.0010900400   -0.0031036200   -0.0012975400
  -0.0001402700    0.0017617900    0.0006526500
  -0.0190812300    0.0274349200    0.0076590800
  -0.0215714700   -0.0345390300    0.0043996300
  -0.0190717100   -0.0276030400    0.0047991000
  -0.0215357100    0.0179677600   -0.0047104600
  -0.0223091500   -0.0013904600    0.0133473000
   0.0096465200   -0.0019906000   -0.0006445700
  -0.0019038600   -0.0005975000   -0.0017447400
   0.0024374000    0.0001341100   -0.0000484300
  -0.0094506700    0.0025047500    0.0085883000
   0.0074182400   -0.0022992200   -0.0031429900
  -0.0029629000    0.0019402400    0.0013119800
   0.0026463300   -0.0004562400   -0.0007462500
  -0.0069882000    0.0078364300   -0.0033098600
   0.0068265300   -0.0025555500    0.0025322000
  -0.0204627000    0.0028829200   -0.0035142700
   0.0092750100   -0.0004910500    0.0018419100
  -0.0025831700    0.0007506900   -0.0022190000
   0.0023244500   -0.0003790300    0.0004736500
  -0.0029459000   -0.0001162000   -0.0005498000
   0.0031669000   -0.0001144300    0.0004414600
  -0.0057983100   -0.0008739200    0.0029074600
   0.0032282300    0.0016904600   -0.0014912500
  -0.0013602900   -0.0005973700   -0.0004766400
   0.0012825100    0.0002418700   -0.0001510300
  -0.0146889800   -0.0003394700   -0.0034464700
   0.0117202400    0.0028181000    0.0015363200
  -0.0022829900    0.0044159300    0.0000266200
   0.0033313700   -0.0014224700    0.0008469300
  -0.0012938000    0.0001430000   -0.0008314500
   0.0010335200    0.0004070300   -0.0000883300
  -0.0035226200    0.0006827900    0.0045708200
   0.0032590000   -0.0011582200   -0.0013807300
  -0.0030327500   -0.0039412800   -0.0004599500
   0.0045860200    0.0026272500    0.0023805500
  -0.0176305300   -0.0061880700    0.0062653600
   0.0077997300   -0.0015714100    0.0015836900
  -0.0042204800   -0.0050075000    0.0029419000
   0.0036264300    0.0025128800   -0.0033964800
  -0.0156775200    0.0072474600    0.0074074100
   0.0078608200   -0.0016444700   -0.0020174000
  -0.0007521600   -0.0001956900   -0.0006834000
   0.0009019900    0.0002615400    0.0007564800
  -0.0015930300    0.0015843500   -0.0046163100
   0.0040751000   -0.0040147400    0.0045016300
  -0.0301767800    0.0081973200   -0.0092097700
   0.0108573000    0.0014981600   -0.0038990100
  -0.0045809800    0.0051559800    0.0001218900
   0.0027137900   -0.0014669400   -0.0014224300
  -0.0024152400   -0.0006013800   -0.0039909700
   0.0032776000    0.0020892800    0.0023101900
  -0.0012124800    0.0006601500   -0.0003435500
   0.0013875000   -0.0002635300    0.0002553400
   0.0034485700   -0.0012407800    0.0043565400
  -0.0019007500    0.0008904200   -0.0044531300
   0.0007285900    0.0010126800    0.0008143000
  -0.0013465700   -0.0003701700   -0.0007723200
   0.0132409300   -0.0010163700   -0.0007227600
  -0.0706338100   -0.0243676800   -0.0263984400
   0.0032023700    0.0041136300   -0.0001842800
  -0.0020705700   -0.0034865000    0.0007957200
   0.0017309000   -0.0001972900   -0.0000713200
  -0.0032047300    0.0012556400   -0.0005498900
   0.0047277900    0.0042952400    0.0022560200
  -0.0018365000   -0.0046043600   -0.0040996200
   0.0041983500   -0.0018118400   -0.0046233100
  -0.0038588200    0.0070509700    0.0059739300
   0.0073750300    0.0029965800   -0.0035474900
  -0.0057953100   -0.0085216600    0.0080844300

1    
 -0.0000000000000000   0.0100000000000000   0.0000000000000000
  -0.0251711800   -0.2299129400    0.0077398800
   0.0007550000   -0.0104411600   -0.0009886100
   0.0000541600    0.0214426000    0.0005664300
   0.0004480900    0.0075253600    0.0008731900
  -0.0017618300   -0.0096454800    0.0004538000
   0.0015215200   -0.0033647700   -0.0002874200
   0.0002823800    0.0060009600   -0.0001956700
   0.0005909900    0.0029834800   -0.0001899000
   0.0026054700    0.0234054200   -0.0268169600
   0.0009279500    0.0005993000   -0.0023491100
   0.0041183200    0.0234736300    0.0377944700
   0.0006313200    0.0005784000    0.0036285700
   0.0059790300    0.0116997400    0.0175098200
   0.0001834200   -0.0002325400    0.0025124500
  -0.0016806200    0.0116813400   -0.0187182500
   0.0008200200   -0.0002532000   -0.0033315100
   0.0005005800   -0.0267369100    0.0019566300
   0.0087041400   -0.0170512000   -0.0037401000
   0.0001585500    0.0080088000   -0.0000546100
  -0.0014211800    0.0079012600    0.0012471600
   0.0020345500   -0.0267279700   -0.0009852100
   0.0040249800   -0.0170452300    0.0087573300
  -0.0003963200    0.0080041400   -0.0009812600
  -0.0008548700    0.0079084400   -0.0013337900
  -0.0031710600    0.0006334900   -0.0001354900
   0.0017042000    0.0003656200   -0.0013097100
   0.0023326800    0.0006189100    0.0008775800
  -0.0032061900    0.0003434700    0.0014983600
  -0.0276694500    0.0213397400    0.0049938200
   0.0177867500    0.0130461900    0.0026931200
   0.0276695900    0.0214301700   -0.0042270900
  -0.0346648600    0.0129729600   -0.0123353800
  -0.0027108000    0.0209235200   -0.0020363300
   0.0019219000    0.0034675100    0.0008625600
   0.0029981200   -0.0094971200   -0.0002019900
   0.0006436800   -0.0018126700   -0.0001053200
  -0.0003164100    0.0040687700   -0.0043083600
  -0.0017296500    0.0014277600    0.0000099000
   0.0017542800   -0.0041481700    0.0014187100
   0.0008581800   -0.0012308600    0.0007238700
  -0.0030279000   -0.0137494100    0.0006795900
   0.0048398200   -0.0029742900    0.0013619700
  -0.0036896500    0.0297731500    0.0065635300
  -0.0053967800    0.0026416500   -0.0011098900
  -0.0006861600   -0.0020676100   -0.0026110500
   0.0010611900   -0.0008255900   -0.0005355800
   0.0010034300    0.0026838900    0.0019304600
  -0.0008397300    0.0012963000    0.0001834700
   0.0023150000    0.0026406600    0.0058892300
  -0.0005832000    0.0003186900    0.0012490800
  -0.0025888000   -0.0048258400   -0.0041657200
   0.0001713200   -0.0008790000   -0.0009257300
   0.0025945600    0.0185747900   -0.0041536800
  -0.0038389600    0.0006787800   -0.0020569000
  -0.0015514100   -0.0080333800    0.0015998700
   0.0031814500   -0.0042160400    0.0027496700
   0.0011792200   -0.0031580600    0.0020265800
  -0.0002350400   -0.0017009800    0.0004089200
  -0.0006502900    0.0043056600   -0.0051878600
  -0.0005232700    0.0031841500    0.0004618600
   0.0004609300   -0.0074227500   -0.0006874500
  -0.0010924600   -0.0034728400   -0.0008914600
   0.0133011000    0.0362853500   -0.0199781600
   0.0014280300    0.0064435900    0.0011825900
   0.0015358200   -0.0077933100    0.0014475600
  -0.0017753500   -0.0031699200    0.0016624900
   0.0021629500    0.0245219800    0.0019664800
   0.0048101400    0.0057864500   -0.0036443200
   0.0010628700   -0.0026811300   -0.0007648100
  -0.0002471300   -0.0017102300    0.0000838300
  -0.0021460500    0.0030040000    0.0043410800
  -0.0005124800    0.0038215600   -0.0003749900
  -0.0107818700    0.0324801600   -0.0062915700
  -0.0046427900    0.0009807800    0.0015440800
  -0.0021660700   -0.0085121100   -0.0022176300
   0.0020640700   -0.0036228500   -0.0025148400
   0.0011718900    0.0020095200   -0.0041398600
  -0.0011995500    0.0007443800   -0.0002233900
  -0.0010511200   -0.0020151900    0.0007009600
   0.0002345200   -0.0011546900    0.0002564700
  -0.0004959200    0.0015574900   -0.0015829500
  -0.0004557900    0.0014389600    0.0026020700
  -0.0013208400   -0.0013499300    0.0003974800
  -0.0003829500   -0.0014583300    0.0000465000
   0.0051222800    0.0068943400   -0.0006033600
   0.0189861700    0.0255601000    0.0077848300
  -0.0028287000   -0.0053254300    0.0014802200
  -0.0006309700   -0.0082169100    0.0020006800
  -0.0004616600   -0.0016700500    0.0003851000
  -0.0048809700   -0.0035833800    0.0027941100
  -0.0014393300    0.0018887700   -0.0020211100
   0.0059218300    0.0051961000   -0.0074001900
   0.0025414400   -0.0030855200   -0.0034321500
  -0.0027512200   -0.0050522600   -0.0022708300
  -0.0058047600    0.0020473200    0.0044230300
   0.0062736800    0.0032176700    0.0080960900

1    
  0.0000000000000000  -0.0100000000000000  -0.0000000000000000
   0.0230308900    0.2295585700   -0.0078109000
   0.0000993800    0.0096735200    0.0009720000
   0.0008436500   -0.0220679800   -0.0006057300
   0.0003752400   -0.0081477300   -0.0008714500
   0.0025515800    0.0088881700   -0.0004563900
  -0.0006764000    0.0026599900    0.0002805800
   0.0005352500   -0.0066274400    0.0001950600
   0.0002374400   -0.0036350500    0.0001842800
  -0.0017753100   -0.0240128300    0.0270662100
  -0.0000904000   -0.0012452300    0.0023324300
  -0.0032578600   -0.0239456900   -0.0373133600
   0.0001972600   -0.0012664700   -0.0036040300
  -0.0051092000   -0.0122965400   -0.0174946500
   0.0006521700   -0.0004242000   -0.0024944800
   0.0024990900   -0.0123153500    0.0185216400
   0.0000115300   -0.0004451900    0.0032960900
  -0.0013318100    0.0258833600   -0.0019930500
  -0.0092782300    0.0161858200    0.0036137500
  -0.0009159400   -0.0086157100    0.0000754200
   0.0005894600   -0.0085283700   -0.0012015700
  -0.0028449200    0.0258910500    0.0010268800
  -0.0046896600    0.0161921800   -0.0085552200
  -0.0003593900   -0.0086201900    0.0009498900
   0.0000488200   -0.0085211600    0.0012929100
   0.0023685200   -0.0012955500    0.0001262000
  -0.0024767300   -0.0010111600    0.0012935300
  -0.0030926800   -0.0013103700   -0.0008754200
   0.0023895000   -0.0010337200   -0.0014904600
   0.0270117600   -0.0220256200   -0.0049980100
  -0.0186512800   -0.0134776100   -0.0028263100
  -0.0280726400   -0.0219343200    0.0041524300
   0.0334783800   -0.0135521900    0.0121849700
   0.0031267500   -0.0209326400    0.0028014200
  -0.0011811000   -0.0031007100   -0.0006363500
  -0.0022344400    0.0098080500    0.0003985000
   0.0000815800    0.0021431800    0.0003267800
   0.0010708800   -0.0037183300    0.0044861500
   0.0024444900   -0.0010759500    0.0002125400
  -0.0010145900    0.0044618900   -0.0011780700
  -0.0001323500    0.0015661600   -0.0004906800
   0.0038706300    0.0142125000   -0.0009613600
  -0.0040879100    0.0032881800   -0.0015919300
   0.0031496100   -0.0270875300   -0.0060218400
   0.0060769100   -0.0022702800    0.0008685800
   0.0014157200    0.0023821700    0.0023564900
  -0.0003266800    0.0011559700    0.0002952400
  -0.0002673300   -0.0023158100   -0.0021441800
   0.0015575500   -0.0009420100   -0.0004146800
  -0.0020342000   -0.0023315300   -0.0059685600
   0.0008309100   -0.0000259400   -0.0013403200
   0.0028243900    0.0050853900    0.0040102300
   0.0000960300    0.0011814100    0.0008100100
  -0.0017258600   -0.0191874400    0.0030883200
   0.0040214100   -0.0003978300    0.0019324200
   0.0017836500    0.0082676800   -0.0016669700
  -0.0028814800    0.0044908900   -0.0028212000
  -0.0009032600    0.0034315200   -0.0019165700
   0.0005010800    0.0019858200   -0.0003147200
   0.0009098900   -0.0039554600    0.0052381100
   0.0007779700   -0.0028446100   -0.0003569600
  -0.0002221800    0.0076672200    0.0008135200
   0.0013498300    0.0037438300    0.0009805800
  -0.0123090000   -0.0353287900    0.0190214000
  -0.0011652600   -0.0060775700   -0.0010823100
  -0.0017902000    0.0080221900   -0.0013708900
   0.0015582800    0.0034373100   -0.0015486500
  -0.0019824300   -0.0238469600   -0.0015527000
  -0.0049861900   -0.0054147600    0.0037012800
  -0.0012819500    0.0029605400    0.0008638000
   0.0000234700    0.0019939300    0.0000183400
   0.0019067000   -0.0026766200   -0.0042309600
   0.0002740400   -0.0034726600    0.0004563000
   0.0118292500   -0.0333885800    0.0071912900
   0.0043507700   -0.0006899700   -0.0016393000
   0.0019049000    0.0087438100    0.0020847300
  -0.0022701900    0.0039084100    0.0023900200
  -0.0013963900   -0.0016883300    0.0040019400
   0.0009576000   -0.0004455500    0.0001109100
   0.0008165500    0.0023095500   -0.0007953000
  -0.0004576600    0.0014560400   -0.0003570500
  -0.0002029000   -0.0012061900    0.0017915500
  -0.0002347000   -0.0010897300   -0.0023266200
   0.0006153400    0.0016813200   -0.0001760600
  -0.0003066600    0.0017898100    0.0001712200
  -0.0058015800   -0.0065360000    0.0008271700
  -0.0204460800   -0.0255630500   -0.0079340200
   0.0021110700    0.0056319000   -0.0012476200
  -0.0000357100    0.0085042000   -0.0017366000
  -0.0002376400    0.0019838600   -0.0006146500
   0.0041699400    0.0038693000   -0.0030323200
   0.0007443000   -0.0015320200    0.0017812700
  -0.0065508600   -0.0047944700    0.0070968000
  -0.0032241500    0.0033869600    0.0031819600
   0.0020484700    0.0053207200    0.0020398000
   0.0050885200   -0.0016843900   -0.0046232700
  -0.0068950000   -0.0028269600   -0.0082291800

1    
  0.0000000000000000   0.0000000000000000   0.0100000000000000
  -0.0099218900    0.0083196300   -0.2327151100
   0.0000189500   -0.0013104500   -0.0114564000
   0.0021049000    0.0002214700   -0.0097958800
  -0.0001531300    0.0005293000   -0.0039881500
   0.0014374600    0.0001329500    0.0197419800
   0.0001237000   -0.0006177200    0.0091128100
  -0.0000940000   -0.0005445200    0.0074174500
   0.0004055000   -0.0005288600    0.0038485100
   0.0066439700   -0.0380794200    0.0161267100
   0.0001552100   -0.0039765500   -0.0013971000
  -0.0013085300    0.0267165200    0.0160477400
   0.0002918900    0.0019916300   -0.0014041500
   0.0053303400    0.0181991900    0.0187486500
   0.0004377400    0.0029556400    0.0026329700
   0.0051808200   -0.0178198400    0.0187600400
  -0.0013108900   -0.0028573100    0.0026309300
   0.0247909600   -0.0013661500    0.0222926600
  -0.0357874400    0.0083737500    0.0191865200
   0.0025709400   -0.0013100300    0.0013566200
  -0.0038224000   -0.0016635400   -0.0003295400
  -0.0308467900    0.0016514400    0.0221946700
   0.0199686800   -0.0040371800    0.0192052800
  -0.0030062800   -0.0004080700    0.0013751600
   0.0018920500    0.0008867000   -0.0002924100
   0.0009346200   -0.0012421100    0.0087718200
  -0.0010499100   -0.0018680000    0.0094275400
  -0.0004648700   -0.0002132200    0.0087733200
  -0.0006410400    0.0009556500    0.0094278600
  -0.0052039900    0.0038705500   -0.0287825400
   0.0043841400    0.0119611300   -0.0177196500
  -0.0080658300   -0.0053719200   -0.0288237200
  -0.0046736100   -0.0031584700   -0.0176187200
  -0.0097539000   -0.0096329800    0.0370870500
  -0.0044631700    0.0006521900    0.0026531100
   0.0012153000   -0.0029121500    0.0014485100
  -0.0005227400   -0.0005115800    0.0014437000
  -0.0004502000   -0.0001358500   -0.0101730800
   0.0065947500   -0.0020406000   -0.0044239000
  -0.0005958800    0.0035670000   -0.0018207900
   0.0014960500    0.0006892100   -0.0013316000
   0.0047462100    0.0046815900    0.0089390900
   0.0028927700    0.0003297400    0.0027968300
   0.0060140300   -0.0005665300    0.0246342500
   0.0007652100   -0.0015955000    0.0037540500
  -0.0028035600   -0.0013098000   -0.0064494500
  -0.0009915300   -0.0001345000   -0.0024527200
  -0.0022348800   -0.0006583700   -0.0060039000
  -0.0001997100    0.0001989400   -0.0030185700
  -0.0033144300    0.0017859100   -0.0094339400
   0.0025549600    0.0030298400   -0.0034680900
  -0.0009778100   -0.0014686600   -0.0029818800
   0.0005253000   -0.0003415800   -0.0013767100
   0.0002085600    0.0018136600    0.0199051700
  -0.0050532500   -0.0023783200    0.0005542800
   0.0006942400    0.0066704000    0.0025337400
   0.0004634000   -0.0001836300    0.0024506400
  -0.0018331300    0.0027998800   -0.0049532300
   0.0011130700    0.0010256800   -0.0011652500
  -0.0011763200   -0.0008280500   -0.0083436600
   0.0035365600   -0.0025477000   -0.0048806800
   0.0011871100   -0.0052984300    0.0041093000
  -0.0011691600   -0.0014038900    0.0005159600
  -0.0074334500   -0.0104209200    0.0289279400
  -0.0025947200    0.0026436800    0.0030247200
  -0.0028116000    0.0049913200    0.0034780900
  -0.0000123900   -0.0002935000    0.0032115900
   0.0022761500    0.0004694900    0.0210543500
   0.0030696800   -0.0011649600    0.0039271200
   0.0013858100   -0.0011138300   -0.0029912000
  -0.0001095500   -0.0001124000   -0.0018344400
   0.0007733900    0.0012806000   -0.0091892700
  -0.0020604400    0.0021278700   -0.0046483400
   0.0108133500   -0.0065627200    0.0333018500
   0.0043215300    0.0021229100    0.0085768900
  -0.0021225500   -0.0032949600    0.0031710500
   0.0003056900   -0.0002560400    0.0017506400
   0.0002972300   -0.0012851500   -0.0085859800
  -0.0007569500   -0.0015912200   -0.0047359500
   0.0010426400    0.0011943500   -0.0030671300
   0.0001510000    0.0003168900   -0.0024446600
  -0.0035764000    0.0012026800   -0.0051913600
  -0.0018411200    0.0016069700   -0.0104426700
  -0.0013199400    0.0003623400   -0.0016373200
  -0.0010852300    0.0001238600   -0.0022061300
   0.0067818400   -0.0015106700    0.0077051700
   0.0228108500    0.0099708700    0.0219668000
   0.0008261300    0.0006460300    0.0011540300
   0.0010543400   -0.0008307800    0.0036854000
  -0.0008278100    0.0004659000   -0.0011547000
   0.0048695300    0.0049603000   -0.0047017800
  -0.0026387000   -0.0028573700   -0.0024306700
   0.0029377100   -0.0048898600   -0.0057864500
  -0.0002179100   -0.0010965700    0.0022294700
  -0.0029331100   -0.0047771700    0.0004350300
   0.0070375700    0.0048857400   -0.0005070200
  -0.0072017000    0.0089982000    0.0006508500

1    
  0.0000000000000000   0.0000000000000000  -0.0100000000000000
   0.0079578200   -0.0093451500    0.2333616200
   0.0008354900    0.0006720500    0.0114253000
  -0.0013099700   -0.0009286500    0.0097991900
   0.0009986100   -0.0011930200    0.0039657800
  -0.0005756300   -0.0007545300   -0.0197338200
   0.0007021500   -0.0000272700   -0.0091109500
   0.0009171000   -0.0001317100   -0.0074285400
   0.0004259200   -0.0001321600   -0.0038579000
  -0.0056962200    0.0370812200   -0.0161025800
   0.0006655800    0.0033104900    0.0013609700
   0.0020168600   -0.0271094200   -0.0161805900
   0.0005521300   -0.0026354200    0.0013540800
  -0.0045162100   -0.0189867900   -0.0187986600
   0.0004025900   -0.0036172300   -0.0026196400
  -0.0043005100    0.0172384600   -0.0187870100
   0.0021455100    0.0022038800   -0.0026219800
  -0.0252888400    0.0006678300   -0.0222063900
   0.0346913000   -0.0089164100   -0.0191170300
  -0.0033505700    0.0006435900   -0.0013926100
   0.0030532400    0.0009853100    0.0002740000
   0.0302794800   -0.0022753500   -0.0223039000
  -0.0208513000    0.0033377500   -0.0190957700
   0.0022327400   -0.0002557500   -0.0013741500
  -0.0026781500   -0.0015396100    0.0003112700
  -0.0016842800    0.0005652500   -0.0087882300
   0.0002358500    0.0011749700   -0.0094360300
  -0.0003044100   -0.0004202400   -0.0087864500
  -0.0001576500   -0.0015933400   -0.0094362000
   0.0043998600   -0.0044536000    0.0288372400
  -0.0050954300   -0.0125026600    0.0176583100
   0.0072176100    0.0046728200    0.0287946800
   0.0040955400    0.0024140300    0.0177604600
   0.0089386800    0.0088493800   -0.0345001700
   0.0051990700   -0.0002752700   -0.0024256900
  -0.0004850800    0.0033309500   -0.0011961200
   0.0012496300    0.0008792100   -0.0012228500
   0.0012513900    0.0005348800    0.0103954900
  -0.0058745200    0.0024181800    0.0046317100
   0.0013357800   -0.0031978200    0.0020229800
  -0.0007650800   -0.0003192000    0.0015383300
  -0.0039980600   -0.0042863100   -0.0091293200
  -0.0021714800    0.0000419900   -0.0030441800
  -0.0054927200    0.0014490800   -0.0246216100
  -0.0000310100    0.0019604600   -0.0039944100
   0.0035442500    0.0016959500    0.0062074100
   0.0017134800    0.0005068000    0.0021995700
   0.0029750600    0.0010042600    0.0057541200
   0.0009271200    0.0001639500    0.0027630800
   0.0035348200   -0.0014343700    0.0093008600
  -0.0022680200   -0.0026802100    0.0033462500
   0.0012572000    0.0018100900    0.0028853700
  -0.0002560800    0.0006675100    0.0012666900
   0.0008151600   -0.0024414200   -0.0211871600
   0.0052862800    0.0027001200   -0.0006902900
  -0.0004278200   -0.0063380600   -0.0026553500
  -0.0002088200    0.0005258000   -0.0025898800
   0.0020886500   -0.0024443700    0.0050201400
  -0.0008398700   -0.0006840400    0.0012556000
   0.0014285800    0.0011258500    0.0084091200
  -0.0032500200    0.0028537000    0.0049591700
  -0.0009284000    0.0056592300   -0.0040334100
   0.0014227800    0.0017275900   -0.0004491300
   0.0086844300    0.0121186300   -0.0302869100
   0.0028469400   -0.0023255100   -0.0029722400
   0.0025712500   -0.0046676300   -0.0033807600
  -0.0002213600    0.0006260300   -0.0031062600
  -0.0020692000    0.0001758600   -0.0207038400
  -0.0033194200    0.0014722000   -0.0037993100
  -0.0016161800    0.0014545600    0.0030713200
  -0.0001125100    0.0004503100    0.0019069700
  -0.0010064300   -0.0009699800    0.0092579600
   0.0018324800   -0.0017816300    0.0047104700
  -0.0102140300    0.0062560500   -0.0328398600
  -0.0045234000   -0.0017848500   -0.0086404500
   0.0019142800    0.0036317700   -0.0032736100
  -0.0005467900    0.0005975500   -0.0018501900
  -0.0005428100    0.0016320000    0.0084690500
   0.0005441100    0.0019201400    0.0046039900
  -0.0012677400   -0.0008674600    0.0029459900
  -0.0003730700    0.0000121800    0.0023215700
   0.0028737100   -0.0008407800    0.0054034700
   0.0011836100   -0.0012230900    0.0106154700
   0.0006281000   -0.0000000900    0.0018536100
   0.0003987000    0.0002401300    0.0024261500
  -0.0075070000    0.0018701700   -0.0075161900
  -0.0244358400   -0.0099921000   -0.0219990600
  -0.0015172800   -0.0002739200   -0.0009462000
  -0.0017481600    0.0012267200   -0.0034994900
   0.0001325800   -0.0000968700    0.0009224700
  -0.0055504500   -0.0045670400    0.0044644500
   0.0019295400    0.0032152700    0.0021891500
  -0.0036347600    0.0052030400    0.0055669000
  -0.0004685000    0.0014563400   -0.0024742700
   0.0022611700    0.0051291900   -0.0007073500
  -0.0077083500   -0.0045329200    0.0002493400
   0.0065952400   -0.0087175200   -0.0009231600

33   
  0.0100000000000000   0.0000000000000000   0.0000000000000000
   0.0231417800   -0.0030665300   -0.0098919400
  -0.0088312400    0.0011723100   -0.0048035600
   0.0026949200    0.0022314700    0.0008321700
  -0.0016529800   -0.0000832200   -0.0008888200
   0.0102026400   -0.0010579900   -0.0008491000
  -0.0065969800   -0.0024450100    0.0061825600
   0.0037330200    0.0010124000   -0.0009701500
  -0.0018577900    0.0001277200    0.0011163900
   0.0212507300   -0.0042273700   -0.0056427100
  -0.0084511100   -0.0060636800   -0.0004015400
   0.0077530500   -0.0037818200   -0.0043412400
  -0.0060113300    0.0040632400   -0.0025206900
   0.0037262500    0.0002651900    0.0025924200
  -0.0023813400   -0.0015616900    0.0005605400
   0.0033572800   -0.0014146300    0.0031593100
  -0.0015368600    0.0003233900    0.0013460600
  -0.0139988000   -0.0058410700   -0.0071550500
   0.0659729600   -0.0191756900   -0.0225151100
  -0.0039055800    0.0020895600   -0.0011652000
   0.0013032000   -0.0000923000   -0.0013962200
  -0.0041575500   -0.0002306100    0.0032223000
   0.0011317500   -0.0002480900    0.0014815600
  -0.0014495900    0.0005961800    0.0009740700
   0.0006010600   -0.0003368200    0.0007360500
  -0.0054296100    0.0007228400   -0.0022935600
   0.0010553700   -0.0065853100    0.0032718700
  -0.0024423400   -0.0002653900   -0.0004948700
   0.0024354300    0.0041299200    0.0051780100
  -0.0080668200    0.0050863000    0.0073758200
   0.0049520800   -0.0069728100   -0.0069132000
  -0.0048992400   -0.0032579900    0.0001187400
   0.0030620100    0.0020212000   -0.0026020200
  -0.1794396700    0.0534322000    0.0645627100
   0.0072407700   -0.0005228800   -0.0008816700
  -0.0012469900   -0.0002646700    0.0012689500
   0.0021241600   -0.0012162400    0.0001244100
  -0.0012188400    0.0007188300   -0.0009136200
   0.0026017400    0.0002312500   -0.0015763400
  -0.0003945400    0.0004291100    0.0001007800
   0.0014471200   -0.0003374000   -0.0004801800
  -0.0058274100   -0.0018358100   -0.0031615000
   0.0042141600    0.0000532300    0.0016955800
  -0.0057980300    0.0020309400    0.0018427900
   0.0042064400   -0.0008112100    0.0009038000
  -0.0019135000    0.0010203100   -0.0013647100
   0.0025696700   -0.0003603700    0.0003162700
  -0.0019125400    0.0002764800   -0.0019113300
   0.0025615900   -0.0010536800   -0.0009972400
   0.0091100600   -0.0022977400    0.0139039900
   0.0063065700    0.0079073700   -0.0054305300
  -0.0001436700   -0.0004341100    0.0002146700
   0.0003353300   -0.0018241400   -0.0000822000
   0.0016795600   -0.0022250100   -0.0043298800
   0.0000574600    0.0004930800    0.0012025900
  -0.0000086500    0.0005709400   -0.0003557100
   0.0001857800   -0.0001406300   -0.0001392300
   0.0030920700   -0.0033227000    0.0055398500
   0.0003038100    0.0016760200    0.0000761500
   0.0001035400    0.0019382900    0.0021692600
   0.0109365100   -0.0116516300   -0.0114683600
  -0.0007364700   -0.0009344200   -0.0010284600
   0.0005076100    0.0002609500    0.0001795400
   0.0059503100    0.0085665800   -0.0071269300
   0.0002681300   -0.0003434400    0.0010623500
   0.0029615700   -0.0036339300   -0.0015764600
  -0.0003072300    0.0015456600    0.0006367600
   0.0053459800    0.0077684800   -0.0010988300
   0.0041430200   -0.0061062200    0.0063105600
  -0.0005152300   -0.0000735600    0.0004369900
   0.0004289600    0.0004718900   -0.0007456700
  -0.0005387100    0.0000558100   -0.0012823400
   0.0001330500    0.0000706200   -0.0017677500
   0.0409956500   -0.0136582600   -0.0139242400
   0.0205406400    0.0067003400    0.0108832200
  -0.0006708300    0.0000713200    0.0004620700
   0.0000298700   -0.0009250500    0.0005978600
  -0.0004879800    0.0006571600    0.0002940600
   0.0003704800    0.0006824300   -0.0020584800
  -0.0001876700   -0.0000672200   -0.0003861000
   0.0004223400   -0.0006488600   -0.0010407200
   0.0038153500    0.0009541900    0.0016155300
  -0.0069754700    0.0030314800   -0.0145479600
   0.0008754600   -0.0001514800    0.0007406900
  -0.0017087600   -0.0011012300   -0.0004638300
   0.0038198800    0.0021327700   -0.0001677400
  -0.0069940300   -0.0014218500    0.0044436500
   0.0008765100    0.0008146000    0.0003199800
  -0.0017043600   -0.0008656800   -0.0003274700
   0.0028791200    0.0004991500   -0.0008344500
  -0.0065727700    0.0031804200    0.0009596100
   0.0028795600    0.0017478900    0.0001042600
  -0.0065395000   -0.0094260800   -0.0014387300
   0.0021062100   -0.0002477700   -0.0024719000
  -0.0016927100    0.0002150700    0.0004053600
   0.0020987300    0.0006761800   -0.0011451600
  -0.0016935900   -0.0001114500   -0.0001514500

33   
 -0.0100000000000000   0.0000000000000000  -0.0000000000000000
  -0.0220304600    0.0028127600    0.0087970700
   0.0096886100   -0.0018907900    0.0048785200
  -0.0018512600   -0.0029617500   -0.0008470000
   0.0024623000   -0.0006066500    0.0009040800
  -0.0093971600    0.0003680200    0.0008709800
   0.0074622800    0.0017684400   -0.0062663700
  -0.0029242600   -0.0017175400    0.0009820800
   0.0026795900   -0.0008237600   -0.0011243100
  -0.0201013500    0.0026282100    0.0058635800
   0.0093138900    0.0054487100    0.0003934400
  -0.0069164000    0.0031541600    0.0044026300
   0.0068768500   -0.0048246600    0.0025422100
  -0.0029006500   -0.0009676100   -0.0026190300
   0.0031910500    0.0008742200   -0.0005682300
  -0.0025437700    0.0007259700   -0.0031902900
   0.0023522800   -0.0010258500   -0.0013607300
   0.0132527500    0.0051344600    0.0071307400
  -0.0706172600    0.0203376400    0.0247707900
   0.0031529300   -0.0027972800    0.0011758500
  -0.0021464700   -0.0006357900    0.0014039800
   0.0034022500   -0.0004712100   -0.0032297700
  -0.0019850400   -0.0004162100   -0.0015464600
   0.0006746000   -0.0012872100   -0.0009763600
  -0.0014119800   -0.0003598700   -0.0007494000
   0.0046681200   -0.0014078200    0.0022957800
  -0.0019138600    0.0059393700   -0.0032780300
   0.0016768000   -0.0004374900    0.0004875000
  -0.0032842600   -0.0048674400   -0.0052202900
   0.0073113600   -0.0057530800   -0.0073475700
  -0.0059288800    0.0062460500    0.0069036600
   0.0041511800    0.0025595200   -0.0001098900
  -0.0039604100   -0.0027254400    0.0026129600
   0.1818250100   -0.0518707100   -0.0657641100
  -0.0065373700    0.0008606000    0.0011209800
   0.0019808900    0.0005992400   -0.0010541900
  -0.0014142000    0.0015572500    0.0001025800
   0.0019359500   -0.0003951700    0.0011660800
  -0.0018903500    0.0000915200    0.0018195800
   0.0011206600   -0.0001043700    0.0001296600
  -0.0007282000    0.0006659900    0.0007127400
   0.0065372800    0.0023134900    0.0030022800
  -0.0035041200    0.0002534500   -0.0019363800
   0.0065673700   -0.0018412500   -0.0020209200
  -0.0035119700    0.0011524700   -0.0011431500
   0.0026490300   -0.0006986800    0.0011376500
  -0.0018471400    0.0006856600   -0.0005435300
   0.0026499900    0.0000468700    0.0016952300
  -0.0018551900    0.0013953900    0.0007812900
  -0.0088179600    0.0025253800   -0.0139016400
  -0.0061199200   -0.0077357800    0.0054067700
   0.0003966700    0.0007262900   -0.0003216900
  -0.0000661400    0.0021383100   -0.0000215700
  -0.0014450400    0.0025424700    0.0042545000
   0.0002306900   -0.0002044900   -0.0013196500
   0.0002545600   -0.0002821800    0.0002636400
   0.0000816800    0.0004314100    0.0000386100
  -0.0028440400    0.0036454600   -0.0054741900
  -0.0000272100   -0.0014029600    0.0000243100
   0.0001405100   -0.0016476900   -0.0020727300
  -0.0108510500    0.0121363400    0.0117497000
   0.0009776500    0.0012202400    0.0011355900
  -0.0002363600    0.0000327700   -0.0000777100
  -0.0056774100   -0.0083105300    0.0072683500
   0.0000082200    0.0006402700   -0.0009785800
  -0.0032500300    0.0039581200    0.0017337300
   0.0000996500   -0.0012678300   -0.0005418500
  -0.0055690700   -0.0074344300    0.0011658500
  -0.0044133800    0.0064920300   -0.0063163900
   0.0002762200    0.0003633800   -0.0003358300
  -0.0006585000   -0.0001840000    0.0008520200
   0.0002994600    0.0002370000    0.0013931400
  -0.0003534100    0.0002092600    0.0019002600
  -0.0404928600    0.0136695800    0.0135150200
  -0.0211265900   -0.0065637100   -0.0111800400
   0.0004229900    0.0002295000   -0.0005729100
  -0.0002538800    0.0012302100   -0.0007028000
   0.0002473400   -0.0003684100   -0.0003860400
  -0.0005879400   -0.0003944500    0.0019758200
  -0.0000521900    0.0003602300    0.0002893800
  -0.0006564000    0.0009444600    0.0009494300
  -0.0045455800   -0.0006343400   -0.0013896000
   0.0064271500   -0.0027428000    0.0148043700
  -0.0015852700    0.0004812400   -0.0005148500
   0.0010179000    0.0014453100    0.0006885500
  -0.0045411900   -0.0018064100    0.0003778900
   0.0064079300    0.0017381800   -0.0040252700
  -0.0015843500   -0.0004893500   -0.0000942000
   0.0010224000    0.0011977000    0.0005674800
  -0.0036089200   -0.0001848400    0.0006143300
   0.0059308800   -0.0028134100   -0.0012351500
  -0.0036086000   -0.0014214900   -0.0003285300
   0.0059645800    0.0097885100    0.0011819600
  -0.0028033500    0.0005696000    0.0022277200
   0.0010003400    0.0001222200   -0.0006284300
  -0.0028106600   -0.0003498100    0.0009189500
   0.0009995100    0.0004315700   -0.0000656300

33   
 -0.0000000000000000   0.0100000000000000   0.0000000000000000
   0.0019577800    0.0206634900   -0.0094219000
   0.0025457500    0.0029742000    0.0004722800
   0.0011611200   -0.0099453400   -0.0030827700
   0.0004333600   -0.0022981700   -0.0006738800
  -0.0018996300    0.0035795200   -0.0003058700
   0.0028432100    0.0009153500   -0.0022009100
  -0.0013625100   -0.0046063800    0.0033721800
   0.0010196600   -0.0017158500    0.0005159700
  -0.0013890500    0.0268894400    0.0013172400
   0.0010322400    0.0021111200    0.0017696000
  -0.0072667700   -0.0143019800   -0.0045140800
   0.0031208900   -0.0034282900   -0.0001772400
   0.0006840300    0.0021590700    0.0008055500
   0.0006764900    0.0007887200   -0.0000431300
  -0.0001905800   -0.0025233800    0.0014725800
   0.0009480800   -0.0012999900    0.0002999400
  -0.0016257700    0.0063992200   -0.0016589700
  -0.0242232000    0.0252574600    0.0101866100
   0.0034846000   -0.0057751700    0.0004718400
  -0.0040421900   -0.0086465600   -0.0010032300
  -0.0018228600    0.0010508600    0.0010308200
   0.0002847200    0.0009568100    0.0014139300
   0.0004150200   -0.0018327500    0.0001978800
  -0.0009531100   -0.0019441800   -0.0000349900
   0.0036867700    0.0013676100    0.0030012600
  -0.0051759300    0.0046246600    0.0049905200
  -0.0007917600   -0.0021335400   -0.0003081700
   0.0006864300   -0.0040219100   -0.0047868700
   0.0024016200    0.0015132500   -0.0047304900
  -0.0090279100    0.0026323900   -0.0088619400
  -0.0024072800   -0.0035358800    0.0012686600
   0.0064682000   -0.0054834100    0.0049365600
   0.0513640400   -0.1060988600    0.0114019400
  -0.0003208400   -0.0009336100   -0.0000092700
  -0.0000665100    0.0049754600   -0.0001887000
  -0.0010115900    0.0016464100    0.0004246600
   0.0009167600   -0.0005059000   -0.0003567600
   0.0004358100   -0.0005093800    0.0003771700
   0.0006323200    0.0012008500   -0.0007059600
  -0.0001334800    0.0008437200   -0.0000782700
   0.0022852200    0.0183592600    0.0124372100
  -0.0006111300    0.0002261200   -0.0001355000
  -0.0017068800    0.0186088300   -0.0093369300
   0.0002703300    0.0002152600   -0.0004868300
   0.0004814700   -0.0002257200   -0.0017023900
  -0.0008557000    0.0004495500   -0.0007476400
   0.0012263900   -0.0002386800    0.0007849100
  -0.0001490700    0.0004439000    0.0000288700
  -0.0060994700   -0.0049731400   -0.0071585000
  -0.0031709500   -0.0069288000    0.0032117500
   0.0008892000    0.0029435300    0.0008618300
   0.0000459500    0.0021613600   -0.0000061200
   0.0021223400   -0.0040666800   -0.0022418700
   0.0000163800   -0.0011628200    0.0002890100
  -0.0000606400    0.0021989300    0.0005166900
  -0.0003876900    0.0014713000   -0.0004327800
  -0.0057997300    0.0065877300   -0.0102966100
   0.0017490100    0.0002270700   -0.0006558800
   0.0023128900   -0.0002602600    0.0024048600
  -0.0027163200    0.0032943600    0.0029042900
  -0.0004164300    0.0002342000    0.0018887000
   0.0003831700    0.0007788500    0.0005661900
   0.0021326000    0.0035065600   -0.0026204200
  -0.0007398300   -0.0005747200   -0.0008479000
  -0.0074207900    0.0056571400    0.0060809000
   0.0017738200    0.0007804700    0.0004554500
   0.0072046000    0.0028624400   -0.0015002200
  -0.0038821700    0.0017717200   -0.0016545400
  -0.0001372600    0.0003150200   -0.0013105300
   0.0000251900    0.0005901800   -0.0002257300
   0.0000686500   -0.0000097400   -0.0000826100
  -0.0004874900   -0.0002037000    0.0003568200
  -0.0118816200   -0.0066275400    0.0055589100
   0.0042813000   -0.0043971900   -0.0005699700
   0.0003548800    0.0039346400   -0.0002109400
  -0.0003531200    0.0024126500    0.0008364000
  -0.0000609500   -0.0007254800   -0.0014157400
   0.0002915300   -0.0010508500   -0.0001079300
  -0.0002626500    0.0011046500   -0.0001642200
  -0.0005768400    0.0014773400    0.0003985500
  -0.0023540000   -0.0011542000   -0.0000229600
   0.0012011700   -0.0064460700    0.0024235700
  -0.0010372300    0.0014105100   -0.0007496700
   0.0006361000    0.0037559800   -0.0002584700
  -0.0011828600   -0.0011553100    0.0007612500
  -0.0032400800   -0.0064617800   -0.0016483100
  -0.0000744600    0.0014129900    0.0000433400
   0.0008710700    0.0037650000    0.0002677400
  -0.0019645600   -0.0001312700    0.0000427800
   0.0091356700    0.0112432100   -0.0096798900
  -0.0007302600   -0.0001418300    0.0001903100
  -0.0034332100    0.0113651400    0.0070894900
  -0.0009033500    0.0001864500    0.0004273100
  -0.0001221400    0.0000064100    0.0009589600
   0.0000101700    0.0001796500   -0.0003674100
  -0.0004381400   -0.0000116900   -0.0017314100

33   
  0.0000000000000000  -0.0100000000000000  -0.0000000000000000
  -0.0008671700   -0.0211924400    0.0090055000
  -0.0017735700   -0.0035966700   -0.0004867500
  -0.0003813300    0.0093568100    0.0031283000
   0.0003747400    0.0016543600    0.0006851200
   0.0027657400   -0.0042103300    0.0003323300
  -0.0020700500   -0.0015917000    0.0022251000
   0.0021793700    0.0040007700   -0.0034252400
  -0.0002179400    0.0010790500   -0.0005244000
   0.0035448300   -0.0299746100   -0.0006440400
  -0.0002443800   -0.0028037400   -0.0017411700
   0.0080504700    0.0136562200    0.0044980500
  -0.0023327300    0.0028317400    0.0001552700
   0.0001255700   -0.0028437600   -0.0008130000
   0.0001225700   -0.0014520300    0.0000357400
   0.0009792400    0.0019244700   -0.0014882900
  -0.0001424300    0.0006790600   -0.0002974500
   0.0008493300   -0.0070333500    0.0016896800
   0.0228345900   -0.0258651600   -0.0098100100
  -0.0043540900    0.0051790000   -0.0004803800
   0.0032968900    0.0080724300    0.0010232300
   0.0010337600   -0.0017154700   -0.0010447900
  -0.0011244000   -0.0015749200   -0.0014490700
  -0.0012355400    0.0011965200   -0.0001966400
   0.0001557600    0.0013013400    0.0000482100
  -0.0045229500   -0.0020564200   -0.0030273800
   0.0043896300   -0.0053681500   -0.0050587400
  -0.0000250300    0.0015179000    0.0002985200
  -0.0014553800    0.0034285100    0.0047845000
  -0.0032267900   -0.0022215300    0.0047321600
   0.0082907800   -0.0034155900    0.0088969300
   0.0016046000    0.0029343400   -0.0012391500
  -0.0072442900    0.0048862300   -0.0049259000
  -0.0516266900    0.1066968300   -0.0118918300
   0.0010386400    0.0013118100    0.0002307800
   0.0007733100   -0.0046192900    0.0004240400
   0.0017376700   -0.0012825000   -0.0001993200
  -0.0002213100    0.0008950000    0.0005911200
   0.0002716000    0.0008923700   -0.0001475100
   0.0000746800   -0.0008362100    0.0009461900
   0.0008456800   -0.0004731700    0.0003109300
  -0.0016107500   -0.0182871600   -0.0129181000
   0.0013283700    0.0001662000   -0.0000942300
   0.0024184700   -0.0180376800    0.0089417800
   0.0004460700    0.0001552100    0.0002574200
   0.0002277700    0.0006200400    0.0014953600
   0.0015691100   -0.0000689000    0.0005269800
  -0.0005168500    0.0006071700   -0.0010137100
   0.0008725900   -0.0000744300   -0.0002620200
   0.0063365600    0.0054251300    0.0070661800
   0.0033922900    0.0072448200   -0.0032961900
  -0.0006442700   -0.0026234800   -0.0009604300
   0.0001860200   -0.0018435200   -0.0000877000
  -0.0018800800    0.0044093700    0.0021364900
   0.0002349200    0.0015219800   -0.0003848700
   0.0003149900   -0.0018816800   -0.0006369900
   0.0006257700   -0.0011365900    0.0003264000
   0.0061321800   -0.0063490600    0.0105727000
  -0.0015252900    0.0001141400    0.0007635600
  -0.0020661400    0.0005939800   -0.0022957900
   0.0030511300   -0.0030566500   -0.0029100400
   0.0006733300    0.0001168500   -0.0018107300
  -0.0001403900   -0.0004324900   -0.0004694600
  -0.0019604300   -0.0032738700    0.0028199200
   0.0009850300    0.0009032700    0.0009478800
   0.0072779500   -0.0053878000   -0.0060838400
  -0.0020449300   -0.0004260400   -0.0003631900
  -0.0074141100   -0.0025224000    0.0015735300
   0.0036427000   -0.0014617500    0.0017803500
  -0.0001089500    0.0000316500    0.0014306100
  -0.0002779300   -0.0002453300    0.0003309100
  -0.0003210900    0.0003457200    0.0001944700
   0.0002437200    0.0005306700   -0.0002517700
   0.0115357900    0.0071445200   -0.0056186600
  -0.0044251300    0.0048107100    0.0005047600
  -0.0005890700   -0.0036180100    0.0001138800
   0.0000942000   -0.0020856900   -0.0009432500
  -0.0001929400    0.0010811200    0.0013214000
  -0.0005363100    0.0014146800    0.0000131000
   0.0000169400   -0.0007748400    0.0000697300
   0.0003251400   -0.0011431200   -0.0004956200
   0.0016529300    0.0015442500    0.0002528500
  -0.0018910300    0.0068653500   -0.0023507300
   0.0003343300   -0.0010457600    0.0009915400
  -0.0013598000   -0.0034097700    0.0005034700
   0.0004731400    0.0015431000   -0.0005288700
   0.0026020000    0.0068489500    0.0020648300
  -0.0006396300   -0.0010432600    0.0001853800
  -0.0016078700   -0.0034007600   -0.0000571400
   0.0012730200    0.0005241100   -0.0002732300
  -0.0100137400   -0.0110404400    0.0096288200
   0.0000213500    0.0005135300   -0.0004188100
   0.0026298900   -0.0109172500   -0.0072347700
   0.0001902100    0.0001973900   -0.0006491700
  -0.0005976200    0.0003867800   -0.0011932300
  -0.0007396100    0.0001905700    0.0001396100
  -0.0002773000    0.0003688100    0.0014979400

33   
  0.0000000000000000   0.0000000000000000   0.0100000000000000
  -0.0117444200   -0.0022143700    0.0345827900
   0.0011541500    0.0004273800    0.0025248200
   0.0022825900   -0.0006497600    0.0013144800
   0.0005757300   -0.0005524900    0.0013316600
  -0.0080475200   -0.0047332700   -0.0102534200
   0.0036787600   -0.0004402100   -0.0044989800
  -0.0007853000    0.0009559000   -0.0018965900
   0.0012763500    0.0002741000   -0.0014219700
  -0.0029885300   -0.0067466800    0.0246469300
   0.0023414400    0.0006315300    0.0038810900
  -0.0027703400   -0.0011470800    0.0090231500
   0.0030389800   -0.0018225200    0.0029129400
  -0.0000418500   -0.0023643500   -0.0058589900
   0.0009538200   -0.0006414200   -0.0028837500
  -0.0016920700    0.0021132200   -0.0063026400
   0.0009791200    0.0000616100   -0.0023165300
  -0.0012562700   -0.0010388100    0.0076161000
  -0.0261725100    0.0077389000    0.0219988100
  -0.0006980200    0.0010188800    0.0010507100
   0.0002695800    0.0015230200    0.0035933000
   0.0038038300   -0.0020095700   -0.0052756300
  -0.0049464900    0.0021103600   -0.0104862600
   0.0002867100   -0.0000492500   -0.0017369100
  -0.0012934400   -0.0003930800   -0.0023089400
  -0.0027471400    0.0015611400   -0.0022907200
   0.0036065400    0.0069209700   -0.0056458100
  -0.0004367400   -0.0008522000   -0.0010264800
   0.0000555700   -0.0032616800   -0.0045571200
   0.0030364700   -0.0048646800   -0.0003981400
  -0.0085501300   -0.0084790500    0.0007342600
   0.0041012700    0.0029409900    0.0023328200
  -0.0064558000    0.0017962100    0.0005631600
   0.0643559900    0.0114397800   -0.1418057600
  -0.0006300900    0.0000488700   -0.0011635600
   0.0015240200   -0.0001272800   -0.0019454700
   0.0003723400    0.0004850700   -0.0006493600
  -0.0006673600   -0.0003038700    0.0060084000
  -0.0013279600    0.0004334000    0.0019745400
   0.0003490300   -0.0006474400    0.0013583600
  -0.0002320600   -0.0000204600    0.0010172400
  -0.0015737500    0.0093058500   -0.0012602600
  -0.0006652200    0.0005408600   -0.0013440400
   0.0034251200   -0.0124700100   -0.0012660400
  -0.0014564300    0.0001847700   -0.0013443800
   0.0021557400   -0.0007372600    0.0025416900
   0.0012415100    0.0000209300    0.0010234400
   0.0016012900    0.0017694400    0.0025437100
  -0.0000741600    0.0008027900    0.0010215800
   0.0115469100   -0.0033323000    0.0067326400
  -0.0036111100   -0.0033280600    0.0018135600
   0.0000906500   -0.0001908400   -0.0006689700
  -0.0004335300    0.0008379900   -0.0000900700
  -0.0032742400    0.0047559000    0.0052876100
   0.0023176200    0.0009138600    0.0007870700
  -0.0001843600   -0.0012750800    0.0005944200
   0.0006157300   -0.0001873900    0.0003200600
   0.0008683000   -0.0007791900    0.0007497600
  -0.0011822400   -0.0011782800   -0.0004818600
   0.0020157400    0.0019458200   -0.0000214700
  -0.0044647500    0.0054504300    0.0058371500
  -0.0000981300    0.0009024300    0.0002533300
   0.0008170300    0.0007136100    0.0006664600
  -0.0080999600   -0.0131757700    0.0123848700
   0.0010635000   -0.0001901900    0.0002526600
   0.0030584600   -0.0010286400   -0.0045889600
   0.0002869300    0.0004818900   -0.0019838700
  -0.0036249300   -0.0030776400   -0.0040474900
  -0.0011259400    0.0030368900   -0.0055069100
  -0.0001044600   -0.0000648700    0.0012933600
  -0.0005225800   -0.0005784600    0.0018728500
   0.0005439600    0.0008858800    0.0031961600
   0.0004281700   -0.0009095500    0.0034060800
  -0.0163832400    0.0069689200   -0.0051054100
   0.0022440900   -0.0009141300   -0.0052256400
  -0.0003652600   -0.0008511900   -0.0015897100
  -0.0000246500    0.0000700800   -0.0015013200
   0.0004431000   -0.0001365700    0.0030018500
  -0.0013636200    0.0004729600    0.0036680700
  -0.0001731800   -0.0000311600    0.0009893000
  -0.0004348400    0.0004133800    0.0012813400
  -0.0000848800    0.0008168600   -0.0000423500
  -0.0046716400   -0.0016957500    0.0273664200
  -0.0005672700    0.0001042200    0.0001085900
   0.0000889000    0.0003369200    0.0006386100
  -0.0018553900    0.0000314600   -0.0000317300
   0.0141669800    0.0025328300    0.0268777700
  -0.0009824600   -0.0006940200    0.0001130000
   0.0002206700   -0.0002038800    0.0006452000
  -0.0001326800   -0.0001386000   -0.0006515400
  -0.0016392000   -0.0069864100    0.0008315000
  -0.0010697200    0.0000075900   -0.0006500100
   0.0007445700    0.0098087300    0.0008405300
  -0.0013828100    0.0004187800    0.0009475600
  -0.0003935400    0.0017701200    0.0014149100
  -0.0026876100   -0.0003681400    0.0009422800
   0.0001645400   -0.0009006200    0.0014141000

33   
  0.0000000000000000   0.0000000000000000  -0.0100000000000000
   0.0141890100    0.0026180000   -0.0370014700
  -0.0003577900   -0.0010826000   -0.0025615700
  -0.0014701800   -0.0000615600   -0.0013365800
   0.0002268900   -0.0001322300   -0.0013437300
   0.0088116500    0.0040489300    0.0103068800
  -0.0028777900   -0.0002495600    0.0045498300
   0.0015768500   -0.0016528400    0.0019394300
  -0.0004710900   -0.0009520500    0.0014418400
   0.0039517500    0.0058521700   -0.0246202100
  -0.0015611600   -0.0013263300   -0.0038748400
   0.0036010500    0.0005147100   -0.0090526300
  -0.0022448100    0.0011517800   -0.0029360700
   0.0008407100    0.0017308000    0.0058911600
  -0.0001402400   -0.0000228200    0.0028907300
   0.0025158700   -0.0028335800    0.0063465500
  -0.0001738900   -0.0007490600    0.0023286700
   0.0004915900    0.0003799600   -0.0076113300
   0.0244167800   -0.0079906700   -0.0219623500
  -0.0000887300   -0.0017212700   -0.0010575000
  -0.0010892600   -0.0022255200   -0.0035986600
  -0.0046656800    0.0013526300    0.0053127400
   0.0042021900   -0.0028316000    0.0105651200
  -0.0010955000   -0.0006345700    0.0017466000
   0.0004930000   -0.0002814700    0.0023164300
   0.0019578400   -0.0022208300    0.0023213700
  -0.0043997800   -0.0075550700    0.0056996700
  -0.0003748800    0.0001677100    0.0010437400
  -0.0008488500    0.0025846000    0.0046019100
  -0.0038506800    0.0042013700    0.0003501600
   0.0077641600    0.0078655700   -0.0008477200
  -0.0049477600   -0.0036517400   -0.0023783600
   0.0056687000   -0.0024941100   -0.0005870000
  -0.0643889000   -0.0116859700    0.1442879200
   0.0013512000    0.0002870400    0.0013951400
  -0.0008153500    0.0004801800    0.0021838200
   0.0003340500   -0.0001407300    0.0008862800
   0.0013962600    0.0006420300   -0.0058021100
   0.0020516500   -0.0000932400   -0.0017552000
   0.0003619000    0.0010027700   -0.0011377200
   0.0009446000    0.0003669400   -0.0007915000
   0.0022930700   -0.0089599800    0.0011093900
   0.0013847500   -0.0001929900    0.0011273700
  -0.0027358900    0.0128933000    0.0011038600
   0.0021789500    0.0001537700    0.0011271200
  -0.0014475200    0.0010717300   -0.0027870300
  -0.0005338900    0.0003221700   -0.0012583900
  -0.0008978500   -0.0014175600   -0.0027850300
   0.0007884100   -0.0004612900   -0.0012603000
  -0.0112024000    0.0035748300   -0.0067920900
   0.0038735900    0.0036626500   -0.0019395000
   0.0001559900    0.0005068400    0.0005692600
   0.0006796100   -0.0005362100   -0.0000108000
   0.0035575100   -0.0045139700   -0.0054357700
  -0.0020973600   -0.0006200900   -0.0008738400
   0.0004302400    0.0016050400   -0.0006865600
  -0.0003731200    0.0004989000   -0.0004172700
  -0.0006687400    0.0011367600   -0.0007372300
   0.0014292000    0.0014890000    0.0005725100
  -0.0017689800   -0.0016352500    0.0001102900
   0.0047725000   -0.0052047100   -0.0057797300
   0.0003463400   -0.0006000900   -0.0001381900
  -0.0005736400   -0.0004082900   -0.0005609500
   0.0084656500    0.0136897000   -0.0124878900
  -0.0008318800    0.0005040400   -0.0001450600
  -0.0033092500    0.0013352600    0.0047039700
  -0.0005308800   -0.0001697700    0.0021027500
   0.0033758600    0.0033856400    0.0042176300
   0.0008890000   -0.0027317800    0.0056090700
  -0.0001392400    0.0003676300   -0.0012048700
   0.0002741000    0.0008824400   -0.0017725900
  -0.0007843700   -0.0005760600   -0.0031155900
  -0.0006914000    0.0012417900   -0.0033329100
   0.0161126600   -0.0066761700    0.0051878900
  -0.0023943900    0.0012282400    0.0051982300
   0.0001149400    0.0011705700    0.0015024700
  -0.0002239400    0.0002427800    0.0014140600
  -0.0006859700    0.0004356000   -0.0031193100
   0.0010981000   -0.0001790000   -0.0037729800
  -0.0000723100    0.0003452700   -0.0010955300
   0.0001890400   -0.0001052600   -0.0013887700
  -0.0006275900   -0.0004751100    0.0002702800
   0.0038038400    0.0020156700   -0.0267125800
  -0.0001502000    0.0002443400    0.0001163800
  -0.0008028500    0.0000102900   -0.0004144700
   0.0011531500    0.0003054400    0.0002809900
  -0.0151862500   -0.0022440500   -0.0272019200
   0.0002760600    0.0010453400    0.0001207000
  -0.0009286100    0.0005561700   -0.0004078100
  -0.0005819500    0.0004809000    0.0004228600
   0.0009654800    0.0073472200   -0.0010991400
   0.0003625900    0.0003340600    0.0004245000
  -0.0014660100   -0.0094879100   -0.0010902400
   0.0006648300   -0.0000778700   -0.0011666900
  -0.0003242000   -0.0014487600   -0.0016384200
   0.0019955700    0.0007187700   -0.0011720900
  -0.0008857200    0.0012622200   -0.0016395000

49   
  0.0100000000000000   0.0000000000000000   0.0000000000000000
   0.0063462900    0.0018629600   -0.0034213300
  -0.0026622900   -0.0010272500    0.0024186000
   0.0019312400   -0.0030306000   -0.0011124800
  -0.0007205400   -0.0002835600    0.0003953200
   0.0152581500    0.0020246200   -0.0000824800
  -0.0111571500   -0.0042659100   -0.0051903900
   0.0028349300   -0.0019893900    0.0005797900
  -0.0027652900    0.0027118300    0.0003338200
   0.0183011000    0.0122362900    0.0077542400
  -0.0072305300    0.0009760100    0.0027487600
   0.0035854200    0.0000273200   -0.0010711600
  -0.0040175900   -0.0015466100    0.0013096500
   0.0040764100   -0.0011124000    0.0013164300
  -0.0026893000   -0.0009657500   -0.0033838400
   0.0018596400    0.0007209700    0.0019810300
  -0.0004682100   -0.0006920900   -0.0009676800
   0.0308367600    0.0115386200   -0.0110321200
  -0.0113447900    0.0041609300   -0.0043874100
   0.0041142100    0.0017141600    0.0020197600
  -0.0032058400   -0.0024881200   -0.0004106900
   0.0019420800   -0.0016015600   -0.0004002900
  -0.0037721200    0.0007507200    0.0006592500
   0.0007282200    0.0006067100   -0.0011418900
  -0.0018805900   -0.0006746800   -0.0002489100
   0.0159717800   -0.0027835500    0.0025382800
  -0.0083413200   -0.0052085600    0.0031845400
   0.0037629300   -0.0019879300   -0.0026782300
  -0.0041286000    0.0013312900    0.0001001800
   0.0011189400    0.0016860100    0.0008879400
  -0.0045705400    0.0000707300   -0.0019443200
   0.0002701100   -0.0015027200    0.0015062500
  -0.0013958500   -0.0001945400    0.0000041100
   0.0093043400   -0.0059980000    0.0114302200
   0.0065808200   -0.0030750600   -0.0036196300
   0.0001073200    0.0009606500    0.0000853900
   0.0005714300    0.0001271000   -0.0004375200
   0.0019404900    0.0022005200   -0.0033036000
   0.0002789300    0.0000848300    0.0023355300
   0.0002458000    0.0000066400   -0.0001925900
   0.0004247000   -0.0003097200    0.0006140500
   0.0061906600    0.0022486800    0.0082017800
   0.0005017900   -0.0006650900   -0.0010564200
  -0.0004818500   -0.0003463900    0.0001189700
   0.0007453800    0.0004593600   -0.0008012700
   0.0003610100    0.0023795500   -0.0019898500
   0.0112724700   -0.0026792200    0.0045048200
   0.0033502100   -0.0057881500   -0.0008724600
   0.0005326300    0.0018453900    0.0012033900
  -0.1345691000   -0.0241388100   -0.0198296800
   0.0060180600    0.0008471700   -0.0003313100
  -0.0007451400    0.0005321700    0.0004832400
   0.0014182100    0.0001044300   -0.0002314900
  -0.0008502000    0.0001407000   -0.0003669900
   0.0015163800    0.0001958700    0.0005472600
  -0.0006179200    0.0000936000   -0.0000408900
   0.0006661900    0.0003489900    0.0000334700
  -0.0092524500    0.0028294600   -0.0023107800
   0.0033434500    0.0003380300    0.0003749800
  -0.0092584900   -0.0020069300    0.0004720400
   0.0033424700   -0.0001029300   -0.0002520600
  -0.0007244700    0.0001405500    0.0006150400
   0.0010229500    0.0002859800    0.0004132800
  -0.0007239400   -0.0001556800   -0.0002453600
   0.0010223600    0.0003223300   -0.0001685500
  -0.0046825900    0.0023352400    0.0014244800
   0.0016114300    0.0000124200   -0.0003006200
  -0.0047264500    0.0030263700   -0.0030104200
   0.0016088600   -0.0009469100    0.0007438600
  -0.0030388600   -0.0011795000    0.0020991600
   0.0024234700    0.0000733900   -0.0001214800
  -0.0030225300   -0.0009270500   -0.0007044600
   0.0024335400    0.0013433900    0.0011751000
  -0.0068555800   -0.0014426800   -0.0072295400
   0.0030612000    0.0005738800    0.0001564000
  -0.0009540900    0.0009938400   -0.0005074600
   0.0007699600    0.0004136700    0.0000265100
  -0.0068578800    0.0018406200    0.0036653700
   0.0030622400   -0.0004506000   -0.0005343800
  -0.0009534600    0.0000194400    0.0001264900
   0.0007705400   -0.0000537900   -0.0000067000
   0.0407853600    0.0120141900    0.0165402400
   0.0203489300   -0.0041343400   -0.0021572600
  -0.0008893000   -0.0003006600    0.0003671300
  -0.0001908100    0.0003975200    0.0000281500
  -0.0007106300    0.0001074400   -0.0004395100
   0.0001431700   -0.0002398300    0.0013537800
  -0.0004061900    0.0003146400    0.0001746800
   0.0002032100    0.0006273300    0.0004369000
   0.0051450600   -0.0071724100   -0.0036236500
   0.0039340400    0.0039258100   -0.0011221900
   0.0027763800    0.0075374100    0.0030880800
  -0.0005319400   -0.0017298500    0.0002984300
  -0.0007611400   -0.0000199700    0.0005571000
  -0.0000906700    0.0005410300    0.0004509000
  -0.0007369600    0.0001855300   -0.0000926700
   0.0002095000    0.0000244900   -0.0005101600

49   
 -0.0100000000000000   0.0000000000000000  -0.0000000000000000
  -0.0055154900   -0.0024775800    0.0034210700
   0.0035215800    0.0003951100   -0.0024107400
  -0.0010664700    0.0023905900    0.0011164400
   0.0015753600   -0.0003503300   -0.0003921300
  -0.0146037500   -0.0022938700    0.0005064500
   0.0119925300    0.0036033000    0.0051425800
  -0.0020063100    0.0013542500   -0.0005472300
   0.0036231300   -0.0033413300   -0.0003449300
  -0.0175794000   -0.0133630000   -0.0083874400
   0.0080804800   -0.0016082300   -0.0027208600
  -0.0027572300   -0.0006472500    0.0010155100
   0.0048726900    0.0009039200   -0.0013095500
  -0.0032417200    0.0004564200   -0.0013162500
   0.0035516700    0.0003439100    0.0033744000
  -0.0010026900   -0.0013526300   -0.0019692600
   0.0013289200    0.0000531800    0.0009570200
  -0.0305027700   -0.0110504500    0.0099732100
   0.0105815600   -0.0048099400    0.0044285000
  -0.0048252100   -0.0023349200   -0.0020459700
   0.0024428500    0.0018678400    0.0004126900
  -0.0026681100    0.0009895100    0.0004103100
   0.0029964400   -0.0013837000   -0.0006701900
  -0.0014798300   -0.0012383000    0.0011402500
   0.0011135700    0.0000397200    0.0002466100
  -0.0160321600    0.0013956900   -0.0018206800
   0.0075822200    0.0046094500   -0.0032094400
  -0.0044525000    0.0013602900    0.0026982500
   0.0033421600   -0.0019795100   -0.0001140900
  -0.0018542800   -0.0023442400   -0.0008972500
   0.0037918700   -0.0006937500    0.0019430500
  -0.0010216400    0.0008641700   -0.0015018200
   0.0006312000   -0.0004426400   -0.0000046900
  -0.0086101800    0.0064308400   -0.0113279900
  -0.0058325400    0.0034815400    0.0038536200
   0.0006597700   -0.0005791300    0.0001399800
   0.0001819300    0.0002611500    0.0006647800
  -0.0011718600   -0.0018077200    0.0035166200
   0.0004641800    0.0002972500   -0.0020901300
   0.0005210900    0.0003762300    0.0004110300
   0.0003328000    0.0006972800   -0.0003853400
  -0.0054239400   -0.0018499500   -0.0083848300
   0.0002539900    0.0010533300    0.0008150000
   0.0012444400    0.0007369700   -0.0003489900
   0.0000132800   -0.0000703500    0.0005658800
   0.0004102900   -0.0020057100    0.0017710000
  -0.0105006200    0.0030820800   -0.0047558500
  -0.0025737900    0.0061358100    0.0006405800
   0.0002139000   -0.0014349200   -0.0014315100
   0.1283944900    0.0206154600    0.0202353100
  -0.0057215300   -0.0005087800    0.0002147800
   0.0010329300   -0.0001903400   -0.0005800500
  -0.0011218600    0.0002475700    0.0001307500
   0.0011479300    0.0002091400    0.0002592700
  -0.0012209400    0.0001526500   -0.0006503700
   0.0009106200    0.0002569300   -0.0000655400
  -0.0003694800    0.0000032200   -0.0001384600
   0.0095461500   -0.0022920500    0.0023870900
  -0.0030461600    0.0000060100   -0.0002767600
   0.0095401700    0.0021178400   -0.0003789000
  -0.0030472000    0.0004720900    0.0003416800
   0.0010180400    0.0002144500   -0.0005182700
  -0.0007240200    0.0000655600   -0.0003167300
   0.0010186000    0.0005063400    0.0003374800
  -0.0007246200    0.0000298200    0.0002651400
   0.0045240100   -0.0020036400   -0.0013359500
  -0.0018045400    0.0003363500    0.0003943800
   0.0044805800   -0.0026594700    0.0030949800
  -0.0018072000    0.0013034700   -0.0006521500
   0.0028185400    0.0015239900   -0.0019870000
  -0.0026253800    0.0002724600    0.0002256800
   0.0028348400    0.0012808300    0.0007965400
  -0.0026155800   -0.0009709200   -0.0010555400
   0.0066117900    0.0017985700    0.0072258600
  -0.0032605400   -0.0002263800   -0.0002671200
   0.0007528100   -0.0006430200    0.0004071300
  -0.0009666200   -0.0000617000   -0.0001300100
   0.0066095600   -0.0014904500   -0.0038852900
  -0.0032597400    0.0007909500    0.0004514300
   0.0007533200    0.0003298800   -0.0002339600
  -0.0009659700    0.0004071700   -0.0000948000
  -0.0406880100   -0.0113681900   -0.0159827700
  -0.0213057900    0.0046105800    0.0024589100
   0.0002158900    0.0006807500   -0.0001371400
  -0.0004628900   -0.0000125000    0.0002035900
   0.0000362400    0.0002767100    0.0006657000
  -0.0008037400    0.0006251300   -0.0011318200
  -0.0002591200    0.0000722900    0.0000499000
  -0.0008640700   -0.0002374100   -0.0002110500
  -0.0057584800    0.0074831800    0.0033669100
  -0.0046095600   -0.0035613100    0.0008816800
  -0.0034238600   -0.0071226800   -0.0032898900
  -0.0001134400    0.0021258900   -0.0005300000
   0.0000884900    0.0004069800   -0.0007816500
  -0.0005655800   -0.0001529300   -0.0006789000
   0.0000662200    0.0001945800   -0.0001378900
  -0.0008666700    0.0003645900    0.0002761600

49   
 -0.0000000000000000   0.0100000000000000   0.0000000000000000
   0.0014414300    0.0022167100    0.0016144700
  -0.0011252000   -0.0001190100    0.0028827600
   0.0011630700   -0.0052470300   -0.0016151400
   0.0003251200   -0.0013253600   -0.0004815700
   0.0004905200    0.0189156100    0.0025390600
  -0.0022208200    0.0002589100   -0.0025086900
  -0.0038081600   -0.0084352300    0.0064819100
   0.0019831300   -0.0046495600   -0.0003397500
   0.0065499400    0.0350927500    0.0105736000
   0.0021201100    0.0059695000   -0.0025117900
   0.0045308100   -0.0078348300    0.0054887700
  -0.0020526000   -0.0038938800    0.0015409600
  -0.0001364300    0.0038256300    0.0009620800
   0.0017248000    0.0027187400    0.0026825500
   0.0004301400   -0.0035807700   -0.0026439900
   0.0001624000   -0.0021314300   -0.0008767800
   0.0087518400    0.0331049700   -0.0067630500
   0.0009170200    0.0005589400    0.0019638300
   0.0045676600   -0.0089183700   -0.0034185700
  -0.0020090900   -0.0040579700   -0.0004086700
  -0.0011483500    0.0015788100   -0.0014327000
   0.0015373700    0.0003040500   -0.0017368900
   0.0001052000   -0.0024600900    0.0010465400
  -0.0008108300   -0.0016000600    0.0001716300
   0.0067692300    0.0235837700    0.0001835500
  -0.0021820800    0.0052911700    0.0012969300
  -0.0055855200   -0.0081938200   -0.0048703200
   0.0019557200   -0.0035857500    0.0004337100
   0.0010488300    0.0025315700   -0.0011533500
  -0.0045514900    0.0033470200   -0.0019719600
  -0.0007457900   -0.0031103000    0.0012695800
  -0.0002903400   -0.0021400700    0.0002610500
  -0.0020011400   -0.0050001600   -0.0033124800
   0.0082410600   -0.0069089200   -0.0033896600
  -0.0001964400    0.0030043500   -0.0002351100
  -0.0015831300    0.0022165400    0.0007980400
  -0.0020054900   -0.0040431000    0.0047688700
   0.0007331200   -0.0011242700    0.0008793200
   0.0008068700    0.0022536000   -0.0013143400
   0.0001018300    0.0015218500   -0.0002264000
   0.0088007100    0.0035779800    0.0132641600
  -0.0001076700   -0.0005199500    0.0002265400
  -0.0006928600    0.0002680500   -0.0008753500
   0.0005032200    0.0008238700   -0.0006801000
   0.0021773300   -0.0002001300   -0.0019051800
  -0.0114846700    0.0033741700   -0.0054416100
  -0.0030842000    0.0066706900    0.0008348500
   0.0019386000    0.0002635100    0.0012179600
  -0.0240202500   -0.1737438400   -0.0174181000
   0.0008207000   -0.0016965500   -0.0004154800
   0.0005023700    0.0091184400    0.0001344700
   0.0000683600    0.0018117900    0.0001249700
   0.0001084400   -0.0008619000    0.0002582500
   0.0001601100   -0.0013975500   -0.0000382900
   0.0000578000    0.0014568200    0.0005304100
   0.0003120500    0.0010709800    0.0000511400
  -0.0019110100    0.0399790600   -0.0046974900
  -0.0001467900    0.0003484600    0.0001679300
   0.0027145600    0.0408575300    0.0014126000
   0.0003080900    0.0003398500   -0.0000291500
  -0.0001892700    0.0001735200    0.0006984600
   0.0002855100    0.0005051300    0.0001631300
   0.0001021700    0.0001645100   -0.0000346500
   0.0002503700    0.0005027300   -0.0000659000
  -0.0029681900    0.0022746300    0.0030978400
   0.0010019800    0.0004501100    0.0002152200
  -0.0022945600    0.0022634800   -0.0042615400
   0.0000423400    0.0004452200   -0.0006486900
   0.0009839900    0.0011303100   -0.0030794600
  -0.0012785400    0.0006519700   -0.0004339900
   0.0012324600    0.0011165300    0.0030532700
  -0.0000240800    0.0006427300    0.0008280200
  -0.0018003600   -0.0078034300    0.0005917500
   0.0005047700   -0.0015267300   -0.0005729300
   0.0000334300    0.0027369800    0.0000455400
   0.0001089600    0.0014697100    0.0000607100
   0.0014870900   -0.0078120200   -0.0007502900
  -0.0005243400   -0.0015257300   -0.0000111400
  -0.0009402800    0.0027375800    0.0004647100
  -0.0003600600    0.0014691600    0.0000944100
   0.0132219600   -0.0067396900    0.0069117600
  -0.0069662400   -0.0044147300   -0.0009672200
  -0.0002824500    0.0039963100   -0.0008938900
   0.0007009300    0.0024636600    0.0000284000
  -0.0008886600   -0.0006870700   -0.0001721400
  -0.0009042200   -0.0010124300    0.0004477300
  -0.0001564700    0.0011581500   -0.0000741100
   0.0004253100    0.0015261700    0.0003737300
  -0.0079532300    0.0029131300    0.0031104800
   0.0059171700    0.0018349500   -0.0029940300
   0.0034225700    0.0057243900    0.0010481600
  -0.0017863500    0.0008119500   -0.0004420700
  -0.0002812800    0.0000433200   -0.0008463400
  -0.0002977000   -0.0001477300    0.0009548900
  -0.0001539200    0.0003539000    0.0000974200
  -0.0006999600    0.0006335800    0.0006122600

49   
  0.0000000000000000  -0.0100000000000000  -0.0000000000000000
  -0.0006113400   -0.0027719500   -0.0016208300
   0.0019519900   -0.0004814100   -0.0028414400
  -0.0003376700    0.0046469100    0.0016482200
   0.0005089400    0.0007180000    0.0005123500
  -0.0001677000   -0.0188562100   -0.0017216200
   0.0030766400   -0.0008355000    0.0025536300
   0.0046963300    0.0078477000   -0.0065417700
  -0.0011573100    0.0040401400    0.0003548500
  -0.0065998200   -0.0365341400   -0.0118982500
  -0.0012925700   -0.0065686800    0.0025189700
  -0.0036467100    0.0072373000   -0.0054065500
   0.0028811000    0.0033058900   -0.0015280500
   0.0009344400   -0.0044524100   -0.0009297900
  -0.0008841800   -0.0033276200   -0.0026567100
   0.0004133700    0.0029922700    0.0026614200
   0.0006707700    0.0015386300    0.0008946100
  -0.0085270500   -0.0327785500    0.0060428600
  -0.0017392200   -0.0011296500   -0.0019588600
  -0.0054058100    0.0083196200    0.0034929800
   0.0012430500    0.0034556000    0.0004304700
   0.0003858300   -0.0021365000    0.0014694400
  -0.0023037000   -0.0009031300    0.0017594900
  -0.0008858400    0.0018474200   -0.0010296700
   0.0000413300    0.0009930800   -0.0001487500
  -0.0067744600   -0.0248002800    0.0005408600
   0.0013989600   -0.0059275600   -0.0012778300
   0.0047394700    0.0076033900    0.0048491500
  -0.0027286900    0.0030045500   -0.0004237400
  -0.0018012800   -0.0031662000    0.0011590100
   0.0037850000   -0.0039645000    0.0019996100
  -0.0000328600    0.0025145000   -0.0012360600
  -0.0004832600    0.0015470600   -0.0002403400
   0.0027868900    0.0053827400    0.0036126500
  -0.0074348400    0.0072503000    0.0036196200
   0.0009298500   -0.0025765400    0.0004815300
   0.0023450900   -0.0018028100   -0.0005571400
   0.0027277100    0.0044186000   -0.0044811100
   0.0000015900    0.0015461600   -0.0006354100
  -0.0000801000   -0.0018413800    0.0015847400
   0.0006399900   -0.0011004300    0.0004789400
  -0.0081103600   -0.0032175600   -0.0135716000
   0.0008418900    0.0009434300   -0.0004400800
   0.0014274900    0.0001360700    0.0006544800
   0.0002407000   -0.0004019900    0.0004694800
  -0.0014426900    0.0006397100    0.0017032600
   0.0122672200   -0.0029920000    0.0052410000
   0.0038494300   -0.0062783200   -0.0010531800
  -0.0011741000    0.0001360600   -0.0014216200
   0.0211041000    0.1680022500    0.0159349100
  -0.0005387400    0.0020914100    0.0003437000
  -0.0002240100   -0.0087426400   -0.0002254500
   0.0002078100   -0.0014315800   -0.0002041800
   0.0001731500    0.0012479600   -0.0003385700
   0.0001132100    0.0017821800   -0.0000466300
   0.0002173600   -0.0010732200   -0.0006117100
  -0.0000373600   -0.0006877400   -0.0001332000
   0.0022095700   -0.0405087000    0.0049207700
   0.0004249300    0.0000412100   -0.0000417200
  -0.0024129400   -0.0396273200   -0.0012638100
  -0.0000276200    0.0000323500    0.0001548800
   0.0004690300    0.0002195500   -0.0005803600
  -0.0000107300   -0.0001162500   -0.0000457100
   0.0001723100    0.0002104700    0.0001568100
   0.0000264400   -0.0001188800    0.0001842500
   0.0027449700   -0.0018729200   -0.0029789100
  -0.0012205300   -0.0000634300   -0.0000948600
   0.0020719900   -0.0018841600    0.0043673900
  -0.0002539800   -0.0000684500    0.0007754600
  -0.0011963400   -0.0007320200    0.0032059300
   0.0010632500   -0.0002603300    0.0005554200
  -0.0014433900   -0.0007457900   -0.0029167500
  -0.0001955600   -0.0002697900   -0.0007128300
   0.0015581000    0.0081882800   -0.0005136200
  -0.0007088800    0.0019176300    0.0004990500
  -0.0002491400   -0.0023526000   -0.0001338500
  -0.0003243800   -0.0010867800   -0.0001413300
  -0.0017267700    0.0081797800    0.0004976500
   0.0003035400    0.0019186400   -0.0000745200
   0.0007240800   -0.0023521400   -0.0005287000
   0.0001429400   -0.0010873600   -0.0001718500
  -0.0140417300    0.0070170300   -0.0067129700
   0.0063537900    0.0047784800    0.0011935100
  -0.0003827800   -0.0035702200    0.0011466800
  -0.0013963500   -0.0020488400    0.0002200900
   0.0001948800    0.0011050900    0.0004190900
   0.0002306600    0.0014385400   -0.0001850900
  -0.0005261100   -0.0007357700    0.0003214400
  -0.0011099300   -0.0011087100   -0.0001256800
   0.0073071700   -0.0024861200   -0.0033250000
  -0.0066219400   -0.0014128700    0.0028014500
  -0.0041106400   -0.0053330500   -0.0012878700
   0.0010849300   -0.0004092800    0.0002373100
  -0.0004044900    0.0003843200    0.0006432000
  -0.0003783100    0.0005722400   -0.0011685300
  -0.0005328800    0.0000560400   -0.0003075300
   0.0000138400   -0.0002163300   -0.0008209500

49   
  0.0000000000000000   0.0000000000000000   0.0100000000000000
  -0.0025201200    0.0055854200   -0.0093743400
   0.0018455400    0.0009799200   -0.0034183900
   0.0008442200   -0.0043955700   -0.0029361700
   0.0005110300   -0.0011780800   -0.0013260500
   0.0032545500   -0.0035013300    0.0211355700
  -0.0011256800   -0.0022979000    0.0006472900
   0.0003121200    0.0013150800    0.0026220900
  -0.0004787800    0.0024654800    0.0025258500
   0.0063426900    0.0184429000    0.0290239500
   0.0019402500   -0.0014640700    0.0029818700
  -0.0001393900    0.0004303200    0.0040473600
   0.0027246900    0.0006088800    0.0004777300
   0.0049358300    0.0049146400   -0.0083861100
  -0.0010378300   -0.0007350400   -0.0049086300
  -0.0004938200   -0.0023108500   -0.0049949000
   0.0002530800   -0.0006912200   -0.0012035600
  -0.0096856400   -0.0067020700    0.0328114700
  -0.0042402300    0.0012770900    0.0085997400
  -0.0002376000   -0.0024736500    0.0031967800
  -0.0017792700   -0.0027606300    0.0018006000
  -0.0043726600   -0.0044162600   -0.0085347900
   0.0019493300   -0.0004837400   -0.0046694500
  -0.0007106800    0.0004387800   -0.0029992800
  -0.0001076000   -0.0000030300   -0.0023806100
  -0.0071708100   -0.0024114400    0.0210975200
   0.0016698500    0.0033369200    0.0038639000
  -0.0032806300   -0.0017307400    0.0034530400
   0.0030606700   -0.0019371500    0.0031691600
   0.0042392300   -0.0045904800   -0.0092157700
  -0.0048315100    0.0000901100   -0.0046852100
   0.0003394700    0.0004832400   -0.0030437300
  -0.0010945300   -0.0003637600   -0.0018753900
   0.0142016900   -0.0068921600    0.0068502900
  -0.0050746200    0.0034555400    0.0019939600
   0.0006286900    0.0010992900   -0.0005051200
   0.0003228400    0.0002347100    0.0000766100
  -0.0039414400   -0.0019971700    0.0054812200
   0.0016331100    0.0005285600    0.0009292900
   0.0000525800    0.0007735800    0.0007477000
   0.0002712600   -0.0001863400    0.0004758500
   0.0075553400    0.0029165100    0.0123031400
  -0.0006628900    0.0010830100    0.0000895100
   0.0014327700   -0.0016554200    0.0000840900
   0.0002216400   -0.0003299400    0.0004994800
  -0.0017797600   -0.0021780100   -0.0001880300
   0.0119545800   -0.0027107600    0.0057039100
  -0.0051905500    0.0106853700    0.0006290300
   0.0003183800    0.0008954400   -0.0006532800
  -0.0188049100   -0.0187055500   -0.1556982900
  -0.0001655300   -0.0001950200   -0.0024556600
   0.0006456100    0.0003642700   -0.0013995000
  -0.0000715100    0.0003483600   -0.0013949300
  -0.0002071200    0.0004820400    0.0075992400
   0.0007110900    0.0001860000    0.0021415300
   0.0001262500    0.0007547100    0.0015200700
   0.0001978600    0.0002745000    0.0008329600
  -0.0002858500   -0.0010770300   -0.0098254800
   0.0004188000    0.0002532000   -0.0018461000
   0.0024704200    0.0048493000   -0.0098431800
  -0.0001998000    0.0000525800   -0.0018449000
   0.0004215600    0.0002488600    0.0027913100
   0.0003465400    0.0002833900    0.0014891200
  -0.0004353400   -0.0004741800    0.0027946500
  -0.0002360200    0.0000563500    0.0014899100
  -0.0031760900    0.0044597700    0.0011801600
   0.0005621100    0.0008719200   -0.0001115900
   0.0012579700   -0.0028844600    0.0011927000
  -0.0004813000    0.0000054900   -0.0001121300
  -0.0008748600   -0.0028282600    0.0016090300
   0.0009773400   -0.0006108000    0.0008555600
   0.0019190900    0.0033138400    0.0016160800
  -0.0003132800    0.0006509300    0.0008523700
  -0.0038273700   -0.0004278600    0.0322757500
   0.0003709800    0.0002142500    0.0001893500
  -0.0002949900    0.0006780200   -0.0001317300
  -0.0001617500    0.0003158700    0.0001753500
   0.0071882700    0.0007402700    0.0329371400
  -0.0003311500   -0.0003494000    0.0001795200
   0.0003436700    0.0002733400   -0.0001430500
  -0.0001959200    0.0002848000    0.0001718500
   0.0132876700    0.0057517100   -0.0051096900
  -0.0113921300   -0.0003577800   -0.0051349400
  -0.0008834100    0.0000315000   -0.0014357600
  -0.0010106900    0.0010832100   -0.0013477400
  -0.0006898300   -0.0011727100    0.0031739900
   0.0016492400    0.0001297500    0.0038310200
  -0.0000233900    0.0000747000    0.0011548400
   0.0006324300    0.0006397500    0.0014466200
  -0.0015007500    0.0017382400   -0.0042396400
   0.0059385900    0.0019012600   -0.0056532200
  -0.0020095900   -0.0058829600   -0.0047523700
   0.0002411300   -0.0002235100   -0.0021633900
  -0.0016832000    0.0003212500    0.0030285900
  -0.0021964400   -0.0001220100    0.0032564500
   0.0000406800    0.0015679900    0.0011317400
  -0.0011544600    0.0004661000    0.0017072600

49   
  0.0000000000000000   0.0000000000000000  -0.0100000000000000
   0.0033481000   -0.0062798600    0.0093654700
  -0.0010605900   -0.0016188200    0.0034014000
  -0.0000474800    0.0037706000    0.0029373700
   0.0002776900    0.0005485500    0.0013236500
  -0.0031758600    0.0037358100   -0.0199473600
   0.0019678400    0.0016815500   -0.0005912900
   0.0004354200   -0.0019608400   -0.0025607000
   0.0012844300   -0.0031138700   -0.0025097900
  -0.0066371100   -0.0205410200   -0.0301744200
  -0.0011110000    0.0008231000   -0.0030091700
   0.0008939700   -0.0010466500   -0.0040889400
  -0.0019204700   -0.0012404500   -0.0004829700
  -0.0040894800   -0.0054873200    0.0083723300
   0.0018223300    0.0001070300    0.0049366200
   0.0012759000    0.0016550400    0.0049843800
   0.0005339400    0.0000557300    0.0012229500
   0.0096937100    0.0067646800   -0.0333223100
   0.0034219700   -0.0019149300   -0.0086107000
  -0.0005739200    0.0018189700   -0.0032417400
   0.0009675000    0.0021356700   -0.0017953000
   0.0034938600    0.0037170000    0.0085254100
  -0.0027451500   -0.0001587300    0.0046771600
  -0.0001166100   -0.0010653800    0.0030200600
  -0.0007081000   -0.0006260700    0.0023914200
   0.0069561800    0.0011356700   -0.0206487000
  -0.0024706700   -0.0039850000   -0.0038566700
   0.0024844700    0.0011105000   -0.0034002700
  -0.0038554000    0.0012973100   -0.0031442400
  -0.0051096000    0.0040045800    0.0092363400
   0.0040211400   -0.0007176600    0.0046802600
  -0.0011612600   -0.0011212600    0.0030249200
   0.0002776700   -0.0002751400    0.0018719500
  -0.0136251100    0.0073326100   -0.0066600400
   0.0057379100   -0.0030505400   -0.0017452300
   0.0000690100   -0.0007221100    0.0007461700
   0.0003603300    0.0001539400    0.0001689400
   0.0046190000    0.0023816200   -0.0052278000
  -0.0009123600   -0.0001444700   -0.0007188000
   0.0006486600   -0.0003790700   -0.0005200900
   0.0004260600    0.0005734900   -0.0002482400
  -0.0068431900   -0.0025101300   -0.0125531000
   0.0013741300   -0.0006995400   -0.0002951800
  -0.0007349300    0.0020566600   -0.0002942100
   0.0004750100    0.0007186800   -0.0007147200
   0.0024586300    0.0025355200   -0.0000431700
  -0.0112647800    0.0031165700   -0.0058999000
   0.0058200300   -0.0101689700   -0.0008445400
   0.0003665900   -0.0005109700    0.0004143000
   0.0209609900    0.0162063600    0.1552912600
   0.0003786900    0.0005479000    0.0023647900
  -0.0004139500   -0.0000180700    0.0013065400
   0.0002945600    0.0000030400    0.0012994500
   0.0004231000   -0.0001312300   -0.0076839500
  -0.0004828000    0.0001614000   -0.0022358100
   0.0001054400   -0.0004037100   -0.0016137500
   0.0000297900    0.0000739500   -0.0009293100
   0.0005347600    0.0016270800    0.0099002200
  -0.0002052700    0.0000994700    0.0019500900
  -0.0022582700   -0.0047383500    0.0098821800
   0.0004212700    0.0002925400    0.0019513400
  -0.0001916200    0.0000877500   -0.0026860800
  -0.0001178400    0.0000635200   -0.0013826900
   0.0006673200    0.0008350800   -0.0026826200
   0.0004633700    0.0002956400   -0.0013818200
   0.0029323300   -0.0041390600   -0.0010646900
  -0.0008304600   -0.0005220300    0.0002256500
  -0.0014991500    0.0032222400   -0.0010517700
   0.0002168700    0.0003459900    0.0002250600
   0.0006293700    0.0031722000   -0.0015262000
  -0.0012498100    0.0009603500   -0.0007533700
  -0.0021635100   -0.0029412100   -0.0015191000
   0.0000370400   -0.0003081500   -0.0007566500
   0.0036935300    0.0008038100   -0.0330049800
  -0.0006460300    0.0001347300   -0.0002746800
   0.0000342600   -0.0003318600    0.0000484600
  -0.0001046900    0.0000334300   -0.0002655100
  -0.0072999500   -0.0003818000   -0.0323449100
   0.0000611900    0.0007063500   -0.0002843200
  -0.0006020600    0.0000780300    0.0000373000
  -0.0000706300    0.0000665200   -0.0002687700
  -0.0141505600   -0.0054238200    0.0051954700
   0.0106645600    0.0007172100    0.0053016300
   0.0001474000    0.0003571800    0.0016694100
   0.0002858300   -0.0006953300    0.0015807300
  -0.0000139800    0.0015649700   -0.0029338000
  -0.0023891600    0.0002515500   -0.0035964000
  -0.0007031300    0.0003094400   -0.0009167900
  -0.0013622000   -0.0002534800   -0.0012104400
   0.0007396800   -0.0013217600    0.0040380200
  -0.0067107800   -0.0015204500    0.0054756200
   0.0012766900    0.0062928200    0.0045535200
  -0.0009610100    0.0006081200    0.0019365400
   0.0009686700    0.0000572900   -0.0032695400
   0.0014476300    0.0004994700   -0.0034689600
  -0.0007556100   -0.0011598500   -0.0013531800
   0.0004197200   -0.0000773400   -0.0019247600
