96   
18   

1    
  0.0000000000000000   0.0000000000000000  -0.0100000000000000
   0.0022952300   -0.0063776300    0.2621554400
  -0.0008473100   -0.0005287500   -0.0215392200
   0.0005923300    0.0011065700    0.0123559700
   0.0005447100    0.0002957300   -0.0093713600
  -0.0014249900   -0.0004074600    0.0095605600
   0.0007968200    0.0002266300   -0.0072460700
   0.0007815200   -0.0009026900    0.0038843300
   0.0002242100    0.0002205500   -0.0036946600
  -0.0053138900    0.0383279800   -0.0155802500
  -0.0049299900   -0.0195606400   -0.0192448300
   0.0007415500    0.0039353900    0.0012763500
   0.0001134700   -0.0034056500   -0.0027375900
   0.0013740800   -0.0267613100   -0.0156642200
  -0.0047975900    0.0183077400   -0.0192340900
   0.0004071200   -0.0024800400    0.0012679200
   0.0018092000    0.0026328400   -0.0027401300
  -0.0284391600    0.0007724200   -0.0246818900
   0.0334853200   -0.0025333800   -0.0248129600
   0.0376081900   -0.0093752300   -0.0201129800
  -0.0221060600    0.0041522900   -0.0200834200
  -0.0030338200    0.0010871500   -0.0011053900
   0.0023852600   -0.0000528800   -0.0010838300
   0.0028429700    0.0012901000    0.0003973600
  -0.0023287300   -0.0011687500    0.0004339900
  -0.0015986500    0.0009612400   -0.0091557600
   0.0054395000   -0.0046575000    0.0289516200
   0.0003233600    0.0017361800   -0.0097720400
  -0.0044037500   -0.0114010500    0.0173806400
  -0.0001052600   -0.0000792000   -0.0091510600
   0.0070856400    0.0046268800    0.0289145300
  -0.0001478500   -0.0012437000   -0.0097712900
   0.0039237500    0.0025514700    0.0174775800
   0.0151905100    0.0149329600   -0.0479654900
   0.0008244400    0.0005347100    0.0107818900
   0.0048771200   -0.0002044400   -0.0032430800
  -0.0065066100    0.0022861300    0.0043017500
  -0.0007149600    0.0031594600   -0.0017244400
   0.0008240900   -0.0033226400    0.0013915800
   0.0007820700    0.0008511500   -0.0017091500
  -0.0012204300   -0.0004161000    0.0009570900
  -0.0043167000   -0.0043801200   -0.0083607200
   0.0033339600    0.0016970500    0.0070119600
  -0.0031087800    0.0000016300   -0.0026824800
   0.0013337000    0.0004224100    0.0027702100
  -0.0064502500    0.0037452400   -0.0223186800
   0.0027039300    0.0011041600    0.0065862400
  -0.0004084800    0.0020239900   -0.0033308300
   0.0004771800    0.0000972500    0.0033977000
   0.0038457500   -0.0019298900    0.0097327200
   0.0063894800   -0.0092511500   -0.0299783400
  -0.0020919100   -0.0031666800    0.0032128900
   0.0052492900    0.0026608400   -0.0009559000
   0.0012460000    0.0015573900    0.0026986300
  -0.0003746400   -0.0063883200   -0.0031225000
  -0.0001135000    0.0004079900    0.0011125300
  -0.0001261800    0.0001251300   -0.0026716000
   0.0022593900   -0.0031919700    0.0053483100
  -0.0009525400    0.0054837600   -0.0034464500
  -0.0007377500   -0.0011009700    0.0014366300
   0.0013444700    0.0013857300   -0.0003211100
   0.0016758900    0.0010117200    0.0089751700
   0.0117354400    0.0147243100   -0.0327339900
  -0.0034070700    0.0029824300    0.0052547000
   0.0029778900   -0.0027264400   -0.0026956100
   0.0024188600   -0.0046742900   -0.0033564700
  -0.0016901600    0.0010983300    0.0032859700
  -0.0003621400    0.0003077300   -0.0028375300
  -0.0001552500    0.0000613400    0.0021040400
  -0.0055891000   -0.0020909700   -0.0230068600
  -0.0012376700   -0.0014840000    0.0099275800
  -0.0033098000    0.0012225600   -0.0038664200
   0.0017240300   -0.0023401700    0.0050821100
  -0.0099908900    0.0051117800   -0.0320155800
  -0.0007046900    0.0015713900    0.0086788100
  -0.0052388500   -0.0025843100   -0.0094133600
   0.0005399200    0.0018685200    0.0046557400
   0.0018023400    0.0031067800   -0.0031305400
  -0.0014413300   -0.0013360000    0.0026569200
  -0.0005428100    0.0002145200   -0.0020111600
  -0.0004264200   -0.0003857700    0.0021234800
   0.0034954800   -0.0009483200    0.0051241100
  -0.0078618000    0.0017611200   -0.0084811500
   0.0018148100   -0.0014581500    0.0110358300
  -0.0294815400   -0.0126287100   -0.0219485000
   0.0010550600   -0.0001017300    0.0012961900
  -0.0009638300   -0.0001729000   -0.0015296900
   0.0008207200    0.0001967400    0.0017409600
  -0.0011890000    0.0010702600   -0.0036439400
   0.0005275700   -0.0002891200    0.0015402200
   0.0000343000    0.0015020800   -0.0019130100
  -0.0051617200   -0.0045898000    0.0049588100
   0.0028281700    0.0048459100   -0.0004961100
   0.0022995300    0.0033134800    0.0028244000
  -0.0075064700   -0.0049891600    0.0008509100
  -0.0031772000    0.0054002300    0.0059467200
   0.0068319300   -0.0089913800   -0.0011653800

1    
  0.0000000000000000   0.0000000000000000   0.0100000000000000
  -0.0024539100    0.0078598100   -0.2631181800
   0.0013418400    0.0006284000    0.0217516200
  -0.0001109000   -0.0010307600   -0.0121850300
  -0.0000936200   -0.0002260200    0.0095802600
   0.0018491000    0.0004139200   -0.0093522400
  -0.0003494100   -0.0001907000    0.0074408500
  -0.0003116600    0.0009527100   -0.0037018500
   0.0002329500   -0.0001685800    0.0038915900
   0.0058823700   -0.0386047700    0.0154125500
   0.0053726900    0.0194771000    0.0190349900
  -0.0002958000   -0.0038890900   -0.0014877100
   0.0003500400    0.0034559100    0.0025798700
  -0.0010406500    0.0270731500    0.0153278400
   0.0052987700   -0.0181759600    0.0190452300
   0.0000636600    0.0025512700   -0.0014959700
  -0.0013505100   -0.0025731400    0.0025775900
   0.0283396300   -0.0007629800    0.0250128800
  -0.0336602100    0.0026220300    0.0248822400
  -0.0383985400    0.0095499400    0.0203841700
   0.0215337000   -0.0041287300    0.0204111100
   0.0025832900   -0.0010403200    0.0012726500
  -0.0028293500    0.0001013100    0.0012939300
  -0.0032817300   -0.0012549800   -0.0002458700
   0.0018726100    0.0012269500   -0.0002092300
   0.0011818500   -0.0009289400    0.0089643000
  -0.0059137000    0.0047920500   -0.0290758600
  -0.0008093200   -0.0017217100    0.0095905100
   0.0040207200    0.0115804500   -0.0176086200
  -0.0003338500    0.0001642500    0.0089686300
  -0.0076115800   -0.0046132700   -0.0291114700
  -0.0003214900    0.0013214200    0.0095913200
  -0.0041712200   -0.0025835000   -0.0175126700
  -0.0172550000   -0.0161045300    0.0499533000
  -0.0009386800   -0.0002219200   -0.0116207000
  -0.0050715000    0.0004864600    0.0024045000
   0.0063035300   -0.0020076400   -0.0051656300
   0.0005195000   -0.0028395400    0.0009028600
  -0.0010086600    0.0035963600   -0.0022591100
  -0.0009800000   -0.0005807500    0.0008610500
   0.0010267500    0.0006894400   -0.0018204000
   0.0041427000    0.0046758800    0.0092675600
  -0.0035194500   -0.0014070100   -0.0061547900
   0.0029053100    0.0002714500    0.0035365200
  -0.0015382800   -0.0001471500   -0.0019225200
   0.0060714600   -0.0029687300    0.0234308400
  -0.0028881100   -0.0008599100   -0.0057368500
   0.0002207800   -0.0017557100    0.0041939300
  -0.0006765600    0.0001677100   -0.0025539800
  -0.0035074000    0.0016271200   -0.0102377700
  -0.0050891100    0.0076627300    0.0281657900
   0.0024999500    0.0028576200   -0.0037067900
  -0.0048916700   -0.0029992800    0.0004448200
  -0.0008455100   -0.0018751600   -0.0031676500
   0.0007638400    0.0060633400    0.0026242800
   0.0005037500   -0.0007416400   -0.0015966100
   0.0005015600   -0.0004402900    0.0021595800
  -0.0018843600    0.0028905700   -0.0048738200
   0.0013300100   -0.0057870600    0.0039301700
   0.0011311400    0.0007828700   -0.0009381700
  -0.0009690700   -0.0017208300    0.0007960000
  -0.0013058200   -0.0013836500   -0.0085001500
  -0.0103298400   -0.0135182600    0.0317248700
   0.0038133900   -0.0033405800   -0.0047677500
  -0.0026042200    0.0023849900    0.0031553900
  -0.0028231300    0.0043386500    0.0038597400
   0.0012937500   -0.0014152500   -0.0028008600
  -0.0000369700   -0.0006363600    0.0033487600
  -0.0002321700   -0.0003814000   -0.0016262900
   0.0056511300    0.0021023600    0.0236953900
   0.0008375700    0.0011320400   -0.0094503200
   0.0028958400   -0.0015762500    0.0044042800
  -0.0021170300    0.0020273400   -0.0046161800
   0.0103674900   -0.0060672800    0.0320735500
   0.0002905000   -0.0018825000   -0.0091680600
   0.0048661200    0.0022623400    0.0089799600
  -0.0009151800   -0.0021997900   -0.0051656600
  -0.0021761800   -0.0034261700    0.0026541400
   0.0010517900    0.0010017200   -0.0031552700
   0.0001368800   -0.0005324300    0.0015364000
   0.0000389900    0.0000544800   -0.0026223300
  -0.0033184100    0.0012120500   -0.0059792000
   0.0080188500   -0.0015013500    0.0075961500
  -0.0015845800    0.0017464200   -0.0119341000
   0.0287579500    0.0125095800    0.0209625200
  -0.0008663600    0.0003662100   -0.0021495600
   0.0011544600    0.0004507100    0.0006673200
  -0.0006266500    0.0000703000   -0.0025895100
   0.0013742100   -0.0007715000    0.0027624000
  -0.0003416600    0.0005603700   -0.0006685800
   0.0001632800   -0.0012401600    0.0027683300
   0.0053612000    0.0048835800   -0.0040931900
  -0.0026174200   -0.0045902100    0.0013238800
  -0.0021324300   -0.0030566800   -0.0019673000
   0.0077175300    0.0052410800   -0.0000098300
   0.0033594500   -0.0051880400   -0.0050615300
  -0.0065649700    0.0091720300    0.0019867700

1    
  0.0100000000000000   0.0000000000000000   0.0000000000000000
  -0.2547218600   -0.0345622100   -0.0017104400
  -0.0101382200   -0.0025965000    0.0011818800
   0.0272812500    0.0008245200   -0.0002199300
   0.0084548700    0.0012160100   -0.0002270200
  -0.0104297500   -0.0001933700    0.0017330200
  -0.0024508900   -0.0000204100   -0.0004780100
   0.0078542200    0.0001668600   -0.0004502100
   0.0032307300    0.0002863300    0.0000987300
  -0.0292906900    0.0040113200    0.0010753900
  -0.0181967200   -0.0018803900   -0.0051034800
   0.0099923900    0.0005369300    0.0000874700
   0.0098365700    0.0006622700    0.0014598200
  -0.0292958100    0.0022693000   -0.0057449900
  -0.0181868100    0.0056116400   -0.0052094800
   0.0099891700    0.0005430900    0.0004335700
   0.0098316200   -0.0001951600   -0.0002205500
   0.0187719600   -0.0028743900    0.0337416800
   0.0187279500   -0.0012609400   -0.0284064800
   0.0212313500   -0.0047526300   -0.0216313400
   0.0211857900   -0.0097980300    0.0379523500
   0.0005725500    0.0000908500    0.0026998800
   0.0005708500   -0.0005179500   -0.0027097100
   0.0001397200    0.0005662000   -0.0020015500
   0.0001358000    0.0011839500    0.0031529300
   0.0002976800   -0.0026841400   -0.0002115700
   0.0169644400   -0.0281241200   -0.0074412700
  -0.0004981100    0.0031373300   -0.0001861100
   0.0196264200    0.0340675400   -0.0041422500
   0.0003008100    0.0028157300    0.0012929400
   0.0169757100    0.0275583600   -0.0057857600
  -0.0005004200   -0.0021891100   -0.0006662200
   0.0196581300   -0.0176662200    0.0041306500
   0.0251532400    0.0051840500   -0.0215423500
   0.0104119500   -0.0022131600   -0.0095386500
  -0.0095029900    0.0023085100    0.0003143700
  -0.0072009500    0.0025513100    0.0030413200
   0.0021220600    0.0007351200    0.0010013800
   0.0029918100   -0.0016315300   -0.0014111400
  -0.0020895300    0.0001427400   -0.0002393900
  -0.0022860100    0.0007108600    0.0003862700
   0.0070522300   -0.0071459100    0.0034816300
   0.0029202900   -0.0004676000    0.0025907700
  -0.0065582900    0.0028541000   -0.0023144300
  -0.0020206600    0.0006119700   -0.0001364000
   0.0192634500   -0.0002565400    0.0044899000
   0.0033074500    0.0005776400    0.0009869900
  -0.0091389900    0.0004951000   -0.0016566400
  -0.0029838400    0.0004448800   -0.0001367800
   0.0064672700    0.0005235200   -0.0028329600
   0.0175675600   -0.0041084000   -0.0033259500
  -0.0029536200   -0.0016509900    0.0011433700
  -0.0118538300   -0.0030379400   -0.0015492800
   0.0015228800    0.0005613900    0.0001428500
   0.0026783900   -0.0040975900   -0.0005258000
  -0.0009210600   -0.0002269500   -0.0001914200
  -0.0028382100    0.0014996700   -0.0009459500
   0.0016040000   -0.0003497800    0.0011867900
   0.0031439300    0.0036600100    0.0009424300
  -0.0006810500   -0.0003967700    0.0003785900
  -0.0039517200   -0.0025605200   -0.0018735000
   0.0041288200   -0.0006099600   -0.0043583600
   0.0176384600    0.0074949500   -0.0081050400
  -0.0031095400    0.0014296000    0.0016513200
  -0.0074570400    0.0020835000   -0.0012766000
   0.0036994300    0.0045741600   -0.0023862700
   0.0003785400    0.0001861800    0.0009746500
  -0.0038268700   -0.0028433800    0.0036757300
  -0.0011132800   -0.0004050600   -0.0003822100
   0.0190309700   -0.0042173400   -0.0022757300
   0.0011773200   -0.0015789500    0.0050100800
  -0.0082088600    0.0019151100    0.0023081700
  -0.0042807100    0.0045092800   -0.0044375900
   0.0312528700   -0.0094433400    0.0108721700
   0.0021815900    0.0007383800    0.0038041400
  -0.0115676800   -0.0020363400    0.0038825200
  -0.0037828600   -0.0025903600   -0.0027521200
   0.0038608100   -0.0050145700   -0.0007050500
   0.0008187800   -0.0006708000    0.0000461200
  -0.0028061100    0.0013947900    0.0010370400
  -0.0016567200    0.0002379400   -0.0004871700
  -0.0038401600    0.0016465600   -0.0048394000
  -0.0149530100    0.0020627800    0.0007127700
   0.0016356100   -0.0006960300    0.0043022100
   0.0783440900    0.0289653900    0.0271911600
  -0.0009518700   -0.0006761700   -0.0010979800
  -0.0031962400   -0.0037897700   -0.0001592000
   0.0010519500    0.0006808900    0.0004139600
   0.0017196800    0.0034162400   -0.0008907700
  -0.0020546100    0.0005994500    0.0003395600
  -0.0044252700    0.0022109100    0.0050804600
   0.0030073300   -0.0010194800    0.0007254400
   0.0035488900   -0.0064869100   -0.0052552400
  -0.0049634800   -0.0040739100   -0.0021851100
  -0.0076864000   -0.0026584200    0.0041362300
   0.0015283000    0.0049052400    0.0042105300
   0.0057308200    0.0088095500   -0.0071404000

1    
 -0.0100000000000000   0.0000000000000000  -0.0000000000000000
   0.2576594800    0.0373049000    0.0031310400
   0.0106287900    0.0026664700   -0.0010078600
  -0.0268195800   -0.0007079500    0.0004822300
  -0.0080213700   -0.0011497800    0.0004110400
   0.0109099400    0.0002338500   -0.0015409300
   0.0029125200    0.0000792700    0.0006682200
  -0.0074225600   -0.0001241800    0.0006428300
  -0.0027857200   -0.0002326800    0.0000899000
   0.0298034500   -0.0038687600   -0.0013398700
   0.0187386900    0.0019883400    0.0049926500
  -0.0095686700   -0.0005048900   -0.0002556400
  -0.0094048600   -0.0006398500   -0.0016996400
   0.0297973000   -0.0023148500    0.0054514200
   0.0187489700   -0.0056134300    0.0050913000
  -0.0095718900   -0.0004652500   -0.0006034400
  -0.0094096600    0.0002702200    0.0000163600
  -0.0192349400    0.0029467600   -0.0334017700
  -0.0192770600    0.0013699700    0.0283708200
  -0.0217130900    0.0048275500    0.0220082900
  -0.0217587100    0.0099147700   -0.0380538500
  -0.0010449600   -0.0000338400   -0.0025145000
  -0.0010467300    0.0005652400    0.0029072800
  -0.0005709100   -0.0005138200    0.0021997100
  -0.0005748400   -0.0011331100   -0.0029718300
  -0.0007723600    0.0027469900    0.0000167500
  -0.0174993900    0.0279826000    0.0072568000
   0.0000662800   -0.0030957000   -0.0000124500
  -0.0201700000   -0.0342896300    0.0039527700
  -0.0007692200   -0.0027598300   -0.0014877900
  -0.0174882400   -0.0273848700    0.0055678500
   0.0000638800    0.0022569100    0.0004664600
  -0.0201378700    0.0178900000   -0.0042940500
  -0.0254635200   -0.0052431500    0.0212814600
  -0.0106621500    0.0025016800    0.0087539800
   0.0093384600   -0.0020258400   -0.0012102800
   0.0070413600   -0.0022968400   -0.0038786400
  -0.0023239200   -0.0004477300   -0.0018509600
  -0.0032016200    0.0019129100    0.0005604900
   0.0019112500    0.0001246100   -0.0006212800
   0.0021043600   -0.0004445100   -0.0012444100
  -0.0072967200    0.0074438600   -0.0026570200
  -0.0031315200    0.0007389900   -0.0017541900
   0.0063870000   -0.0025689800    0.0031680500
   0.0018436500   -0.0003386100    0.0010054000
  -0.0196879000    0.0009462700   -0.0035468900
  -0.0035149800   -0.0003132500   -0.0001336700
   0.0089925400   -0.0002640800    0.0025121600
   0.0028071800   -0.0001805200    0.0009985000
  -0.0060828200   -0.0008486800    0.0023570500
  -0.0170105000    0.0033782400    0.0023779800
   0.0033441300    0.0013250000   -0.0016444200
   0.0122607600    0.0027556300    0.0011111800
  -0.0011281000   -0.0008860700   -0.0006276200
  -0.0022845300    0.0037972800    0.0000322900
   0.0013093700   -0.0001043500   -0.0003015700
   0.0032322700   -0.0018349600    0.0004538700
  -0.0012120500    0.0000208800   -0.0006939100
  -0.0027483800   -0.0039995000   -0.0004439300
   0.0010693500    0.0000719100    0.0001105900
   0.0043508200    0.0022517900    0.0023749900
  -0.0037375200    0.0002734400    0.0048601400
  -0.0169677500   -0.0073818600    0.0081044100
   0.0035035400   -0.0017707600   -0.0011693700
   0.0078640700   -0.0024502400    0.0017803600
  -0.0040923700   -0.0049184500    0.0028613900
  -0.0007607400   -0.0005189700   -0.0004856600
   0.0034406600    0.0025306400   -0.0031977400
   0.0007203400    0.0000813100    0.0008789600
  -0.0184419000    0.0046713600    0.0034023900
  -0.0015577100    0.0012400800   -0.0045377100
   0.0078409300   -0.0022869700   -0.0018508300
   0.0038976600   -0.0048604000    0.0049448900
  -0.0304850700    0.0078927300   -0.0103154500
  -0.0025693200   -0.0010600600   -0.0043203100
   0.0111767200    0.0017217200   -0.0044225600
   0.0034016100    0.0022760900    0.0022812700
  -0.0042530800    0.0047019300    0.0002159800
  -0.0012047300    0.0003447500   -0.0005387200
   0.0024163900   -0.0017331000   -0.0015344600
   0.0012694200   -0.0005676400   -0.0000015300
   0.0040464500   -0.0013746000    0.0039865800
   0.0150112000   -0.0017042400   -0.0014956600
  -0.0014571300    0.0009654800   -0.0051599200
  -0.0825835500   -0.0309995100   -0.0306507300
   0.0011514100    0.0009485900    0.0002446100
   0.0034092100    0.0040789800   -0.0006990000
  -0.0008686300   -0.0004139900   -0.0012718700
  -0.0015471800   -0.0031540800    0.0000252500
   0.0022664300   -0.0003305800    0.0005154100
   0.0046416400   -0.0019221200   -0.0042205000
  -0.0028316300    0.0012859900    0.0001367600
  -0.0033850300    0.0067718500    0.0061371400
   0.0051904900    0.0043530200    0.0030518300
   0.0079343100    0.0029204900   -0.0032901800
  -0.0013688200   -0.0046517700   -0.0033449800
  -0.0055808000   -0.0086425200    0.0080505100

1    
 -0.0000000000000000  -0.0100000000000000  -0.0000000000000000
   0.0353446500    0.2461837300   -0.0071133800
   0.0028363400    0.0102229800   -0.0004856600
  -0.0005188900    0.0106930200    0.0011572500
  -0.0009433800    0.0034474500    0.0003534300
   0.0004728700   -0.0209200500   -0.0003314600
   0.0002733300   -0.0067170400    0.0003051400
   0.0000817700   -0.0081722700   -0.0008287200
  -0.0000294200   -0.0036465100    0.0002887100
  -0.0020674000   -0.0246834000    0.0269579400
  -0.0053657000   -0.0129397500   -0.0183274200
  -0.0002692000   -0.0009236700    0.0024145700
   0.0004662300   -0.0001439500   -0.0026848300
  -0.0036964000   -0.0245998700   -0.0383095800
   0.0021596500   -0.0129504000    0.0193194900
  -0.0002904800   -0.0009470200   -0.0039899300
  -0.0004188400   -0.0001661500    0.0033194500
  -0.0015750900    0.0283417500   -0.0025073600
  -0.0031523900    0.0283536800    0.0008967800
  -0.0099570000    0.0173213900    0.0041644300
  -0.0049492900    0.0173344800   -0.0092521800
  -0.0007544900   -0.0086055500    0.0000316200
  -0.0001501700   -0.0086110600    0.0011450300
   0.0009103100   -0.0083719900   -0.0010791600
   0.0003025900   -0.0083651600    0.0013494000
   0.0025522000   -0.0010800600    0.0000238700
   0.0273140600   -0.0227819000   -0.0047169000
  -0.0024423300   -0.0007357300    0.0011817700
  -0.0180481100   -0.0133073300   -0.0027219500
  -0.0029291600   -0.0010958100   -0.0010356300
  -0.0280809000   -0.0226737200    0.0045914900
   0.0028716700   -0.0007603900   -0.0018152400
   0.0337432300   -0.0133772200    0.0113251400
   0.0001000900   -0.0237586000    0.0077347500
   0.0004084400   -0.0041399300    0.0044285400
  -0.0015809600   -0.0035236100   -0.0011401800
   0.0021261700   -0.0011609300   -0.0003273200
  -0.0024965400    0.0094823600   -0.0001948000
  -0.0014564800    0.0045972100   -0.0017068100
  -0.0003983000    0.0022084200   -0.0002123700
  -0.0005772000    0.0016308200   -0.0010781100
   0.0031861100    0.0136368100   -0.0003643200
   0.0011436700    0.0024708400    0.0031403600
  -0.0047911900    0.0033696800   -0.0012222000
  -0.0007942600    0.0012035500    0.0008808200
   0.0010759500   -0.0226279400   -0.0037061800
  -0.0009035500   -0.0025199800   -0.0017673200
   0.0060089800   -0.0021762800    0.0016313200
   0.0012116200   -0.0010684800    0.0001056000
  -0.0018425000   -0.0027362800   -0.0064045100
   0.0031154800   -0.0266644100   -0.0055473100
   0.0009709100   -0.0004139800   -0.0016102100
   0.0044050500   -0.0005245600    0.0016901600
   0.0027148400    0.0051775600    0.0039078600
   0.0017450500    0.0083711700   -0.0018076800
   0.0000935900    0.0010529700    0.0006588400
  -0.0028477100    0.0046102400   -0.0028159200
  -0.0008884200    0.0035263100   -0.0017987400
  -0.0002164200    0.0076805400    0.0008615600
   0.0005242300    0.0019427000   -0.0001955800
   0.0012382800    0.0036653500    0.0010057700
   0.0009371300   -0.0049692600    0.0058647000
  -0.0147943500   -0.0402074900    0.0245300800
   0.0009079600   -0.0036932600   -0.0000776400
  -0.0008567000   -0.0069270200   -0.0006842400
  -0.0016608600    0.0077895000   -0.0012605000
  -0.0013454600    0.0029250800    0.0009685400
   0.0014723200    0.0035549100   -0.0014587500
   0.0000255300    0.0019609400    0.0001811700
  -0.0062539600   -0.0278013100   -0.0049132000
   0.0019875600   -0.0032804700   -0.0042993700
  -0.0048201200   -0.0065924200    0.0039344200
   0.0001210000   -0.0043745600    0.0007967200
   0.0120038100   -0.0347032100    0.0072799400
  -0.0017598400   -0.0021842200    0.0041306400
   0.0044278800   -0.0007719500   -0.0019221800
   0.0009628300   -0.0007165500   -0.0000173000
   0.0018540400    0.0087394300    0.0020761500
   0.0008779800    0.0022766700   -0.0009837000
  -0.0022260100    0.0038778600    0.0022159300
  -0.0005296000    0.0014100800   -0.0005397500
   0.0003053900   -0.0013430500    0.0013541600
  -0.0055701700   -0.0071727500    0.0001712000
   0.0002256400   -0.0011124700   -0.0030709600
  -0.0245703100   -0.0270126600   -0.0095230600
   0.0011070300    0.0017760000   -0.0007064900
   0.0024906300    0.0058704100   -0.0017374500
   0.0001134100    0.0018126200   -0.0003955400
   0.0003805800    0.0080941700   -0.0021002400
   0.0001744000    0.0021221700   -0.0001539600
  -0.0028955400    0.0034976100    0.0038601800
   0.0046654700    0.0038269900   -0.0025042400
   0.0024561400    0.0052833400    0.0025064300
   0.0014542400   -0.0013593000    0.0025493200
   0.0061058800   -0.0016160700   -0.0043685000
  -0.0064878400   -0.0050640500    0.0080740400
  -0.0062512900   -0.0025497300   -0.0075486600

1    
  0.0000000000000000   0.0100000000000000   0.0000000000000000
  -0.0364657700   -0.2466521300    0.0070941200
  -0.0024270900   -0.0102516600    0.0006724200
   0.0010117300   -0.0107305400   -0.0009800400
   0.0014218300   -0.0034159400   -0.0001678300
   0.0000447200    0.0210398100    0.0004903200
   0.0001729600    0.0068357800   -0.0001120700
   0.0003719400    0.0082954100    0.0010267200
   0.0004888500    0.0037385600   -0.0001001800
   0.0025172100    0.0248134000   -0.0268791700
   0.0058602100    0.0130777400    0.0181570400
   0.0007385600    0.0010204700   -0.0026169600
   0.0000004200    0.0002275400    0.0025209900
   0.0041841700    0.0248977500    0.0386255700
  -0.0017105200    0.0130670000   -0.0197178200
   0.0007509300    0.0009973500    0.0038342600
   0.0008828600    0.0002055900   -0.0035426400
   0.0010565800   -0.0284696500    0.0026489500
   0.0026699300   -0.0284571700   -0.0006388500
   0.0097568100   -0.0174697800   -0.0041176000
   0.0046320800   -0.0174567800    0.0096734400
   0.0003293800    0.0087439800    0.0001858300
  -0.0002743300    0.0087382600   -0.0009819100
  -0.0014060700    0.0084881500    0.0013167400
  -0.0007767500    0.0084950100   -0.0011956400
  -0.0030231400    0.0011591300   -0.0002198300
  -0.0276318500    0.0228255000    0.0045237000
   0.0020042100    0.0008344000   -0.0013833100
   0.0175100500    0.0136209400    0.0024136900
   0.0025024800    0.0011435800    0.0008547000
   0.0280283400    0.0229330600   -0.0048586600
  -0.0033608000    0.0008101400    0.0016428700
  -0.0346166900    0.0135524800   -0.0116593300
  -0.0006648200    0.0236322900   -0.0079418400
  -0.0005661800    0.0044181500   -0.0053337000
   0.0013949800    0.0038231100    0.0002859900
  -0.0023405100    0.0014448400   -0.0005283800
   0.0023379300   -0.0092422900   -0.0006826600
   0.0012751500   -0.0043571000    0.0008678400
   0.0002020900   -0.0019504500   -0.0006468900
   0.0003811200   -0.0013677600    0.0002320700
  -0.0032744900   -0.0132538300    0.0011726200
  -0.0013367600   -0.0022307600   -0.0023062200
   0.0046203000   -0.0031298000    0.0020824000
   0.0006065900   -0.0009458200   -0.0000305900
  -0.0023865200    0.0251698400    0.0052369600
   0.0007202600    0.0028190400    0.0026470300
  -0.0062569900    0.0024764800   -0.0007841000
  -0.0014180300    0.0013519100    0.0007544000
   0.0022518500    0.0024106000    0.0059430300
  -0.0019567900    0.0251614700    0.0038115800
  -0.0006009200    0.0000716200    0.0011361200
  -0.0041058200    0.0001671200   -0.0022009800
  -0.0023543100   -0.0055584400   -0.0044512200
  -0.0013895700   -0.0087761700    0.0013566300
   0.0002982300   -0.0013857400   -0.0011594500
   0.0032754500   -0.0049748100    0.0023616900
   0.0012890400   -0.0038917000    0.0023081000
   0.0005818500   -0.0080711100   -0.0003412500
  -0.0001343900   -0.0022953700    0.0006879000
  -0.0008562600   -0.0040314200   -0.0005184200
  -0.0005532600    0.0046941900   -0.0054220600
   0.0159855900    0.0406500200   -0.0252583600
  -0.0005333100    0.0034063300    0.0005797800
   0.0012397200    0.0066647700    0.0011793100
   0.0012463000   -0.0081920100    0.0017332200
   0.0009627800   -0.0032819000   -0.0004733700
  -0.0018528700   -0.0039268500    0.0019675500
  -0.0004129900   -0.0023139700    0.0003169500
   0.0064139900    0.0279220400    0.0058246600
  -0.0023899400    0.0029764200    0.0048074200
   0.0044833900    0.0063463600   -0.0034864300
  -0.0005225800    0.0040975500   -0.0003229600
  -0.0111041500    0.0330905200   -0.0067567300
   0.0013746700    0.0018737000   -0.0046545500
  -0.0048939200    0.0004220800    0.0014401500
  -0.0013695300    0.0003788000   -0.0004824900
  -0.0022780100   -0.0091505400   -0.0025990000
  -0.0012761000   -0.0026189300    0.0005034200
   0.0018571700   -0.0042296000   -0.0027290300
   0.0001442100   -0.0017446600    0.0000528300
  -0.0001219700    0.0016243800   -0.0022277300
   0.0057701600    0.0074566900   -0.0010299600
  -0.0000307800    0.0013922800    0.0022784300
   0.0239645400    0.0269472800    0.0082706200
  -0.0009303600   -0.0015170500   -0.0001533200
  -0.0023246700   -0.0056396500    0.0008897700
   0.0000811300   -0.0015530300   -0.0004655700
  -0.0001660600   -0.0078783000    0.0012798800
   0.0000110200   -0.0018833800    0.0010166800
   0.0030998400   -0.0032694800   -0.0030210400
  -0.0044905400   -0.0036154600    0.0033556100
  -0.0022737400   -0.0050849600   -0.0016480100
  -0.0012660700    0.0016444000   -0.0017006200
  -0.0059440300    0.0019068000    0.0052627100
   0.0067525600    0.0053993600   -0.0073015800
   0.0065120900    0.0028644700    0.0085056200

33   
  0.0000000000000000   0.0000000000000000  -0.0100000000000000
   0.0226451200    0.0085577400   -0.0503045600
   0.0093501200    0.0049077600    0.0113242300
  -0.0005396900   -0.0006711200   -0.0027517900
  -0.0032345400    0.0001241400    0.0048549500
  -0.0011955600    0.0002565900   -0.0012316900
   0.0012059400   -0.0012676400    0.0019415900
   0.0000351100    0.0002434300   -0.0011978500
  -0.0005881600   -0.0006255100    0.0014932300
   0.0043107500    0.0043987900   -0.0229481900
   0.0007849300    0.0022601300    0.0060829600
  -0.0018719200   -0.0011882300   -0.0038544000
  -0.0003361000    0.0003614300    0.0028832500
   0.0033091800    0.0008192600   -0.0089255200
   0.0024100300   -0.0027177400    0.0065116500
  -0.0025212100    0.0016860000   -0.0032186000
  -0.0003437100   -0.0004319800    0.0022568500
   0.0009030000    0.0006409100   -0.0079394500
  -0.0046694800    0.0018327700    0.0056655500
   0.0282158300   -0.0086552400   -0.0213867500
   0.0045366700   -0.0026685500    0.0116206600
   0.0000529500   -0.0012974100   -0.0010082000
  -0.0008995700   -0.0002511600    0.0018220700
  -0.0006906800   -0.0016728000   -0.0031120500
   0.0006184500    0.0000653400    0.0022620800
   0.0023986800   -0.0020859200    0.0023164800
  -0.0039438200    0.0048520800    0.0003070000
  -0.0039983500   -0.0076346800    0.0054377000
   0.0073752300    0.0080861200   -0.0017315500
  -0.0001419700    0.0006110500    0.0010193300
  -0.0048992000   -0.0034296000   -0.0024606700
  -0.0005144600    0.0029595400    0.0044558400
   0.0054791700   -0.0020574700   -0.0010192100
  -0.0776767800   -0.0149127800    0.1624185900
   0.0011060300    0.0006997500   -0.0068990600
   0.0010540100    0.0003291800    0.0008661400
   0.0017296100   -0.0001565800   -0.0023994000
  -0.0011963100    0.0004125900    0.0013837300
  -0.0001085400    0.0010129500   -0.0015752100
  -0.0001200200   -0.0001980600    0.0003378400
   0.0004957800    0.0003433300   -0.0013034800
   0.0018132500   -0.0076405800    0.0020460000
  -0.0019310800    0.0010607700   -0.0022796700
   0.0010971900   -0.0002548800    0.0017501700
  -0.0011108100    0.0003064300   -0.0007796200
  -0.0029874700    0.0117954600    0.0020418900
  -0.0013862600   -0.0015938500   -0.0022780200
   0.0018459800    0.0001265400    0.0017503100
   0.0003402200   -0.0005362400   -0.0007823500
  -0.0130163100    0.0044751700   -0.0088846200
   0.0038667700   -0.0057768200   -0.0061138100
   0.0038378400    0.0034060700   -0.0020136700
  -0.0021165500   -0.0011109000   -0.0009959600
   0.0002300800    0.0001454000    0.0003376900
   0.0004970200    0.0012748700   -0.0007780000
   0.0006740300   -0.0009101200   -0.0002449900
  -0.0002565500    0.0002190500   -0.0005373000
  -0.0005859400    0.0009215500   -0.0005284800
   0.0003745600   -0.0010021600    0.0000351200
   0.0013856700    0.0011574700    0.0007636000
  -0.0004099300   -0.0007094800   -0.0003187300
  -0.0019570500   -0.0023643500    0.0001345900
   0.0083987100    0.0150751000   -0.0133588300
   0.0051162500   -0.0063881300   -0.0056958800
  -0.0007429200    0.0002951500    0.0000808200
  -0.0030575400    0.0009186900    0.0044101200
  -0.0001706900    0.0001045200   -0.0010166600
  -0.0005836400   -0.0004851900    0.0022594600
   0.0002015200    0.0006582800   -0.0015555300
   0.0034857400    0.0033976700    0.0044195700
  -0.0008904100   -0.0010057500   -0.0030496000
   0.0008555600   -0.0032439200    0.0057605600
  -0.0007501800    0.0010611000   -0.0033374600
   0.0171788400   -0.0075542200    0.0052838000
  -0.0007572500    0.0000866600   -0.0035671000
  -0.0020847500    0.0012330100    0.0054813600
   0.0011309100   -0.0005022900   -0.0042772700
  -0.0000427800    0.0008367800    0.0012637800
  -0.0000799900    0.0000199300   -0.0012766800
  -0.0002770400   -0.0000629600    0.0011697000
   0.0000811800   -0.0004170600   -0.0015318300
  -0.0002287300   -0.0006179200   -0.0002390100
   0.0017326300    0.0003352500   -0.0002262800
   0.0050354500    0.0019373400   -0.0303395800
  -0.0166926100   -0.0024987600   -0.0309050700
   0.0003060900    0.0001837100   -0.0004055500
   0.0007103300    0.0010264900   -0.0004006600
  -0.0003026200   -0.0000696900   -0.0008395900
  -0.0004349900    0.0004761300   -0.0008327700
  -0.0001051500    0.0004591000    0.0010176800
   0.0011933000   -0.0001663000   -0.0006807100
   0.0011104000    0.0066415200   -0.0001759600
   0.0000805400   -0.0014835300   -0.0009586500
   0.0008466000    0.0002834400    0.0010196600
   0.0025778200    0.0007130300   -0.0006871200
  -0.0010226700   -0.0090600900   -0.0001673500
  -0.0005491100    0.0012851300   -0.0009596500

33   
  0.0000000000000000   0.0000000000000000   0.0100000000000000
  -0.0202073300   -0.0071360900    0.0476067200
  -0.0089428100   -0.0048533900   -0.0110772600
   0.0009856800    0.0007549800    0.0028970700
   0.0036861100   -0.0000764400   -0.0046130200
   0.0016562900   -0.0002311600    0.0013963600
  -0.0007655600    0.0013073100   -0.0017100600
   0.0004165700   -0.0001913300    0.0013724200
   0.0010425700    0.0006846200   -0.0012843000
  -0.0037293300   -0.0045283700    0.0228039900
  -0.0003360900   -0.0021537700   -0.0062409400
   0.0022976100    0.0012270000    0.0036704700
   0.0007995900   -0.0002878400   -0.0030689100
  -0.0028294100   -0.0007173900    0.0087030100
  -0.0019350700    0.0027294700   -0.0066554000
   0.0029619000   -0.0016183100    0.0030013700
   0.0007976300    0.0004794400   -0.0024358600
  -0.0013048700   -0.0005597700    0.0081375700
   0.0041552600   -0.0017491600   -0.0054385700
  -0.0295805900    0.0091378600    0.0215156000
  -0.0049264200    0.0026813200   -0.0113497300
  -0.0004868300    0.0013304300    0.0011889300
   0.0004429300    0.0003025300   -0.0016246000
   0.0002252600    0.0017076300    0.0032951100
  -0.0010668900   -0.0000043000   -0.0020686200
  -0.0028383200    0.0021644800   -0.0024751500
   0.0034823500   -0.0047788000   -0.0005533200
   0.0035575900    0.0077410900   -0.0055698300
  -0.0078150500   -0.0079676200    0.0014212100
  -0.0003182900   -0.0005586800   -0.0011893000
   0.0044014800    0.0034520100    0.0022204900
   0.0000743400   -0.0028994100   -0.0045965900
  -0.0059136400    0.0020967300    0.0008009000
   0.0763482100    0.0134397700   -0.1603343300
  -0.0012767000   -0.0004351800    0.0060196500
  -0.0012356500   -0.0000675600   -0.0017221400
  -0.0019063400    0.0004233700    0.0015301200
   0.0010025300   -0.0001341400   -0.0022330300
  -0.0000824400   -0.0007292900    0.0007082400
  -0.0000753600    0.0004690300   -0.0011886200
  -0.0006852400   -0.0000692900    0.0004416000
  -0.0019924100    0.0079198100   -0.0011207500
   0.0017355500   -0.0008004300    0.0031164300
  -0.0012793000    0.0005295600   -0.0008826700
   0.0009172300   -0.0000371800    0.0016282500
   0.0027767600   -0.0114575300   -0.0011250100
   0.0011866000    0.0018714900    0.0031180600
  -0.0020245800    0.0001383000   -0.0008825100
  -0.0005283600    0.0008035000    0.0016254300
   0.0135546500   -0.0048893000    0.0084656000
  -0.0034387400    0.0053688500    0.0055696800
  -0.0034291800   -0.0037029700    0.0014938300
   0.0024802400    0.0007668500    0.0005198700
   0.0001606900   -0.0004655400   -0.0008297900
  -0.0001066700   -0.0015792300    0.0002951300
  -0.0002838400    0.0005757600   -0.0002488200
   0.0006435200   -0.0005421000    0.0000494400
   0.0009274600   -0.0011939600    0.0009270900
   0.0000173700    0.0006674700    0.0004700000
  -0.0009950300   -0.0014828700   -0.0002834100
   0.0007966800    0.0003787100    0.0008144800
   0.0023484800    0.0020410900    0.0003429200
  -0.0078878900   -0.0151662300    0.0136231300
  -0.0046610400    0.0059845700    0.0061435300
   0.0011164300   -0.0006168000    0.0004180400
   0.0026616600   -0.0012450900   -0.0039071300
  -0.0002163800   -0.0004382100    0.0014926200
   0.0001968600    0.0001608000   -0.0017526400
  -0.0005926400   -0.0009904400    0.0020434400
  -0.0038765000   -0.0037262800   -0.0038582400
   0.0005085400    0.0006803000    0.0035158200
  -0.0012344500    0.0029110000   -0.0052652100
   0.0003433500   -0.0013608800    0.0037959500
  -0.0176178800    0.0072181900   -0.0055781200
   0.0003720200   -0.0004254200    0.0030544900
   0.0018048500   -0.0015498800   -0.0058953100
  -0.0015419100    0.0001561500    0.0037798700
  -0.0003498300   -0.0011538400   -0.0017437000
  -0.0003070800   -0.0003410800    0.0007768800
  -0.0001137700   -0.0002602900   -0.0016507000
  -0.0004692200    0.0000893300    0.0010302300
   0.0004211300    0.0008874200   -0.0006217400
  -0.0015304600   -0.0000739500   -0.0006091200
  -0.0050362300   -0.0016989000    0.0299873100
   0.0165335100    0.0027047500    0.0294222300
  -0.0001200900    0.0000915700   -0.0004576400
  -0.0005126900   -0.0007479700   -0.0004527700
   0.0004920500    0.0003430700   -0.0000240600
   0.0006303000   -0.0001981800   -0.0000173000
   0.0002965700   -0.0001902600   -0.0001646000
  -0.0010072800    0.0004334600    0.0015457100
  -0.0008768600   -0.0063509900    0.0009904800
   0.0001055000    0.0017316900    0.0018195300
  -0.0006475600   -0.0000156200   -0.0001626300
  -0.0023623900   -0.0004350100    0.0015392500
   0.0012060600    0.0092973500    0.0009992500
   0.0007305400   -0.0009963700    0.0018186700

33   
  0.0100000000000000   0.0000000000000000   0.0000000000000000
   0.0256489200   -0.0001067700   -0.0167075500
   0.0107567900   -0.0004554400   -0.0007724600
  -0.0091741700    0.0015058800   -0.0048379700
  -0.0068700800   -0.0021933000    0.0064562200
   0.0024609400    0.0024273800    0.0007051000
   0.0033193300    0.0013889500   -0.0008145000
  -0.0017780000    0.0003320500   -0.0007791100
  -0.0019664200    0.0005073000    0.0012149600
   0.0198415100   -0.0021111300   -0.0062590300
   0.0036418900    0.0008363900    0.0026875900
  -0.0088173800   -0.0060613500   -0.0004150700
  -0.0026736100   -0.0012825200    0.0004790800
   0.0074081400   -0.0031684500   -0.0042951400
   0.0032514200   -0.0012078700    0.0033170700
  -0.0062209100    0.0046992100   -0.0030872600
  -0.0017065600    0.0007254400    0.0013340700
  -0.0151872400   -0.0056460000   -0.0078586000
  -0.0041507700    0.0002406200    0.0034981900
   0.0780894100   -0.0232004000   -0.0278133700
   0.0012893100    0.0001756000    0.0017584100
  -0.0035089000    0.0024292200   -0.0009593700
  -0.0012690000    0.0010493700    0.0010550900
   0.0013836800    0.0002849900   -0.0011831100
   0.0007252900    0.0000436000    0.0008129800
  -0.0052869300    0.0013934000   -0.0023082900
  -0.0080173300    0.0060672400    0.0075337400
   0.0011890200   -0.0065643600    0.0031738800
   0.0053358000   -0.0063697400   -0.0067968400
  -0.0023721300    0.0001070200   -0.0005317600
  -0.0047373300   -0.0029693800   -0.0000262700
   0.0026648500    0.0045853600    0.0051446700
   0.0031917000    0.0023891800   -0.0028089900
  -0.1999022400    0.0520345700    0.0758135600
  -0.0018172900    0.0007169000   -0.0016054500
   0.0070765000   -0.0004575300   -0.0015674300
   0.0023082700    0.0002291900   -0.0022382200
  -0.0016543600   -0.0001745900    0.0006654200
  -0.0008711900    0.0004520500   -0.0004146900
   0.0015839600   -0.0012239300   -0.0004066700
   0.0009800000   -0.0003221300   -0.0010167300
  -0.0057797200   -0.0016528500   -0.0024210800
  -0.0024527100    0.0010073800   -0.0008572300
   0.0038541600    0.0000362500    0.0023575900
   0.0021878600   -0.0003055500    0.0008637900
  -0.0057543000    0.0023357100    0.0023508400
  -0.0024512900    0.0002080200   -0.0013981900
   0.0038461300   -0.0007545900    0.0016108400
   0.0021794300   -0.0011381800   -0.0005784000
   0.0101877900   -0.0037844300    0.0157197300
   0.0019287500   -0.0030253900   -0.0047934900
   0.0060682700    0.0075473800   -0.0054286400
   0.0001068000    0.0002018600    0.0011006200
  -0.0000523700   -0.0006530400    0.0000287000
   0.0000424000    0.0002862300   -0.0004832200
   0.0004017800   -0.0021780400   -0.0003788000
   0.0002702300   -0.0004465600   -0.0003255000
   0.0029845200   -0.0037683300    0.0054885500
  -0.0007152800   -0.0012832900   -0.0007776500
   0.0003423600    0.0013043700    0.0002811100
   0.0006047200   -0.0000429500    0.0003720600
   0.0003265600    0.0019906500    0.0026576700
   0.0060755700    0.0095138000   -0.0077137600
   0.0117536000   -0.0136301000   -0.0112819800
   0.0004026900   -0.0006532200    0.0012660200
   0.0023697600   -0.0038168400   -0.0009836600
  -0.0005977700   -0.0004015500    0.0006505400
  -0.0003900000    0.0012480900    0.0008852600
   0.0003553600    0.0002404900   -0.0005651000
   0.0053366100    0.0080957900   -0.0011570200
  -0.0006222500   -0.0002704600   -0.0011643300
   0.0038664900   -0.0066609200    0.0066263900
   0.0000458100   -0.0002447900   -0.0016303000
   0.0448428200   -0.0165444100   -0.0151402100
  -0.0004996300    0.0003897600    0.0001402800
   0.0220149800    0.0077711900    0.0116330100
   0.0003567400    0.0004606100   -0.0023559200
  -0.0007158700   -0.0001458600    0.0003356800
  -0.0002559200   -0.0003627000   -0.0006046300
  -0.0000801700   -0.0011986100    0.0003900200
   0.0002853900   -0.0009584300   -0.0012328900
   0.0043341200    0.0009064800    0.0012015300
   0.0043384600    0.0022295800   -0.0007619100
  -0.0069093100    0.0030999700   -0.0170183800
  -0.0069277000   -0.0013228000    0.0047110200
   0.0012905700   -0.0001593900    0.0001818600
   0.0012918300    0.0008231700   -0.0002163300
  -0.0012231700   -0.0010552400   -0.0009625400
  -0.0012195000   -0.0007922800   -0.0008208600
   0.0033746400    0.0004062700   -0.0003138300
   0.0026923000   -0.0002895000   -0.0020505000
  -0.0056340800    0.0030026100    0.0015181400
  -0.0013468700    0.0002530100    0.0010702100
   0.0033748900    0.0017073700    0.0006315700
   0.0026843300    0.0006899500   -0.0006707300
  -0.0056077000   -0.0092460400   -0.0005779900
  -0.0013480500   -0.0000756300    0.0004459000

33   
 -0.0100000000000000   0.0000000000000000  -0.0000000000000000
  -0.0249612100    0.0006578000    0.0157102300
  -0.0103182300    0.0005197000    0.0009896600
   0.0096660000   -0.0014691700    0.0051099400
   0.0073720800    0.0022745500   -0.0063542600
  -0.0019856500   -0.0024069400   -0.0005289400
  -0.0028747400   -0.0013423300    0.0010183400
   0.0022235900   -0.0002678900    0.0009838800
   0.0024247500   -0.0004504700   -0.0010319700
  -0.0191049200    0.0013300100    0.0062617200
  -0.0031814400   -0.0007870400   -0.0029045800
   0.0093130900    0.0062038600    0.0002138200
   0.0031179600    0.0013474600   -0.0006753400
  -0.0069411400    0.0032913400    0.0041643600
  -0.0028013500    0.0012721800   -0.0035361900
   0.0067237800   -0.0047119600    0.0029266300
   0.0021577100   -0.0006751400   -0.0015380300
   0.0147754100    0.0056933400    0.0080214200
   0.0037368000   -0.0001865500   -0.0033144400
  -0.0828301700    0.0253645600    0.0304574100
  -0.0018042800   -0.0000804900   -0.0016404600
   0.0030972200   -0.0023853600    0.0011590100
   0.0008342300   -0.0009880600   -0.0008663600
  -0.0018844700   -0.0002614500    0.0013802600
  -0.0011953200    0.0000114100   -0.0006350500
   0.0048671600   -0.0013257500    0.0021228800
   0.0076043100   -0.0059812700   -0.0076891100
  -0.0017087800    0.0066760400   -0.0033627500
  -0.0059768000    0.0063925000    0.0065982900
   0.0019483200   -0.0000562700    0.0003367200
   0.0043299600    0.0030249300   -0.0001550200
  -0.0031747300   -0.0045703100   -0.0053784500
  -0.0037433800   -0.0023406600    0.0026362100
   0.2029921200   -0.0532958600   -0.0782237300
   0.0016188700   -0.0004497100    0.0007771000
  -0.0072905500    0.0007410200    0.0007220000
  -0.0025119200    0.0000365200    0.0013976200
   0.0014737900    0.0004535700   -0.0015335300
   0.0006838100   -0.0001832700   -0.0004409300
  -0.0017878900    0.0015093600   -0.0004512700
  -0.0011754500    0.0005948900    0.0001642500
   0.0055800700    0.0020643200    0.0033429300
   0.0022739300   -0.0007426200    0.0017156600
  -0.0040590900    0.0002113700   -0.0015128900
  -0.0023803300    0.0005739000   -0.0000048500
   0.0056058000   -0.0021865800   -0.0014545500
   0.0022753200    0.0000575200    0.0022684700
  -0.0040670600    0.0010381400   -0.0007655400
  -0.0023886800    0.0014237500    0.0014495800
  -0.0097496200    0.0033770800   -0.0160742700
  -0.0015651200    0.0027321400    0.0043329600
  -0.0057433400   -0.0079975000    0.0050145300
   0.0003153700   -0.0005324600   -0.0016088300
   0.0004375100    0.0003266300   -0.0005241800
   0.0003357200   -0.0006152500    0.0000016700
  -0.0000014700    0.0018748600   -0.0001130300
   0.0001281200    0.0001187000   -0.0001644300
  -0.0026089600    0.0034768200   -0.0050335900
   0.0010872800    0.0009503500    0.0012766000
   0.0000662000   -0.0016504100    0.0002114800
  -0.0002035300   -0.0002828000    0.0001223000
   0.0000455500   -0.0023203000   -0.0021690000
  -0.0056642600   -0.0098788500    0.0082466000
  -0.0115574300    0.0135267300    0.0119621900
   0.0000029300    0.0003285200   -0.0007903100
  -0.0028145500    0.0035237400    0.0015307300
   0.0002029700    0.0000718200   -0.0001599100
   0.0000272200   -0.0015892100   -0.0004005700
  -0.0007403000   -0.0005710500    0.0010613500
  -0.0057170800   -0.0083783200    0.0016105100
   0.0002276000   -0.0000567800    0.0016651200
  -0.0042877700    0.0064318200   -0.0062443100
  -0.0004209800   -0.0000977500    0.0021555100
  -0.0443948600    0.0158691900    0.0142937700
   0.0001038000   -0.0007213800   -0.0006224600
  -0.0228032300   -0.0082941500   -0.0123435800
  -0.0007278400   -0.0007916400    0.0018818400
   0.0003148400   -0.0001736000   -0.0008359200
  -0.0001388100    0.0000361400    0.0001165500
  -0.0002990600    0.0008848500   -0.0008852800
  -0.0006743500    0.0006353500    0.0007504200
  -0.0041758200   -0.0006434100   -0.0020612800
  -0.0041716200   -0.0019591500   -0.0001121500
   0.0072689700   -0.0028775100    0.0162030400
   0.0072495200    0.0015761100   -0.0053571000
  -0.0011099400    0.0004327100   -0.0010411900
  -0.0011087300   -0.0005539100   -0.0006426100
   0.0014233800    0.0013430000    0.0001029300
   0.0014271200    0.0010690600   -0.0000262000
  -0.0032147300   -0.0001486400    0.0011803500
  -0.0024959100    0.0005554900    0.0028899700
   0.0058868000   -0.0026895600   -0.0007108800
   0.0015478200    0.0000281000   -0.0002095000
  -0.0032144200   -0.0014374400    0.0002299800
  -0.0025036800   -0.0004204600    0.0015298600
   0.0059136000    0.0095555300    0.0014092000
   0.0015466100    0.0003378700    0.0004209800

33   
 -0.0000000000000000  -0.0100000000000000  -0.0000000000000000
  -0.0048319400   -0.0236162600    0.0153614700
   0.0026202800   -0.0042421500    0.0004869300
  -0.0019550100   -0.0036347500   -0.0002571000
  -0.0022124200   -0.0012913700    0.0022533300
  -0.0003763300    0.0094238900    0.0031185000
   0.0020061000    0.0045274900   -0.0033932900
   0.0002211500    0.0021095700    0.0008164400
  -0.0003507300    0.0015324200   -0.0004627900
   0.0014390300   -0.0250563600   -0.0031729300
  -0.0002160000   -0.0026632200   -0.0010805300
  -0.0001586500   -0.0023221100   -0.0019709600
  -0.0000881500   -0.0011924100   -0.0000635900
   0.0075112900    0.0134752600    0.0044240400
   0.0008226600    0.0024049200   -0.0016556400
  -0.0024920300    0.0033041600    0.0000259100
  -0.0002468200    0.0011159200   -0.0003781100
   0.0016790700   -0.0072801600    0.0017424200
   0.0012937400   -0.0014658400   -0.0009920000
   0.0294280400   -0.0269527700   -0.0122881800
  -0.0010757900   -0.0012088100   -0.0015276100
  -0.0041932100    0.0058107300   -0.0002217000
  -0.0010459600    0.0016797900   -0.0001384100
   0.0030892700    0.0080508000    0.0010248200
   0.0003259200    0.0017128900    0.0001639300
  -0.0044535100   -0.0014958900   -0.0032940300
  -0.0030258700   -0.0017664000    0.0050206700
   0.0045636600   -0.0052563700   -0.0054279600
   0.0085454600   -0.0027456200    0.0090161600
   0.0002336300    0.0020479800    0.0003253900
   0.0018423000    0.0034350800   -0.0014513500
  -0.0013608400    0.0037774400    0.0046410400
  -0.0068419200    0.0052367000   -0.0048064900
  -0.0533077900    0.1022276300   -0.0148562300
  -0.0006865700    0.0007796500    0.0001418000
   0.0005065900    0.0014841200   -0.0002333800
  -0.0001925500    0.0009021500   -0.0007186900
   0.0002176800   -0.0043871100   -0.0001519800
  -0.0004143600   -0.0009342000    0.0004483800
   0.0012800600   -0.0013716800   -0.0007643300
   0.0003645200   -0.0005308600   -0.0002206200
  -0.0023741900   -0.0168081200   -0.0113208400
  -0.0001701500    0.0005946700    0.0021723800
   0.0008043900    0.0001110200    0.0004328700
   0.0011870200   -0.0000887900    0.0011017700
   0.0017661300   -0.0165765400    0.0081349000
  -0.0009702400    0.0005810300   -0.0005026100
  -0.0000048300    0.0001001400    0.0008202700
   0.0003516200   -0.0000952000    0.0002527800
   0.0072874600    0.0051513200    0.0082220400
  -0.0020349500    0.0050947800    0.0022298800
   0.0032282000    0.0071054600   -0.0033416700
   0.0003286200    0.0013087200   -0.0005904400
  -0.0004945400   -0.0030730900   -0.0011414200
   0.0003606500   -0.0023775900   -0.0008049300
   0.0003084200   -0.0022589000   -0.0003781900
   0.0007077100   -0.0015658000    0.0000608900
   0.0063003700   -0.0075541700    0.0111370600
   0.0006973800   -0.0002537500   -0.0015710100
  -0.0014195700   -0.0003854800    0.0010028900
  -0.0000503700   -0.0007578000   -0.0002621400
  -0.0023053600   -0.0000163900   -0.0025158400
  -0.0017012200   -0.0038233700    0.0029745900
   0.0028969100   -0.0036054800   -0.0024623800
   0.0010409700    0.0005767900    0.0011012400
   0.0069056500   -0.0057736000   -0.0055180900
  -0.0001744100   -0.0003476600    0.0017229600
  -0.0020774000   -0.0009321400   -0.0001757000
  -0.0003677400   -0.0006318200    0.0005393500
  -0.0073880800   -0.0031991200    0.0018617000
  -0.0004120900    0.0000589700    0.0003152900
   0.0035639500   -0.0018636500    0.0020399400
   0.0001768800    0.0002906700   -0.0000628100
   0.0134759300    0.0070939000   -0.0061016000
  -0.0002104800    0.0008566600    0.0013138700
  -0.0060042100    0.0047778600   -0.0000147900
  -0.0005272700    0.0012173500   -0.0002224600
  -0.0007148500   -0.0039380900   -0.0002121900
  -0.0000873800   -0.0012015300   -0.0001640600
  -0.0000214300   -0.0025417900   -0.0011208200
   0.0001830700   -0.0015667200   -0.0007086100
   0.0021972100    0.0015688900   -0.0002234300
   0.0008722900    0.0015669400   -0.0011799600
  -0.0013380200    0.0078034400   -0.0031192400
   0.0031286200    0.0077900900    0.0014969500
   0.0007901000   -0.0011749600    0.0004652700
  -0.0002004800   -0.0011721600   -0.0003831300
  -0.0008399400   -0.0031828000   -0.0000841700
  -0.0011149600   -0.0031747700   -0.0006438900
   0.0016798700    0.0004527900    0.0002772800
   0.0006520200    0.0001610400   -0.0001430300
  -0.0093881700   -0.0106845400    0.0096958500
  -0.0001134200    0.0003603700   -0.0007172000
   0.0003764200    0.0004413700    0.0001028600
  -0.0003345600    0.0001539200    0.0007276800
   0.0028999600   -0.0105585000   -0.0060313100
   0.0002084900    0.0003418800    0.0020320300

33   
  0.0000000000000000   0.0100000000000000   0.0000000000000000
   0.0055911200    0.0237721300   -0.0156490100
  -0.0020947700    0.0043157100   -0.0002686700
   0.0023794300    0.0037122800    0.0004337000
   0.0026353300    0.0013148300   -0.0020398500
   0.0008064900   -0.0093005600   -0.0028807800
  -0.0015389400   -0.0044275300    0.0035262600
   0.0002389500   -0.0020492900   -0.0006160100
   0.0008043100   -0.0014661000    0.0006427300
   0.0002176800    0.0227403100    0.0035310300
   0.0006746800    0.0026755100    0.0008844700
   0.0006017400    0.0023305400    0.0018080400
   0.0005373900    0.0012276600   -0.0001341600
  -0.0070791800   -0.0134141800   -0.0046313700
  -0.0003838300   -0.0022974000    0.0014486500
   0.0029314300   -0.0031945000   -0.0002438000
   0.0007039400   -0.0010328200    0.0001912600
  -0.0020874700    0.0073487600   -0.0015195600
  -0.0017273900    0.0015016400    0.0011680500
  -0.0304948300    0.0270046700    0.0128465500
   0.0005858300    0.0012964200    0.0016769900
   0.0036756200   -0.0057000700    0.0004022700
   0.0005790700   -0.0016139100    0.0003300600
  -0.0034820200   -0.0079218700   -0.0008169600
  -0.0007690500   -0.0016529900    0.0000377500
   0.0039728000    0.0015084500    0.0030769600
   0.0025531800    0.0017568700   -0.0052093900
  -0.0049940700    0.0052079400    0.0051611800
  -0.0089064500    0.0026701200   -0.0091464700
  -0.0006966700   -0.0019583000   -0.0005237000
  -0.0022902500   -0.0033325700    0.0012906600
   0.0009450100   -0.0036653500   -0.0048320000
   0.0064176200   -0.0051314400    0.0046294200
   0.0520098300   -0.0992733700    0.0134873800
   0.0004800300   -0.0004973600   -0.0009930800
  -0.0006923300   -0.0012128600   -0.0006300700
   0.0000002400   -0.0006269200   -0.0001387600
  -0.0004104700    0.0046309900   -0.0006986200
   0.0002210200    0.0011894200   -0.0012938500
  -0.0014532400    0.0016263800   -0.0000971900
  -0.0005525000    0.0007931100   -0.0006332300
   0.0021477100    0.0167778100    0.0119347700
  -0.0000196500   -0.0003080300   -0.0012927900
  -0.0009883400    0.0001736000    0.0004214200
  -0.0013748900    0.0003612100   -0.0002376800
  -0.0019512900    0.0170088400   -0.0074274100
   0.0007798500   -0.0003215900    0.0013590400
  -0.0001798500    0.0001629600    0.0000361700
  -0.0005278000    0.0003549500    0.0005967700
  -0.0069046600   -0.0053485400   -0.0087023600
   0.0024239900   -0.0054278500   -0.0027297800
  -0.0028597800   -0.0074601300    0.0028711400
   0.0000697700   -0.0016166700    0.0001027100
   0.0008858500    0.0027203900    0.0006522600
   0.0000404500    0.0020221600    0.0002921500
   0.0000704600    0.0019043600   -0.0001073300
  -0.0003232500    0.0012289000   -0.0005580700
  -0.0058191200    0.0071071700   -0.0104596700
  -0.0002947400   -0.0000665400    0.0020382000
   0.0017868800    0.0000543200   -0.0005040600
   0.0004377300    0.0004333600    0.0007487600
   0.0026991900   -0.0003228400    0.0030174000
   0.0020191000    0.0033642800   -0.0023711900
  -0.0024077700    0.0031512200    0.0028449500
  -0.0006493400   -0.0009200200   -0.0006101100
  -0.0071876600    0.0053708100    0.0059070500
  -0.0002121700    0.0000239400   -0.0012135900
   0.0016634600    0.0006131400    0.0006565500
  -0.0000268500    0.0003059500   -0.0000450600
   0.0070372100    0.0028673300   -0.0014000600
   0.0000170600   -0.0003946500    0.0001855600
  -0.0039469400    0.0015038500   -0.0015264500
  -0.0005613800   -0.0006379800    0.0005575900
  -0.0139675200   -0.0072182200    0.0056570000
  -0.0001843100   -0.0011701800   -0.0018011600
   0.0057041000   -0.0050173000   -0.0004474300
   0.0001441900   -0.0015202900   -0.0002658700
   0.0003397300    0.0035823000   -0.0002779000
  -0.0002992500    0.0008588700   -0.0003236500
  -0.0003788900    0.0021953700    0.0006198600
  -0.0005756500    0.0012283200    0.0002180500
  -0.0019916200   -0.0012863500   -0.0006326100
  -0.0006775800   -0.0012882700    0.0003253000
   0.0015606900   -0.0074902600    0.0020836800
  -0.0028492300   -0.0075030200   -0.0021394700
  -0.0005870500    0.0014298200   -0.0013092100
   0.0003916400    0.0014325900   -0.0004752900
   0.0010214800    0.0034205600   -0.0007584400
   0.0012832800    0.0034284900   -0.0002310800
  -0.0014653600   -0.0001673200    0.0005767000
  -0.0004585200    0.0001146100    0.0010053500
   0.0094156400    0.0107722500   -0.0086628000
   0.0003000700   -0.0000751800    0.0015645300
  -0.0001785100   -0.0001786100    0.0007525700
   0.0005105300    0.0001076600    0.0001282500
  -0.0027938100    0.0108976600    0.0069626000
  -0.0000165500   -0.0000935700   -0.0011827500

49   
  0.0000000000000000   0.0000000000000000  -0.0100000000000000
   0.0028412600   -0.0061728500    0.0100692400
   0.0026506400   -0.0040742200   -0.0283095000
  -0.0011700400   -0.0013446200    0.0035432800
   0.0015851700    0.0019874000   -0.0005785600
  -0.0001548500    0.0042146700    0.0030264200
   0.0004881600   -0.0015580600   -0.0027552500
   0.0001716700    0.0009412800    0.0014456100
   0.0009347000   -0.0025682200   -0.0023165100
  -0.0084428200   -0.0256950700   -0.0329291500
  -0.0043534600   -0.0055805800    0.0086350800
  -0.0012823400    0.0009573500   -0.0030384100
   0.0016353800    0.0003621500    0.0049299000
   0.0009036000   -0.0005615000   -0.0038050500
   0.0011634300    0.0020726200    0.0050068700
  -0.0018912600   -0.0007312400   -0.0006591300
   0.0003592900    0.0004703800    0.0010989300
   0.0107691300    0.0074001400   -0.0321987300
   0.0038067800    0.0043877000    0.0090112200
   0.0039258200   -0.0016512200   -0.0091113000
  -0.0027299200    0.0002586400    0.0050074600
  -0.0006832500    0.0023584000   -0.0028199800
   0.0000629500   -0.0007111800    0.0030090100
   0.0010642800    0.0025065500   -0.0016795700
  -0.0004663800   -0.0002640700    0.0024704100
   0.0029380600    0.0050502200   -0.0232605900
  -0.0050256500    0.0046096500    0.0096032300
  -0.0022958000   -0.0036871300   -0.0042293800
   0.0044711900   -0.0005271500    0.0047504400
   0.0024058800    0.0015328500   -0.0036810300
  -0.0009564600   -0.0006924000    0.0029356100
  -0.0036492400    0.0017414700   -0.0031780900
   0.0004061700    0.0000961800    0.0017657500
  -0.0160663100    0.0086329100   -0.0091355500
   0.0044597000    0.0026156800   -0.0062611400
   0.0051104500   -0.0029621800   -0.0021750600
  -0.0014358700   -0.0002127300   -0.0012003800
  -0.0003709100   -0.0007660200    0.0001584400
   0.0001497800   -0.0004091600   -0.0009677900
   0.0000321600    0.0000006700   -0.0004218800
  -0.0000136600    0.0004457400   -0.0007252300
  -0.0080686500   -0.0025262500   -0.0130810700
   0.0023075800    0.0028859700    0.0003203900
   0.0009410100   -0.0007226000    0.0002685000
  -0.0117273700    0.0028005500   -0.0054813700
  -0.0011206700    0.0019466300    0.0002174200
   0.0051331500   -0.0105951800   -0.0002959700
   0.0000300800    0.0006414000   -0.0001346500
  -0.0000644300   -0.0006206700    0.0009443800
   0.0225848500    0.0272306300    0.1786965000
   0.0005500000   -0.0005814700   -0.0082906900
   0.0005530800    0.0003173900    0.0022539000
  -0.0004262900   -0.0001529300   -0.0024922800
  -0.0002777700   -0.0003571100    0.0010618400
   0.0002039800   -0.0008408400   -0.0018049800
   0.0003983400   -0.0003812800    0.0010225500
   0.0001161800   -0.0003100100   -0.0010997000
   0.0010117800   -0.0002542000    0.0092745900
  -0.0001084900   -0.0001793000   -0.0025325700
  -0.0000986200   -0.0002967200    0.0021626400
  -0.0000260300   -0.0002468200   -0.0012060100
  -0.0025134900   -0.0035468700    0.0092528400
   0.0007486000    0.0005391500   -0.0025281500
   0.0004448000   -0.0000443200    0.0021634400
   0.0005686500   -0.0000490600   -0.0012048600
   0.0028179300   -0.0045364700   -0.0009229000
   0.0005452400    0.0028954600   -0.0012362900
  -0.0009819700   -0.0009662500    0.0004293400
  -0.0012481900    0.0007072800   -0.0005852000
  -0.0014906100    0.0029073600   -0.0009100700
  -0.0024618900   -0.0035554300   -0.0012286800
   0.0001154100    0.0000429100    0.0004289900
  -0.0000200100   -0.0007440700   -0.0005886400
   0.0046397900    0.0005902700   -0.0363117500
  -0.0089174900   -0.0010285200   -0.0355546900
  -0.0007476800   -0.0002054000   -0.0004869100
   0.0001025400    0.0004784800   -0.0004967900
  -0.0000548800   -0.0007056700   -0.0001758300
  -0.0006268600   -0.0003327400   -0.0001857000
  -0.0001725600   -0.0003649200   -0.0004532000
  -0.0001121100   -0.0003392900   -0.0004563800
  -0.0147022800   -0.0057792400    0.0049196400
   0.0004900400    0.0016961700   -0.0037367500
   0.0120837700    0.0003326500    0.0052238700
  -0.0020294300    0.0001540700   -0.0044569600
   0.0006785000    0.0001691700    0.0010746800
  -0.0002644300    0.0002137300   -0.0014540100
   0.0007341400   -0.0007343600    0.0009805400
  -0.0008974000   -0.0003284300   -0.0017090000
   0.0014658700   -0.0014815300    0.0045782800
   0.0015186600    0.0000660600   -0.0028646300
  -0.0063612300   -0.0016499900    0.0059625900
   0.0019787700    0.0004408400   -0.0031340100
   0.0013507600    0.0058568200    0.0045967300
  -0.0003026800   -0.0013216200   -0.0008256100
  -0.0005430500    0.0005497500    0.0024315600
   0.0009056000   -0.0001562300   -0.0013685300

49   
  0.0000000000000000   0.0000000000000000   0.0100000000000000
  -0.0023483800    0.0061736200   -0.0099013300
  -0.0030598000    0.0052873800    0.0298359900
   0.0016184900    0.0014015100   -0.0033766300
  -0.0010746100   -0.0019036200    0.0008234400
   0.0006159300   -0.0041446400   -0.0028409800
  -0.0000700300    0.0016059700    0.0029927200
   0.0002820500   -0.0008763100   -0.0012638900
  -0.0004650100    0.0026096700    0.0025145600
   0.0077745900    0.0240977000    0.0315196600
   0.0048657600    0.0057054700   -0.0088408200
   0.0017741800   -0.0009061200    0.0028140700
  -0.0011854500   -0.0002954100   -0.0050926400
  -0.0004820800    0.0006407600    0.0035726500
  -0.0007171900   -0.0020346100   -0.0052160600
   0.0023578600    0.0007934800    0.0004580100
   0.0000916400   -0.0004123900   -0.0012758400
  -0.0104123500   -0.0066311200    0.0318897600
  -0.0043192000   -0.0043971200   -0.0088359600
  -0.0043801000    0.0017107200    0.0092830400
   0.0023025000   -0.0002062200   -0.0048150800
   0.0002376900   -0.0023164500    0.0029657800
  -0.0005220200    0.0007762500   -0.0028034800
  -0.0015079300   -0.0024394700    0.0018684400
   0.0000190500    0.0003277900   -0.0022756600
  -0.0027460700   -0.0056882300    0.0234361800
   0.0045226700   -0.0044967800   -0.0097752700
   0.0018626700    0.0037330900    0.0040429500
  -0.0049114500    0.0005923900   -0.0049491900
  -0.0028421800   -0.0014608800    0.0035364300
   0.0005032100    0.0007497900   -0.0031515200
   0.0032240200   -0.0016856100    0.0030090400
  -0.0008556900   -0.0000403700   -0.0019649400
   0.0157268400   -0.0082924200    0.0082138400
  -0.0046670200   -0.0023440600    0.0054220100
  -0.0053324800    0.0032499100    0.0013324100
   0.0012737400    0.0004801400    0.0003156700
   0.0001820400    0.0010274200   -0.0010089100
  -0.0003351800    0.0006876800    0.0001054400
  -0.0002338100    0.0002712500   -0.0004255400
  -0.0001748200   -0.0001734400   -0.0001385000
   0.0078922100    0.0028194600    0.0138989800
  -0.0025195300   -0.0026471500    0.0005285200
  -0.0011154200    0.0009889700    0.0006058200
   0.0115152500   -0.0025067100    0.0063585700
   0.0009335800   -0.0016624700    0.0006524600
  -0.0053901100    0.0110012800    0.0011596900
  -0.0002198000   -0.0003694600    0.0009986600
  -0.0001342000    0.0008864500   -0.0001026300
  -0.0216809900   -0.0272384500   -0.1789483300
  -0.0001781000    0.0002542300    0.0078095900
  -0.0001811900   -0.0006408900   -0.0027392600
   0.0008148500   -0.0001789500    0.0020013800
   0.0006692500    0.0000237100   -0.0015541300
   0.0001885000    0.0005136200    0.0013157900
  -0.0000146700    0.0000548400   -0.0015141500
   0.0002720300   -0.0000195200    0.0006080500
  -0.0006078700    0.0000859800   -0.0087857600
   0.0004980600   -0.0001638000    0.0030230000
   0.0004712800   -0.0000287900   -0.0016719500
   0.0004136100   -0.0000852800    0.0016979400
   0.0028946400    0.0030116100   -0.0088074800
  -0.0003580700   -0.0008576800    0.0030274200
  -0.0000640000   -0.0002910800   -0.0016712100
  -0.0001820000   -0.0002781400    0.0016991100
  -0.0031907400    0.0041784700    0.0014232500
  -0.0009161200   -0.0032249500    0.0017018200
   0.0005861300    0.0006362500    0.0000682500
   0.0008454500   -0.0010350500    0.0010707200
   0.0011215100   -0.0032527500    0.0014358000
   0.0020921600    0.0032505300    0.0017094800
  -0.0005070200   -0.0003700900    0.0000678900
  -0.0003844300    0.0004049300    0.0010673800
  -0.0048659500   -0.0008879500    0.0350923900
   0.0087196300    0.0007140700    0.0358508500
   0.0003467100   -0.0001244700    0.0000036400
  -0.0004989200   -0.0008006200   -0.0000064600
  -0.0003331000    0.0003726900   -0.0003060600
   0.0002413900    0.0000056500   -0.0003160900
  -0.0002207100    0.0000351300   -0.0000351500
  -0.0002813100    0.0000119800   -0.0000384700
   0.0147263200    0.0059789800   -0.0059418500
  -0.0002726200   -0.0014191000    0.0028849500
  -0.0118914600   -0.0001003400   -0.0061532300
   0.0022084400    0.0001105300    0.0036001200
  -0.0004928800    0.0001035500   -0.0019327500
   0.0004567300    0.0000538400    0.0005996000
  -0.0005412200    0.0010060800   -0.0018397600
   0.0010860500    0.0005979400    0.0008531800
  -0.0013009100    0.0017794600   -0.0036993800
  -0.0013108700    0.0001959300    0.0037009400
   0.0065097900    0.0019168500   -0.0050634400
  -0.0018071800   -0.0001794300    0.0039993300
  -0.0011639300   -0.0055674100   -0.0037204900
   0.0005078400    0.0016150600    0.0016836700
   0.0007427800   -0.0002823800   -0.0015805700
  -0.0007209400    0.0004281700    0.0022304600

49   
  0.0100000000000000   0.0000000000000000   0.0000000000000000
   0.0064922600    0.0020898500   -0.0035842800
   0.0174452900   -0.0022999600   -0.0054118400
  -0.0029184500   -0.0007539700    0.0023960500
  -0.0118372800   -0.0042406900   -0.0049997900
   0.0015588800   -0.0025079800   -0.0009479800
   0.0027014900   -0.0015366700    0.0006772200
  -0.0008879900    0.0001321200    0.0004060700
  -0.0028074500    0.0030926200    0.0004044000
   0.0175019700    0.0151801700    0.0106395300
   0.0041522600   -0.0007293200    0.0013967000
  -0.0074366200    0.0010776900    0.0027123900
  -0.0030758700   -0.0006856200   -0.0037095400
   0.0031631700    0.0004364600   -0.0012597100
   0.0016377200    0.0011195200    0.0019842800
  -0.0039245500   -0.0010227400    0.0010642700
  -0.0006449400   -0.0003028300   -0.0010340700
   0.0311657800    0.0121381500   -0.0105972300
   0.0021641800   -0.0015255000   -0.0003980900
  -0.0116087000    0.0046858300   -0.0049328300
  -0.0038304600    0.0011970200    0.0008168400
   0.0038488200    0.0021032800    0.0020760600
   0.0007867500    0.0011078000   -0.0011531700
  -0.0028415700   -0.0020059600   -0.0002425000
  -0.0016951300   -0.0003085700   -0.0001382600
   0.0188724800   -0.0067445800    0.0059148900
   0.0011522800    0.0022041100    0.0009396500
  -0.0082553300   -0.0046064200    0.0029980400
  -0.0043291700    0.0003567200   -0.0020146700
   0.0036989600   -0.0014214000   -0.0027062000
   0.0003448800   -0.0011264500    0.0014008300
  -0.0038771500    0.0016853900    0.0000635800
  -0.0011482800    0.0002474900   -0.0001319800
   0.0098366700   -0.0069325600    0.0127833000
   0.0016557100    0.0023695100   -0.0040899700
   0.0058031300   -0.0028976500   -0.0040582400
  -0.0002092400    0.0000023100    0.0018805900
  -0.0003377300    0.0008227200   -0.0004635600
  -0.0002398700   -0.0000273200   -0.0007329500
   0.0001035500    0.0000163000   -0.0009074000
  -0.0000257400   -0.0003803200    0.0000230800
   0.0057811600    0.0020014900    0.0085993500
   0.0000485200    0.0026309000   -0.0017174100
   0.0001016300   -0.0007097200   -0.0005069200
   0.0115672000   -0.0025079200    0.0053074800
  -0.0009960200   -0.0003599300    0.0006076700
   0.0027095600   -0.0059471700   -0.0003288400
   0.0003075100    0.0003794700   -0.0001770900
   0.0000361700    0.0017492600    0.0016203200
  -0.1449425800   -0.0171984000   -0.0223453800
  -0.0009140100   -0.0001331500   -0.0006112500
   0.0061758100    0.0005215500   -0.0006196800
   0.0016028900   -0.0001321400    0.0003756600
  -0.0006828700    0.0000960200    0.0002297100
  -0.0005549000   -0.0002480800   -0.0002544200
   0.0013552300   -0.0003236000   -0.0004509200
   0.0006797500   -0.0000197000   -0.0001678200
  -0.0080378900    0.0021645200   -0.0024658300
  -0.0006886200   -0.0001549600    0.0007990200
   0.0033731100   -0.0001071600    0.0005006300
   0.0010704400   -0.0001205100    0.0006209000
  -0.0080396200   -0.0022933300    0.0010576300
  -0.0006881500   -0.0004800300   -0.0000597100
   0.0033710200   -0.0005542200   -0.0000441300
   0.0010698100   -0.0000339500    0.0000258300
  -0.0045627200    0.0019224500    0.0015449200
  -0.0033987100   -0.0019277900    0.0025328100
   0.0014478200   -0.0002344700   -0.0000685400
   0.0024201300   -0.0002485000    0.0000658400
  -0.0046047200    0.0027847700   -0.0027671700
  -0.0033788900   -0.0014478300   -0.0004877700
   0.0014451600   -0.0013702500    0.0010256600
   0.0024306700    0.0012009100    0.0013034600
  -0.0069578800   -0.0018892800   -0.0090066900
  -0.0069598300    0.0016228500    0.0044427100
   0.0029956700    0.0004542600    0.0000501300
   0.0029963500   -0.0006500300   -0.0007827000
  -0.0009977100    0.0005181600   -0.0006795500
  -0.0009969300   -0.0003804900   -0.0001086400
   0.0006051600    0.0000782000   -0.0001619600
   0.0006056500   -0.0003764900   -0.0002214200
   0.0451429800    0.0140181200    0.0171559400
  -0.0002125000    0.0001197700   -0.0009923200
   0.0223361200   -0.0056618900   -0.0023334900
   0.0006396100   -0.0002022300    0.0009062700
  -0.0004235300   -0.0003954200   -0.0002736400
   0.0000362300    0.0002406000   -0.0003154800
   0.0002086500    0.0003123800   -0.0005080200
   0.0005765500    0.0005155100   -0.0001532600
   0.0056492000   -0.0071155000   -0.0032676100
  -0.0003337900   -0.0000791800    0.0011315800
   0.0041673700    0.0038792200   -0.0006215700
   0.0003331300    0.0005047700    0.0009769400
   0.0026955500    0.0071964200    0.0033020000
  -0.0003082400    0.0001500100    0.0004058300
  -0.0001035100   -0.0017319900    0.0008178100
   0.0006470800   -0.0000348300    0.0000296200

49   
 -0.0100000000000000   0.0000000000000000  -0.0000000000000000
  -0.0060586700   -0.0020052100    0.0037698200
  -0.0171272400    0.0027652100    0.0060561800
   0.0033793100    0.0008175600   -0.0021962900
   0.0122759000    0.0042706500    0.0051420500
  -0.0010926100    0.0025604800    0.0011437700
  -0.0022623100    0.0015977300   -0.0004605700
   0.0013425700   -0.0000729200   -0.0002110100
   0.0032635700   -0.0030304700   -0.0002230400
  -0.0170983500   -0.0155910200   -0.0114151000
  -0.0037149300    0.0007615000   -0.0015853700
   0.0078839800   -0.0010186600   -0.0028698900
   0.0035372500    0.0007560200    0.0035114400
  -0.0027298800   -0.0003614900    0.0010220800
  -0.0011789000   -0.0010574400   -0.0021593900
   0.0043783300    0.0010721700   -0.0012499000
   0.0011054700    0.0003564800    0.0008349500
  -0.0305691600   -0.0109703200    0.0097671900
  -0.0025873400    0.0016095600    0.0005977800
   0.0111365900   -0.0046356000    0.0051729400
   0.0033554100   -0.0011347900   -0.0006372900
  -0.0042654100   -0.0020288600   -0.0019024000
  -0.0012367900   -0.0010459200    0.0013399200
   0.0023817100    0.0020769100    0.0004373000
   0.0012315700    0.0003651800    0.0003271900
  -0.0185949800    0.0059279200   -0.0053301700
  -0.0015831000   -0.0021736700   -0.0011362000
   0.0077944600    0.0046962300   -0.0032081500
   0.0038502600   -0.0002873800    0.0018261700
  -0.0040931500    0.0014858800    0.0025356000
  -0.0007944200    0.0011815900   -0.0015827900
   0.0033913400   -0.0016390500   -0.0002615400
   0.0006859200   -0.0001911300   -0.0000550100
  -0.0101000300    0.0072606300   -0.0137868000
  -0.0018379900   -0.0020895400    0.0032154100
  -0.0060078900    0.0031897800    0.0032086900
  -0.0000003200    0.0002611900   -0.0027164400
   0.0001524900   -0.0005578000   -0.0003942500
   0.0000538200    0.0002928200   -0.0001293400
  -0.0002993500    0.0002541000    0.0000504400
  -0.0001675200    0.0006505200   -0.0008770900
  -0.0059581000   -0.0017188100   -0.0076858700
  -0.0002318900   -0.0023737200    0.0025882800
  -0.0002977500    0.0009803100    0.0013525900
  -0.0117419500    0.0027966500   -0.0044699100
   0.0008069200    0.0006320000    0.0002506100
  -0.0028837200    0.0061714700    0.0011845900
  -0.0005004700   -0.0001087600    0.0010297800
  -0.0002396300   -0.0014573900   -0.0007603700
   0.1433708700    0.0163115800    0.0219227100
   0.0013073300   -0.0001964000    0.0001167200
  -0.0057836500   -0.0008652400    0.0001148400
  -0.0012119100   -0.0001990600   -0.0008655200
   0.0010665700   -0.0004352100   -0.0007172500
   0.0009428300   -0.0000810800   -0.0002390300
  -0.0009633100   -0.0000040100   -0.0000379600
  -0.0002876900   -0.0003072000   -0.0003237600
   0.0084162400   -0.0023587400    0.0029426800
   0.0010757700   -0.0001691000   -0.0003075900
  -0.0029797600   -0.0002291200   -0.0000080100
  -0.0006773700   -0.0002076700   -0.0001296500
   0.0084143500    0.0017594700   -0.0005616000
   0.0010762400    0.0001497500    0.0005470000
  -0.0029819600    0.0002450300    0.0005258300
  -0.0006780300   -0.0002948700    0.0004656800
   0.0042098600   -0.0022704500   -0.0010675200
   0.0029800600    0.0015880500   -0.0020214100
  -0.0018328500   -0.0000962100    0.0005539400
  -0.0028141900   -0.0000847500    0.0004303000
   0.0041677900   -0.0030971800    0.0032415200
   0.0029998300    0.0011225200    0.0009736500
  -0.0018355000    0.0010477100   -0.0005423500
  -0.0028038900   -0.0015045700   -0.0007904200
   0.0065090200    0.0015667900    0.0086283300
   0.0065071500   -0.0019544300   -0.0050606300
  -0.0033847500   -0.0007871200   -0.0005512600
  -0.0033842800    0.0003083000    0.0003116200
   0.0006046500   -0.0008481500    0.0001887600
   0.0006054000    0.0000488600   -0.0003868200
  -0.0009931400   -0.0004061800   -0.0003311100
  -0.0009926200    0.0000501500   -0.0002695200
  -0.0440941300   -0.0134292800   -0.0176449500
   0.0003912600    0.0001459100    0.0001369800
  -0.0224825300    0.0060485000    0.0015572100
  -0.0004448600    0.0004690000   -0.0017664800
   0.0006073900    0.0006590900   -0.0005803500
   0.0001535300    0.0000286900   -0.0005425400
  -0.0000100300   -0.0000451800   -0.0003446800
  -0.0003831500   -0.0002432200   -0.0007037700
  -0.0054043700    0.0073095800    0.0040951500
   0.0005162400    0.0003498500   -0.0002673400
  -0.0039871700   -0.0036321500    0.0014685000
  -0.0001335400   -0.0002334800   -0.0001163800
  -0.0024888300   -0.0068961600   -0.0024169100
   0.0004927300    0.0001121200    0.0004515900
   0.0003138800    0.0020086600    0.0000373000
  -0.0004485000    0.0003059300    0.0008238900

49   
 -0.0000000000000000  -0.0100000000000000  -0.0000000000000000
  -0.0004622000   -0.0025173400   -0.0017020700
   0.0036523500   -0.0254505300   -0.0078403500
   0.0017118100   -0.0002118400   -0.0029076300
   0.0031333300   -0.0003043600    0.0029364000
  -0.0005024100    0.0053977700    0.0018178100
   0.0041993600    0.0086120800   -0.0061726300
   0.0002877400    0.0012452400    0.0006743400
  -0.0014447800    0.0048175500    0.0003745300
  -0.0076861500   -0.0409016800   -0.0149737200
   0.0006479800   -0.0048160000   -0.0012871300
  -0.0020436700   -0.0067676300    0.0024562600
  -0.0013699400   -0.0035251100   -0.0032546800
  -0.0035788000    0.0079047000   -0.0056956100
   0.0004160400    0.0037432500    0.0029431400
   0.0026291800    0.0038842600   -0.0016520600
   0.0004607900    0.0021523400    0.0008445500
  -0.0083833700   -0.0333669400    0.0053066800
   0.0006784500   -0.0019745800    0.0018286400
  -0.0021313600   -0.0005520100   -0.0023344000
  -0.0026529600   -0.0005174700    0.0021277900
  -0.0051170400    0.0089770800    0.0033891600
  -0.0007365100    0.0024707000   -0.0010766400
   0.0013429000    0.0040820800    0.0004699300
   0.0001795200    0.0016032000   -0.0001243800
  -0.0042250500   -0.0281893700    0.0023981700
  -0.0016233000   -0.0031192900    0.0012030000
   0.0018714900   -0.0064559800   -0.0014951800
   0.0044630600   -0.0042158000    0.0020929000
   0.0044844800    0.0080228800    0.0043907600
   0.0001242400    0.0031364000   -0.0013459200
  -0.0029103000    0.0037796700   -0.0005710600
  -0.0004685700    0.0021711900   -0.0003160200
   0.0035126300    0.0053557200    0.0042842300
   0.0027709100    0.0053658200   -0.0059759100
  -0.0078379300    0.0073794700    0.0031181500
  -0.0004659800    0.0015982500   -0.0013699600
   0.0003907900   -0.0027580300   -0.0001250900
  -0.0005531400   -0.0020686100    0.0010091300
   0.0019425400   -0.0019503000   -0.0011765600
   0.0001875300   -0.0012616400   -0.0000463400
  -0.0098214900   -0.0034931900   -0.0147492600
  -0.0022554200    0.0002964100    0.0026356800
   0.0003916300    0.0008851700   -0.0000306800
   0.0135085200   -0.0032681500    0.0066201400
   0.0010182400    0.0000317700    0.0012560500
   0.0035374900   -0.0072074100   -0.0006341600
  -0.0002141200   -0.0004608200    0.0009712100
  -0.0015614900   -0.0000952400   -0.0008900200
   0.0167848900    0.1763633700    0.0272479400
   0.0001677900    0.0011713100   -0.0006622700
  -0.0004949400    0.0022461100    0.0002374800
   0.0001603900    0.0018258000   -0.0002344900
  -0.0000687300   -0.0084135400   -0.0004389700
   0.0002786100   -0.0016620100   -0.0009230900
   0.0003550900   -0.0020448700   -0.0004635100
   0.0000509500   -0.0012040100   -0.0003913600
   0.0022323500   -0.0369061900    0.0035560400
   0.0005118500   -0.0001402400   -0.0004538500
   0.0005957600   -0.0004090200    0.0001249500
   0.0000634400   -0.0005149800    0.0001297000
  -0.0020560800   -0.0361153200    0.0004151200
   0.0001871100   -0.0001507000    0.0002553300
   0.0001360200   -0.0004189900    0.0003819000
   0.0001513000   -0.0005183300    0.0003259600
   0.0027423600   -0.0023224900   -0.0028357900
  -0.0014776500   -0.0014247000    0.0036508400
  -0.0014054400   -0.0005186600    0.0000377000
   0.0011582600   -0.0007453100    0.0008198700
   0.0018982100   -0.0023386400    0.0045958400
  -0.0019475700   -0.0014378600   -0.0028065100
  -0.0002621000   -0.0005242900    0.0010488000
  -0.0002787600   -0.0007561800   -0.0006289200
   0.0015782800    0.0088884400   -0.0010221900
  -0.0019389500    0.0088768500    0.0003948900
  -0.0006676200    0.0019820800    0.0003960900
   0.0004225800    0.0019824000   -0.0002894300
  -0.0004087300   -0.0028891100   -0.0004201900
   0.0004887800   -0.0028878800   -0.0007779600
  -0.0004076100   -0.0016599200   -0.0004226800
   0.0000468000   -0.0016601500   -0.0004451600
  -0.0161735500    0.0072043900   -0.0078417400
   0.0006442000    0.0011462200   -0.0001728200
   0.0081597900    0.0049937200    0.0009497000
   0.0007267900    0.0015068400   -0.0007491200
   0.0001174700   -0.0036231200    0.0005686000
  -0.0001043100   -0.0008945500   -0.0002492100
  -0.0009528400   -0.0022363700   -0.0003306200
  -0.0007027600   -0.0012642100   -0.0006823700
   0.0083563900   -0.0028968300   -0.0031398000
  -0.0000132300    0.0003656500    0.0012739900
  -0.0064627700   -0.0015484200    0.0035129400
   0.0000257300    0.0006013900   -0.0007857900
  -0.0035753700   -0.0054527300   -0.0006688600
  -0.0001432400   -0.0000567000    0.0001558900
   0.0015044200   -0.0006463400    0.0007523500
   0.0004995900   -0.0003356100   -0.0003963700

49   
  0.0000000000000000   0.0100000000000000   0.0000000000000000
   0.0009111700    0.0026291800    0.0018540500
  -0.0038369200    0.0263732000    0.0090676700
  -0.0012635000    0.0002738800    0.0031166000
  -0.0026595900    0.0003877700   -0.0027237500
   0.0009458900   -0.0053383600   -0.0016149600
  -0.0036951300   -0.0085346900    0.0062791400
   0.0001658900   -0.0011934100   -0.0004744700
   0.0018904600   -0.0047676700   -0.0001904700
   0.0071952600    0.0399544000    0.0132622500
  -0.0002356800    0.0048470800    0.0011075300
   0.0024900000    0.0068241500   -0.0026554100
   0.0018303600    0.0035745700    0.0030681000
   0.0040810300   -0.0078462600    0.0055749500
   0.0000456100   -0.0036754200   -0.0031398200
  -0.0021827600   -0.0038129900    0.0014554400
  -0.0000079600   -0.0020860600   -0.0010385900
   0.0089476800    0.0344252500   -0.0058752300
  -0.0011206600    0.0020834000   -0.0016249500
   0.0016258200    0.0006425800    0.0025118400
   0.0022133300    0.0005779300   -0.0019407400
   0.0045996500   -0.0089115400   -0.0031437600
   0.0002784700   -0.0024250600    0.0012615200
  -0.0017847700   -0.0040253800   -0.0002777900
  -0.0006262100   -0.0015515800    0.0003152000
   0.0046663400    0.0275327000   -0.0017991300
   0.0011959300    0.0031375600   -0.0014123400
  -0.0023299400    0.0064828900    0.0013029800
  -0.0049062400    0.0042561900   -0.0022749600
  -0.0050083700   -0.0079575600   -0.0046217200
  -0.0005807900   -0.0030710500    0.0011679700
   0.0024631100   -0.0037024400    0.0003722900
   0.0000177400   -0.0021041200    0.0001261300
  -0.0036467500   -0.0051440900   -0.0050787500
  -0.0029872900   -0.0051572000    0.0051695000
   0.0077069800   -0.0071865400   -0.0039914400
   0.0002684200   -0.0013272100    0.0005073600
  -0.0005888900    0.0030351500   -0.0007362300
   0.0003484300    0.0023309700   -0.0018453900
  -0.0021104100    0.0022127800    0.0003091200
  -0.0003777400    0.0015327600   -0.0008076500
   0.0095720000    0.0036952000    0.0154910500
   0.0020555200   -0.0000104000   -0.0017695000
  -0.0005902100   -0.0006119600    0.0008811800
  -0.0136472400    0.0034892800   -0.0057528300
  -0.0012156100    0.0002188900   -0.0004135100
  -0.0037077100    0.0074521500    0.0014812300
   0.0000258000    0.0007303000   -0.0001170100
   0.0013935400    0.0003444300    0.0017506100
  -0.0167235500   -0.1761618800   -0.0272054200
   0.0002310500   -0.0014979300    0.0001733300
   0.0008918700   -0.0025629200   -0.0007207500
   0.0002272100   -0.0021544300   -0.0002605600
   0.0004624300    0.0080759300   -0.0000581000
   0.0001116300    0.0013325900    0.0004312700
   0.0000354000    0.0017118400   -0.0000274600
   0.0003383800    0.0008744000   -0.0001009300
  -0.0018206200    0.0357546800   -0.0030035500
  -0.0001180000   -0.0001797000    0.0009427700
  -0.0002037200    0.0000846300    0.0003715700
   0.0003242800    0.0001907600    0.0003585600
   0.0024677300    0.0365437000    0.0000749900
   0.0002012200   -0.0001900100    0.0002398200
   0.0002580200    0.0000747400    0.0001140300
   0.0002383900    0.0001876400    0.0001643400
  -0.0031390500    0.0020148200    0.0033243300
   0.0010928100    0.0011097600   -0.0031550800
   0.0010127100    0.0001920000    0.0004504300
  -0.0015467700    0.0004244800   -0.0003292600
  -0.0022940200    0.0019987900   -0.0041189600
   0.0015684100    0.0010967000    0.0033138100
  -0.0001236200    0.0001864500   -0.0005537800
  -0.0001148100    0.0004136800    0.0011134500
  -0.0019988800   -0.0092169800    0.0007198400
   0.0015172200   -0.0092287400   -0.0010839600
   0.0002909500   -0.0023032200   -0.0008829900
  -0.0008186000   -0.0023028800   -0.0002085400
   0.0000208400    0.0025587900   -0.0000818900
  -0.0008772900    0.0025601700    0.0003003900
   0.0000192200    0.0013288200   -0.0000715600
  -0.0004372900    0.0013285600   -0.0000450600
   0.0162340800   -0.0071082200    0.0069297400
  -0.0004667300   -0.0008806300   -0.0006852400
  -0.0079035300   -0.0048016300   -0.0018337200
  -0.0005253200   -0.0012307400   -0.0000908700
   0.0000900200    0.0038970200   -0.0014225100
   0.0002947900    0.0011655800   -0.0006105300
   0.0011308200    0.0025005100   -0.0005281200
   0.0008911000    0.0015305000   -0.0001763000
  -0.0081176100    0.0031691900    0.0039844500
   0.0002006900   -0.0000882500   -0.0004119900
   0.0066301200    0.0018190400   -0.0026416400
   0.0001728500   -0.0003275400    0.0016360800
   0.0037653900    0.0056904800    0.0014946600
   0.0003305000    0.0003149000    0.0006987300
  -0.0013328700    0.0008988200    0.0001063800
  -0.0003119100    0.0006020400    0.0012525000
