     # Chirality               0               0               0
            # k            phase           phase           phase
      0.00000000      0.99998724      0.99998569      0.00000181      0.00000003      0.00000004      0.00000006      0.00000006      0.00000006      0.00000006      0.00000006      0.00000007      0.00000014      0.00000015      0.00000018      0.00000018      0.00000018      0.00000018      0.00000018      0.00000019      0.99998540      0.00000003      0.00000004      0.00000006      0.00000006      0.00000006      0.00000006      0.00000006      0.00000006      0.00000014      0.00000014      0.00000018      0.00000018      0.00000018      0.00000018      0.00000018      0.00000018      0.99998387      0.00000001      0.00000003      0.00000004      0.00000006      0.00000006      0.00000006      0.00000006      0.00000006      0.00000006      0.00000013      0.00000014      0.00000017      0.00000018      0.00000018      0.00000018      0.00000018      0.00000018
      0.02040816      0.99987204      0.99985701      0.00001357      0.00000032      0.00000040      0.00000061      0.00000062      0.00000062      0.00000063      0.00000064      0.00000066      0.00000137      0.00000154      0.00000177      0.00000179      0.00000181      0.00000182      0.00000183      0.00000186      0.99985374      0.00000034      0.00000041      0.00000062      0.00000062      0.00000063      0.00000063      0.00000063      0.00000064      0.00000141      0.00000145      0.00000179      0.00000179      0.00000182      0.00000182      0.00000182      0.00000182      0.99983879      0.00000032      0.00000040      0.00000059      0.00000061      0.00000063      0.00000063      0.00000064      0.00000065      0.00000132      0.00000139      0.00000174      0.00000178      0.00000180      0.00000180      0.00000182      0.00000183      0.99999562
      0.04081633      0.99974476      0.99971452      0.00001684      0.00000064      0.00000080      0.00000121      0.00000123      0.00000125      0.00000125      0.00000128      0.00000131      0.00000274      0.00000308      0.00000353      0.00000357      0.00000362      0.00000364      0.00000365      0.00000372      0.99970823      0.00000068      0.00000082      0.00000123      0.00000123      0.00000125      0.00000125      0.00000126      0.00000128      0.00000281      0.00000288      0.00000357      0.00000358      0.00000362      0.00000363      0.00000364      0.00000364      0.99967816      0.00000064      0.00000084      0.00000118      0.00000122      0.00000125      0.00000125      0.00000128      0.00000129      0.00000263      0.00000282      0.00000348      0.00000355      0.00000359      0.00000360      0.00000363      0.00000365      0.99998092
      0.06122449      0.99961835      0.99957328      0.00000929      0.00000096      0.00000120      0.00000181      0.00000184      0.00000186      0.00000187      0.00000191      0.00000196      0.00000410      0.00000460      0.00000528      0.00000534      0.00000541      0.00000544      0.00000546      0.00000556      0.99956375      0.00000102      0.00000123      0.00000184      0.00000184      0.00000187      0.00000187      0.00000189      0.00000191      0.00000419      0.00000431      0.00000534      0.00000534      0.00000542      0.00000542      0.00000544      0.00000544      0.99951892      0.00000097      0.00000132      0.00000177      0.00000183      0.00000187      0.00000187      0.00000192      0.00000194      0.00000392      0.00000429      0.00000521      0.00000532      0.00000536      0.00000538      0.00000543      0.00000546      0.99995544
      0.08163265      0.99949365      0.99943377      0.99999012      0.00000128      0.00000159      0.00000240      0.00000244      0.00000247      0.00000249      0.00000254      0.00000260      0.00000544      0.00000611      0.00000700      0.00000708      0.00000718      0.00000721      0.00000724      0.00000738      0.99942119      0.00000135      0.00000163      0.00000244      0.00000244      0.00000248      0.00000248      0.00000251      0.00000253      0.00000556      0.00000572      0.00000708      0.00000709      0.00000719      0.00000720      0.00000722      0.00000722      0.99936164      0.00000129      0.00000182      0.00000235      0.00000243      0.00000248      0.00000249      0.00000255      0.00000258      0.00000520      0.00000580      0.00000691      0.00000706      0.00000712      0.00000714      0.00000721      0.00000724      0.99991845
      0.10204082      0.99937102      0.99929658      0.99995819      0.00000159      0.00000198      0.00000299      0.00000303      0.00000307      0.00000309      0.00000315      0.00000322      0.00000676      0.00000759      0.00000870      0.00000880      0.00000892      0.00000896      0.00000900      0.00000916      0.99928101      0.00000168      0.00000202      0.00000303      0.00000303      0.00000308      0.00000308      0.00000311      0.00000315      0.00000691      0.00000711      0.00000880      0.00000881      0.00000893      0.00000894      0.00000896      0.00000897      0.99920698      0.00000161      0.00000234      0.00000292      0.00000302      0.00000308      0.00000309      0.00000317      0.00000321      0.00000646      0.00000733      0.00000860      0.00000879      0.00000884      0.00000887      0.00000895      0.00000900      0.99986891
      0.12244898      0.99925096      0.99916231      0.99991200      0.00000189      0.00000236      0.00000356      0.00000361      0.00000366      0.00000368      0.00000376      0.00000384      0.00000805      0.00000904      0.00001036      0.00001048      0.00001063      0.00001067      0.00001071      0.00001091      0.99914376      0.00000200      0.00000240      0.00000361      0.00000361      0.00000366      0.00000367      0.00000371      0.00000375      0.00000823      0.00000847      0.00001048      0.00001049      0.00001063      0.00001065      0.00001067      0.00001068      0.99905560      0.00000192      0.00000287      0.00000348      0.00000360      0.00000367      0.00000368      0.00000377      0.00000384      0.00000770      0.00000887      0.00001025      0.00001048      0.00001053      0.00001056      0.00001066      0.00001072      0.99980538
      0.14285714      0.99913390      0.99903154      0.99984963      0.00000218      0.00000273      0.00000411      0.00000417      0.00000423      0.00000425      0.00000434      0.00000444      0.00000931      0.00001045      0.00001198      0.00001211      0.00001229      0.00001234      0.00001239      0.00001262      0.99900996      0.00000231      0.00000278      0.00000417      0.00000418      0.00000424      0.00000424      0.00000429      0.00000433      0.00000952      0.00000979      0.00001212      0.00001213      0.00001230      0.00001231      0.00001234      0.00001235      0.99890816      0.00000222      0.00000340      0.00000403      0.00000416      0.00000425      0.00000426      0.00000436      0.00000447      0.00000890      0.00001040      0.00001186      0.00001214      0.00001218      0.00001223      0.00001233      0.00001240      0.99972604
      0.16326531      0.99902034      0.99890473      0.99976866      0.00000247      0.00000308      0.00000465      0.00000472      0.00000479      0.00000481      0.00000491      0.00000502      0.00001052      0.00001182      0.00001354      0.00001370      0.00001390      0.00001395      0.00001401      0.00001427      0.99888017      0.00000262      0.00000314      0.00000471      0.00000472      0.00000479      0.00000479      0.00000485      0.00000490      0.00001076      0.00001107      0.00001370      0.00001372      0.00001391      0.00001392      0.00001396      0.00001397      0.99876519      0.00000252      0.00000392      0.00000456      0.00000471      0.00000480      0.00000482      0.00000494      0.00000508      0.00001006      0.00001192      0.00001342      0.00001374      0.00001378      0.00001385      0.00001394      0.00001403      0.99962855
      0.18367347      0.99891092      0.99878252      0.99966611      0.00000275      0.00000343      0.00000517      0.00000525      0.00000532      0.00000535      0.00000546      0.00000558      0.00001170      0.00001314      0.00001506      0.00001523      0.00001545      0.00001551      0.00001557      0.00001586      0.99875509      0.00000291      0.00000350      0.00000524      0.00000525      0.00000533      0.00000533      0.00000539      0.00000545      0.00001197      0.00001231      0.00001523      0.00001525      0.00001546      0.00001548      0.00001552      0.00001553      0.99862739      0.00000280      0.00000443      0.00000508      0.00000524      0.00000534      0.00000535      0.00000549      0.00000567      0.00001119      0.00001340      0.00001493      0.00001529      0.00001532      0.00001544      0.00001550      0.00001561      0.99951003
      0.20408163      0.99880598      0.99866527      0.99953827      0.00000301      0.00000376      0.00000567      0.00000575      0.00000583      0.00000586      0.00000599      0.00000612      0.00001283      0.00001441      0.00001651      0.00001670      0.00001694      0.00001701      0.00001708      0.00001739      0.99863514      0.00000319      0.00000383      0.00000575      0.00000576      0.00000584      0.00000584      0.00000591      0.00000597      0.00001312      0.00001349      0.00001670      0.00001672      0.00001695      0.00001697      0.00001701      0.00001703      0.99849518      0.00000307      0.00000492      0.00000557      0.00000575      0.00000585      0.00000587      0.00000602      0.00000625      0.00001226      0.00001482      0.00001638      0.00001677      0.00001680      0.00001696      0.00001700      0.00001713      0.99936684
      0.22448980      0.99870582      0.99855358      0.99938050      0.00000326      0.00000407      0.00000614      0.00000624      0.00000632      0.00000635      0.00000649      0.00000663      0.00001390      0.00001561      0.00001789      0.00001809      0.00001836      0.00001843      0.00001851      0.00001885      0.99852066      0.00000346      0.00000415      0.00000623      0.00000624      0.00000633      0.00000633      0.00000641      0.00000647      0.00001422      0.00001462      0.00001810      0.00001812      0.00001837      0.00001839      0.00001844      0.00001845      0.99836925      0.00000333      0.00000537      0.00000604      0.00000623      0.00000634      0.00000636      0.00000652      0.00000680      0.00001329      0.00001618      0.00001777      0.00001817      0.00001821      0.00001840      0.00001844      0.00001861      0.99919442
      0.24489796      0.99861102      0.99844783      0.99918690      0.00000350      0.00000437      0.00000659      0.00000669      0.00000679      0.00000682      0.00000696      0.00000712      0.00001492      0.00001676      0.00001920      0.00001942      0.00001970      0.00001978      0.00001986      0.00002023      0.99841230      0.00000371      0.00000446      0.00000668      0.00000670      0.00000679      0.00000680      0.00000688      0.00000694      0.00001526      0.00001570      0.00001943      0.00001945      0.00001971      0.00001974      0.00001979      0.00001980      0.99825000      0.00000358      0.00000580      0.00000649      0.00000669      0.00000681      0.00000683      0.00000700      0.00000733      0.00001426      0.00001745      0.00001907      0.00001951      0.00001955      0.00001975      0.00001980      0.00002002      0.99898695
      0.26530612      0.99852194      0.99834849      0.99894979      0.00000372      0.00000465      0.00000702      0.00000712      0.00000722      0.00000725      0.00000741      0.00000757      0.00001588      0.00001783      0.00002043      0.00002066      0.00002097      0.00002105      0.00002113      0.00002153      0.99831049      0.00000395      0.00000474      0.00000711      0.00000713      0.00000723      0.00000723      0.00000732      0.00000739      0.00001624      0.00001670      0.00002067      0.00002070      0.00002098      0.00002100      0.00002106      0.00002107      0.99813798      0.00000381      0.00000620      0.00000690      0.00000712      0.00000725      0.00000727      0.00000745      0.00000782      0.00001518      0.00001864      0.00002030      0.00002076      0.00002080      0.00002102      0.00002107      0.00002134      0.99873686
      0.28571429      0.99843901      0.99825593      0.99865889      0.00000393      0.00000491      0.00000741      0.00000752      0.00000763      0.00000766      0.00000783      0.00000800      0.00001677      0.00001883      0.00002158      0.00002182      0.00002214      0.00002223      0.00002232      0.00002274      0.99821568      0.00000417      0.00000501      0.00000751      0.00000753      0.00000763      0.00000764      0.00000773      0.00000780      0.00001715      0.00001764      0.00002183      0.00002186      0.00002215      0.00002218      0.00002224      0.00002226      0.99803361      0.00000403      0.00000656      0.00000729      0.00000752      0.00000765      0.00000768      0.00000787      0.00000827      0.00001603      0.00001971      0.00002144      0.00002192      0.00002197      0.00002220      0.00002226      0.00002257      0.99843392
      0.30612245      0.99836231      0.99817067      0.99829987      0.00000413      0.00000515      0.00000777      0.00000789      0.00000800      0.00000804      0.00000821      0.00000839      0.00001759      0.00001975      0.00002264      0.00002289      0.00002323      0.00002332      0.00002342      0.00002385      0.99812803      0.00000437      0.00000525      0.00000788      0.00000790      0.00000801      0.00000801      0.00000811      0.00000819      0.00001799      0.00001851      0.00002290      0.00002293      0.00002324      0.00002327      0.00002333      0.00002335      0.99793744      0.00000423      0.00000688      0.00000765      0.00000789      0.00000803      0.00000805      0.00000826      0.00000867      0.00001682      0.00002067      0.00002249      0.00002300      0.00002305      0.00002329      0.00002335      0.00002367      0.99806389
      0.32653061      0.99829245      0.99809290      0.99785195      0.00000430      0.00000537      0.00000811      0.00000823      0.00000834      0.00000838      0.00000856      0.00000875      0.00001834      0.00002060      0.00002360      0.00002387      0.00002422      0.00002431      0.00002441      0.00002487      0.99804818      0.00000456      0.00000548      0.00000822      0.00000823      0.00000835      0.00000836      0.00000845      0.00000854      0.00001876      0.00001929      0.00002388      0.00002391      0.00002423      0.00002426      0.00002432      0.00002434      0.99784972      0.00000441      0.00000715      0.00000797      0.00000822      0.00000837      0.00000840      0.00000861      0.00000903      0.00001753      0.00002150      0.00002345      0.00002398      0.00002403      0.00002428      0.00002433      0.00002464      0.99760605
      0.34693878      0.99822954      0.99802297      0.99728346      0.00000446      0.00000557      0.00000840      0.00000853      0.00000865      0.00000869      0.00000887      0.00000907      0.00001901      0.00002135      0.00002447      0.00002475      0.00002511      0.00002521      0.00002531      0.00002578      0.99797629      0.00000473      0.00000568      0.00000852      0.00000854      0.00000866      0.00000866      0.00000876      0.00000885      0.00001945      0.00002000      0.00002476      0.00002479      0.00002512      0.00002515      0.00002522      0.00002524      0.99777085      0.00000457      0.00000737      0.00000826      0.00000852      0.00000868      0.00000871      0.00000892      0.00000933      0.00001818      0.00002219      0.00002430      0.00002486      0.00002491      0.00002516      0.00002520      0.00002549      0.99702879
      0.36734694      0.99817392      0.99796125      0.99654335      0.00000460      0.00000575      0.00000867      0.00000880      0.00000892      0.00000896      0.00000915      0.00000936      0.00001961      0.00002202      0.00002524      0.00002553      0.00002590      0.00002600      0.00002611      0.00002659      0.99791273      0.00000487      0.00000586      0.00000879      0.00000880      0.00000893      0.00000893      0.00000904      0.00000913      0.00002006      0.00002063      0.00002553      0.00002556      0.00002591      0.00002594      0.00002601      0.00002603      0.99770122      0.00000472      0.00000753      0.00000852      0.00000879      0.00000895      0.00000898      0.00000920      0.00000958      0.00001875      0.00002271      0.00002505      0.00002564      0.00002569      0.00002591      0.00002598      0.00002623      0.99628114
      0.38775510      0.99812585      0.99790792      0.99554343      0.00000472      0.00000590      0.00000890      0.00000903      0.00000915      0.00000920      0.00000939      0.00000960      0.00002013      0.00002260      0.00002590      0.00002620      0.00002658      0.00002668      0.00002679      0.00002729      0.99785779      0.00000500      0.00000601      0.00000902      0.00000904      0.00000916      0.00000917      0.00000928      0.00000937      0.00002059      0.00002118      0.00002621      0.00002624      0.00002659      0.00002662      0.00002669      0.00002671      0.99764105      0.00000484      0.00000761      0.00000873      0.00000901      0.00000919      0.00000921      0.00000945      0.00000977      0.00001924      0.00002304      0.00002569      0.00002631      0.00002636      0.00002651      0.00002666      0.00002687      0.99527494
      0.40816327      0.99808539      0.99786318      0.99411662      0.00000482      0.00000602      0.00000909      0.00000922      0.00000935      0.00000940      0.00000959      0.00000981      0.00002056      0.00002309      0.00002646      0.00002676      0.00002715      0.00002726      0.00002737      0.00002788      0.99781156      0.00000511      0.00000614      0.00000921      0.00000923      0.00000936      0.00000937      0.00000947      0.00000957      0.00002103      0.00002163      0.00002677      0.00002680      0.00002717      0.00002720      0.00002727      0.00002729      0.99759057      0.00000494      0.00000761      0.00000891      0.00000920      0.00000938      0.00000941      0.00000965      0.00000991      0.00001965      0.00002316      0.00002621      0.00002685      0.00002691      0.00002701      0.00002723      0.00002742      0.99384316
      0.42857143      0.99805288      0.99782728      0.99190190      0.00000490      0.00000613      0.00000924      0.00000938      0.00000951      0.00000955      0.00000976      0.00000998      0.00002091      0.00002348      0.00002691      0.00002721      0.00002761      0.00002772      0.00002783      0.00002835      0.99777440      0.00000520      0.00000624      0.00000937      0.00000939      0.00000952      0.00000953      0.00000964      0.00000973      0.00002139      0.00002200      0.00002722      0.00002726      0.00002763      0.00002766      0.00002773      0.00002775      0.99755005      0.00000502      0.00000748      0.00000905      0.00000935      0.00000954      0.00000957      0.00000981      0.00001001      0.00001998      0.00002306      0.00002662      0.00002724      0.00002735      0.00002743      0.00002769      0.00002786      0.99162483
      0.44897959      0.99802819      0.99780027      0.98794078      0.00000497      0.00000620      0.00000936      0.00000950      0.00000963      0.00000967      0.00000988      0.00001010      0.00002117      0.00002377      0.00002725      0.00002756      0.00002796      0.00002807      0.00002818      0.00002871      0.99774622      0.00000526      0.00000632      0.00000948      0.00000951      0.00000964      0.00000965      0.00000976      0.00000985      0.00002165      0.00002228      0.00002757      0.00002760      0.00002797      0.00002800      0.00002808      0.00002810      0.99751954      0.00000508      0.00000721      0.00000915      0.00000946      0.00000966      0.00000969      0.00000992      0.00001006      0.00002022      0.00002272      0.00002691      0.00002751      0.00002769      0.00002776      0.00002804      0.00002820      0.98766148
      0.46938776      0.99801182      0.99778235      0.97847656      0.00000501      0.00000626      0.00000944      0.00000957      0.00000971      0.00000976      0.00000996      0.00001018      0.00002135      0.00002397      0.00002747      0.00002779      0.00002819      0.00002830      0.00002842      0.00002895      0.99772750      0.00000531      0.00000637      0.00000956      0.00000958      0.00000972      0.00000973      0.00000984      0.00000994      0.00002183      0.00002246      0.00002780      0.00002783      0.00002821      0.00002824      0.00002831      0.00002833      0.99749929      0.00000510      0.00000674      0.00000921      0.00000953      0.00000974      0.00000976      0.00000998      0.00001009      0.00002037      0.00002217      0.00002708      0.00002767      0.00002792      0.00002799      0.00002827      0.00002843      0.97819649
      0.48979592      0.99800346      0.99777352      0.90473263      0.00000503      0.00000628      0.00000947      0.00000961      0.00000975      0.00000980      0.00001000      0.00001023      0.00002143      0.00002407      0.00002759      0.00002790      0.00002831      0.00002842      0.00002854      0.00002907      0.99771797      0.00000533      0.00000640      0.00000960      0.00000962      0.00000976      0.00000977      0.00000988      0.00000998      0.00002192      0.00002256      0.00002791      0.00002794      0.00002832      0.00002835      0.00002843      0.00002845      0.99748929      0.00000502      0.00000598      0.00000924      0.00000956      0.00000977      0.00000980      0.00000999      0.00001010      0.00002039      0.00002139      0.00002714      0.00002773      0.00002804      0.00002810      0.00002839      0.00002854      0.90445344
      0.51020408      0.99800336      0.99777385      0.10421777      0.00000503      0.00000628      0.00000947      0.00000961      0.00000975      0.00000980      0.00001000      0.00001023      0.00002143      0.00002407      0.00002759      0.00002790      0.00002831      0.00002842      0.00002854      0.00002907      0.99771788      0.00000533      0.00000640      0.00000960      0.00000962      0.00000976      0.00000977      0.00000988      0.00000998      0.00002192      0.00002256      0.00002791      0.00002794      0.00002832      0.00002835      0.00002843      0.00002845      0.99748963      0.00000493      0.00000569      0.00000923      0.00000956      0.00000977      0.00000980      0.00000998      0.00001009      0.00002034      0.00002113      0.00002713      0.00002772      0.00002804      0.00002810      0.00002839      0.00002854      0.10393934
      0.53061224      0.99801152      0.99778336      0.02323311      0.00000501      0.00000626      0.00000944      0.00000957      0.00000971      0.00000976      0.00000996      0.00001018      0.00002135      0.00002397      0.00002747      0.00002779      0.00002819      0.00002830      0.00002842      0.00002895      0.99772721      0.00000531      0.00000637      0.00000956      0.00000958      0.00000972      0.00000973      0.00000984      0.00000994      0.00002183      0.00002246      0.00002780      0.00002783      0.00002821      0.00002824      0.00002831      0.00002833      0.99750031      0.00000490      0.00000553      0.00000919      0.00000952      0.00000972      0.00000976      0.00000993      0.00001005      0.00002023      0.00002094      0.00002701      0.00002760      0.00002792      0.00002798      0.00002827      0.00002841      0.02295614
      0.55102041      0.99802775      0.99780193      0.01336614      0.00000497      0.00000620      0.00000936      0.00000950      0.00000963      0.00000967      0.00000988      0.00001010      0.00002117      0.00002377      0.00002725      0.00002756      0.00002796      0.00002807      0.00002818      0.00002871      0.99774577      0.00000526      0.00000632      0.00000948      0.00000951      0.00000964      0.00000965      0.00000976      0.00000985      0.00002166      0.00002228      0.00002757      0.00002760      0.00002797      0.00002800      0.00002808      0.00002810      0.99752120      0.00000485      0.00000539      0.00000911      0.00000944      0.00000963      0.00000968      0.00000985      0.00000997      0.00002005      0.00002071      0.00002678      0.00002737      0.00002769      0.00002775      0.00002804      0.00002817      0.01309167
      0.57142857      0.99805217      0.99782954      0.00926992      0.00000490      0.00000613      0.00000924      0.00000938      0.00000951      0.00000955      0.00000976      0.00000998      0.00002091      0.00002348      0.00002691      0.00002721      0.00002761      0.00002772      0.00002783      0.00002835      0.99777369      0.00000520      0.00000624      0.00000937      0.00000939      0.00000952      0.00000953      0.00000964      0.00000973      0.00002139      0.00002200      0.00002722      0.00002726      0.00002763      0.00002766      0.00002773      0.00002775      0.99755230      0.00000477      0.00000526      0.00000900      0.00000932      0.00000951      0.00000956      0.00000972      0.00000984      0.00001978      0.00002042      0.00002645      0.00002703      0.00002734      0.00002741      0.00002769      0.00002782      0.00899901
      0.59183673      0.99808449      0.99786608      0.00697197      0.00000482      0.00000603      0.00000909      0.00000922      0.00000935      0.00000940      0.00000959      0.00000981      0.00002056      0.00002309      0.00002646      0.00002676      0.00002715      0.00002726      0.00002737      0.00002788      0.99781066      0.00000511      0.00000614      0.00000921      0.00000923      0.00000936      0.00000937      0.00000947      0.00000957      0.00002103      0.00002164      0.00002677      0.00002680      0.00002717      0.00002720      0.00002727      0.00002729      0.99759347      0.00000468      0.00000513      0.00000884      0.00000917      0.00000934      0.00000940      0.00000956      0.00000968      0.00001943      0.00002007      0.00002601      0.00002657      0.00002689      0.00002695      0.00002722      0.00002735      0.00670568
      0.61224490      0.99812479      0.99791134      0.00547632      0.00000472      0.00000590      0.00000890      0.00000903      0.00000915      0.00000920      0.00000939      0.00000960      0.00002013      0.00002260      0.00002590      0.00002620      0.00002658      0.00002668      0.00002679      0.00002729      0.99785673      0.00000500      0.00000601      0.00000902      0.00000904      0.00000916      0.00000917      0.00000928      0.00000937      0.00002059      0.00002118      0.00002621      0.00002624      0.00002659      0.00002662      0.00002669      0.00002671      0.99764447      0.00000457      0.00000501      0.00000866      0.00000897      0.00000914      0.00000920      0.00000936      0.00000947      0.00001901      0.00001964      0.00002546      0.00002601      0.00002632      0.00002638      0.00002665      0.00002678      0.00521569
      0.63265306      0.99817281      0.99796515      0.00441186      0.00000460      0.00000575      0.00000867      0.00000880      0.00000892      0.00000896      0.00000915      0.00000936      0.00001961      0.00002202      0.00002524      0.00002552      0.00002590      0.00002600      0.00002611      0.00002659      0.99791162      0.00000487      0.00000585      0.00000879      0.00000880      0.00000893      0.00000893      0.00000904      0.00000913      0.00002006      0.00002064      0.00002553      0.00002556      0.00002591      0.00002594      0.00002601      0.00002603      0.99770511      0.00000445      0.00000487      0.00000843      0.00000874      0.00000891      0.00000897      0.00000912      0.00000923      0.00001851      0.00001914      0.00002481      0.00002535      0.00002565      0.00002570      0.00002597      0.00002609      0.00415794
      0.65306122      0.99822830      0.99802735      0.00360833      0.00000446      0.00000557      0.00000840      0.00000853      0.00000865      0.00000869      0.00000887      0.00000907      0.00001901      0.00002135      0.00002447      0.00002475      0.00002511      0.00002521      0.00002531      0.00002578      0.99797505      0.00000473      0.00000568      0.00000852      0.00000854      0.00000866      0.00000866      0.00000876      0.00000885      0.00001945      0.00002001      0.00002476      0.00002479      0.00002512      0.00002515      0.00002522      0.00002524      0.99777523      0.00000431      0.00000473      0.00000818      0.00000848      0.00000863      0.00000869      0.00000884      0.00000895      0.00001793      0.00001857      0.00002405      0.00002457      0.00002487      0.00002492      0.00002518      0.00002529      0.00336214
      0.67346939      0.99829109      0.99809761      0.00297668      0.00000430      0.00000538      0.00000811      0.00000823      0.00000834      0.00000838      0.00000856      0.00000875      0.00001834      0.00002059      0.00002360      0.00002387      0.00002422      0.00002431      0.00002441      0.00002487      0.99804683      0.00000456      0.00000547      0.00000822      0.00000823      0.00000835      0.00000836      0.00000845      0.00000854      0.00001876      0.00001930      0.00002388      0.00002391      0.00002423      0.00002426      0.00002432      0.00002434      0.99785444      0.00000416      0.00000458      0.00000789      0.00000817      0.00000833      0.00000838      0.00000853      0.00000863      0.00001729      0.00001792      0.00002320      0.00002370      0.00002398      0.00002404      0.00002428      0.00002440      0.00273920
      0.69387755      0.99836085      0.99817564      0.00246583      0.00000413      0.00000516      0.00000777      0.00000789      0.00000800      0.00000804      0.00000821      0.00000839      0.00001759      0.00001975      0.00002264      0.00002289      0.00002323      0.00002332      0.00002342      0.00002385      0.99812657      0.00000437      0.00000525      0.00000788      0.00000790      0.00000801      0.00000801      0.00000811      0.00000819      0.00001799      0.00001851      0.00002290      0.00002293      0.00002324      0.00002327      0.00002333      0.00002335      0.99794241      0.00000399      0.00000441      0.00000756      0.00000784      0.00000799      0.00000804      0.00000818      0.00000828      0.00001657      0.00001720      0.00002225      0.00002273      0.00002300      0.00002305      0.00002329      0.00002340      0.00223803
      0.71428571      0.99843743      0.99826112      0.00204442      0.00000393      0.00000492      0.00000741      0.00000752      0.00000763      0.00000766      0.00000783      0.00000800      0.00001677      0.00001883      0.00002158      0.00002182      0.00002214      0.00002223      0.00002232      0.00002274      0.99821410      0.00000417      0.00000500      0.00000751      0.00000753      0.00000763      0.00000764      0.00000773      0.00000780      0.00001715      0.00001765      0.00002183      0.00002186      0.00002215      0.00002218      0.00002224      0.00002226      0.99803878      0.00000381      0.00000422      0.00000721      0.00000747      0.00000761      0.00000767      0.00000780      0.00000789      0.00001579      0.00001641      0.00002121      0.00002167      0.00002193      0.00002198      0.00002220      0.00002230      0.00182723
      0.73469388      0.99852041      0.99835379      0.00169203      0.00000372      0.00000465      0.00000702      0.00000712      0.00000722      0.00000725      0.00000741      0.00000757      0.00001588      0.00001783      0.00002043      0.00002066      0.00002097      0.00002105      0.00002113      0.00002153      0.99830895      0.00000395      0.00000474      0.00000711      0.00000713      0.00000723      0.00000723      0.00000732      0.00000739      0.00001624      0.00001671      0.00002067      0.00002070      0.00002098      0.00002100      0.00002106      0.00002107      0.99814328      0.00000361      0.00000402      0.00000683      0.00000708      0.00000721      0.00000726      0.00000738      0.00000747      0.00001495      0.00001556      0.00002009      0.00002052      0.00002076      0.00002081      0.00002102      0.00002112      0.00148635
      0.75510204      0.99860946      0.99845313      0.00139472      0.00000350      0.00000437      0.00000659      0.00000669      0.00000679      0.00000682      0.00000696      0.00000712      0.00001492      0.00001675      0.00001920      0.00001942      0.00001970      0.00001978      0.00001986      0.00002023      0.99841075      0.00000371      0.00000445      0.00000668      0.00000670      0.00000679      0.00000680      0.00000688      0.00000694      0.00001526      0.00001570      0.00001943      0.00001945      0.00001971      0.00001974      0.00001979      0.00001980      0.99825530      0.00000340      0.00000380      0.00000642      0.00000665      0.00000677      0.00000682      0.00000694      0.00000702      0.00001405      0.00001463      0.00001888      0.00001929      0.00001951      0.00001955      0.00001975      0.00001985      0.00120139
      0.77551020      0.99870436      0.99855880      0.00114247      0.00000326      0.00000408      0.00000614      0.00000624      0.00000632      0.00000635      0.00000649      0.00000663      0.00001390      0.00001561      0.00001789      0.00001809      0.00001836      0.00001843      0.00001851      0.00001885      0.99851920      0.00000346      0.00000415      0.00000623      0.00000624      0.00000633      0.00000633      0.00000641      0.00000647      0.00001422      0.00001463      0.00001810      0.00001812      0.00001837      0.00001839      0.00001844      0.00001845      0.99837446      0.00000317      0.00000356      0.00000598      0.00000620      0.00000631      0.00000636      0.00000647      0.00000655      0.00001309      0.00001365      0.00001759      0.00001797      0.00001818      0.00001822      0.00001841      0.00001849      0.00096229
      0.79591837      0.99880445      0.99867036      0.00092783      0.00000301      0.00000376      0.00000567      0.00000575      0.00000583      0.00000586      0.00000599      0.00000612      0.00001283      0.00001440      0.00001651      0.00001670      0.00001694      0.00001701      0.00001708      0.00001739      0.99863360      0.00000319      0.00000383      0.00000575      0.00000576      0.00000584      0.00000584      0.00000591      0.00000597      0.00001312      0.00001350      0.00001670      0.00001672      0.00001695      0.00001697      0.00001701      0.00001703      0.99850027      0.00000293      0.00000331      0.00000552      0.00000572      0.00000583      0.00000586      0.00000597      0.00000604      0.00001208      0.00001260      0.00001623      0.00001658      0.00001677      0.00001681      0.00001698      0.00001706      0.00076154
      0.81632653      0.99890952      0.99878734      0.00074499      0.00000274      0.00000343      0.00000517      0.00000525      0.00000532      0.00000535      0.00000546      0.00000558      0.00001170      0.00001314      0.00001506      0.00001523      0.00001545      0.00001551      0.00001558      0.00001586      0.99875369      0.00000291      0.00000349      0.00000524      0.00000525      0.00000533      0.00000533      0.00000539      0.00000545      0.00001197      0.00001232      0.00001523      0.00001525      0.00001546      0.00001548      0.00001552      0.00001553      0.99863220      0.00000267      0.00000303      0.00000503      0.00000522      0.00000532      0.00000535      0.00000544      0.00000551      0.00001102      0.00001150      0.00001480      0.00001513      0.00001530      0.00001533      0.00001549      0.00001557      0.00059328
      0.83673469      0.99901909      0.99890928      0.00058936      0.00000247      0.00000309      0.00000465      0.00000472      0.00000479      0.00000481      0.00000491      0.00000502      0.00001052      0.00001182      0.00001354      0.00001370      0.00001390      0.00001395      0.00001401      0.00001427      0.99887892      0.00000262      0.00000314      0.00000471      0.00000472      0.00000479      0.00000479      0.00000485      0.00000490      0.00001077      0.00001108      0.00001370      0.00001372      0.00001391      0.00001392      0.00001396      0.00001397      0.99876973      0.00000241      0.00000274      0.00000453      0.00000469      0.00000478      0.00000481      0.00000490      0.00000496      0.00000991      0.00001036      0.00001332      0.00001361      0.00001376      0.00001379      0.00001394      0.00001400      0.00045286
      0.85714286      0.99913267      0.99903570      0.00045721      0.00000218      0.00000273      0.00000411      0.00000417      0.00000423      0.00000425      0.00000434      0.00000444      0.00000931      0.00001045      0.00001198      0.00001211      0.00001229      0.00001234      0.00001239      0.00001262      0.99900873      0.00000231      0.00000278      0.00000417      0.00000418      0.00000424      0.00000424      0.00000429      0.00000433      0.00000952      0.00000980      0.00001212      0.00001213      0.00001230      0.00001231      0.00001234      0.00001235      0.99891231      0.00000213      0.00000244      0.00000400      0.00000415      0.00000423      0.00000425      0.00000433      0.00000438      0.00000877      0.00000916      0.00001177      0.00001203      0.00001217      0.00001220      0.00001232      0.00001238      0.00033650
      0.87755102      0.99924982      0.99916599      0.00034553      0.00000189      0.00000236      0.00000356      0.00000361      0.00000366      0.00000368      0.00000376      0.00000384      0.00000805      0.00000904      0.00001036      0.00001048      0.00001063      0.00001067      0.00001071      0.00001091      0.99914262      0.00000200      0.00000240      0.00000361      0.00000361      0.00000366      0.00000367      0.00000371      0.00000375      0.00000823      0.00000847      0.00001048      0.00001049      0.00001063      0.00001065      0.00001067      0.00001068      0.99905928      0.00000184      0.00000212      0.00000346      0.00000359      0.00000366      0.00000368      0.00000375      0.00000379      0.00000758      0.00000793      0.00001018      0.00001041      0.00001052      0.00001055      0.00001066      0.00001071      0.00024110
      0.89795918      0.99937008      0.99929978      0.00025186      0.00000159      0.00000198      0.00000299      0.00000303      0.00000307      0.00000309      0.00000315      0.00000322      0.00000676      0.00000759      0.00000870      0.00000880      0.00000892      0.00000896      0.00000900      0.00000916      0.99928007      0.00000168      0.00000202      0.00000303      0.00000303      0.00000308      0.00000308      0.00000311      0.00000315      0.00000691      0.00000711      0.00000880      0.00000881      0.00000893      0.00000894      0.00000896      0.00000897      0.99921017      0.00000155      0.00000179      0.00000291      0.00000301      0.00000307      0.00000309      0.00000314      0.00000318      0.00000637      0.00000666      0.00000855      0.00000874      0.00000884      0.00000886      0.00000895      0.00000899      0.00016415
      0.91836735      0.99949294      0.99943635      0.00017426      0.00000128      0.00000160      0.00000240      0.00000244      0.00000247      0.00000249      0.00000254      0.00000260      0.00000544      0.00000611      0.00000700      0.00000708      0.00000718      0.00000721      0.00000724      0.00000738      0.99942049      0.00000135      0.00000162      0.00000244      0.00000244      0.00000248      0.00000248      0.00000251      0.00000253      0.00000556      0.00000573      0.00000708      0.00000709      0.00000719      0.00000720      0.00000722      0.00000722      0.99936422      0.00000125      0.00000144      0.00000234      0.00000243      0.00000248      0.00000249      0.00000253      0.00000256      0.00000513      0.00000536      0.00000688      0.00000703      0.00000711      0.00000713      0.00000720      0.00000724      0.00010364
      0.93877551      0.99961784      0.99957522      0.00011121      0.00000096      0.00000120      0.00000181      0.00000184      0.00000186      0.00000187      0.00000191      0.00000196      0.00000410      0.00000460      0.00000528      0.00000534      0.00000541      0.00000544      0.00000546      0.00000556      0.99956324      0.00000102      0.00000122      0.00000184      0.00000184      0.00000187      0.00000187      0.00000189      0.00000191      0.00000419      0.00000432      0.00000534      0.00000534      0.00000542      0.00000542      0.00000544      0.00000544      0.99952086      0.00000094      0.00000109      0.00000176      0.00000183      0.00000187      0.00000187      0.00000191      0.00000193      0.00000387      0.00000404      0.00000519      0.00000530      0.00000536      0.00000537      0.00000543      0.00000546      0.00005798
      0.95918367      0.99974437      0.99971585      0.00006159      0.00000064      0.00000080      0.00000121      0.00000123      0.00000125      0.00000125      0.00000128      0.00000131      0.00000274      0.00000308      0.00000353      0.00000357      0.00000362      0.00000364      0.00000365      0.00000372      0.99970784      0.00000068      0.00000082      0.00000123      0.00000123      0.00000125      0.00000125      0.00000126      0.00000128      0.00000281      0.00000289      0.00000357      0.00000358      0.00000362      0.00000363      0.00000364      0.00000364      0.99967949      0.00000063      0.00000073      0.00000118      0.00000122      0.00000125      0.00000125      0.00000128      0.00000129      0.00000259      0.00000271      0.00000347      0.00000355      0.00000358      0.00000359      0.00000363      0.00000365      0.00002598
      0.97959184      0.99987189      0.99985770      0.00002466      0.00000032      0.00000040      0.00000061      0.00000062      0.00000062      0.00000063      0.00000064      0.00000066      0.00000137      0.00000154      0.00000177      0.00000179      0.00000181      0.00000182      0.00000183      0.00000186      0.99985359      0.00000034      0.00000041      0.00000062      0.00000062      0.00000063      0.00000063      0.00000063      0.00000064      0.00000141      0.00000145      0.00000179      0.00000179      0.00000182      0.00000182      0.00000182      0.00000182      0.99983948      0.00000032      0.00000037      0.00000059      0.00000061      0.00000063      0.00000063      0.00000064      0.00000065      0.00000129      0.00000135      0.00000173      0.00000178      0.00000180      0.00000180      0.00000182      0.00000183      0.00000683
      1.00000000      0.99998721      0.99998578      0.00000192      0.00000003      0.00000004      0.00000006      0.00000006      0.00000006      0.00000006      0.00000006      0.00000007      0.00000014      0.00000015      0.00000018      0.00000018      0.00000018      0.00000018      0.00000018      0.00000019      0.99998538      0.00000003      0.00000004      0.00000006      0.00000006      0.00000006      0.00000006      0.00000006      0.00000006      0.00000014      0.00000014      0.00000018      0.00000018      0.00000018      0.00000018      0.00000018      0.00000018      0.99998395      0.00000003      0.00000004      0.00000006      0.00000006      0.00000006      0.00000006      0.00000006      0.00000006      0.00000011      0.00000013      0.00000015      0.00000018      0.00000018      0.00000018      0.00000018      0.00000018      0.00000019
