     # Chirality              -1
            # k            phase
      0.00000000      0.99999798      0.99999981      0.99999982      0.99999982      0.99999982      0.99999982      0.99999982      0.99999985      0.99999986      0.99999987      0.99999992      0.99999994      0.99999994      0.99999994      0.99999994      0.99999994      0.99999994      0.99999996      0.99999998
      0.02040816      0.99996963      0.99998835      0.99999818      0.99999819      0.99999820      0.99999821      0.99999822      0.99999825      0.99999858      0.99999874      0.99999904      0.99999937      0.99999937      0.99999937      0.99999938      0.99999939      0.99999941      0.99999962      0.99999976
      0.04081633      0.99991456      0.99995193      0.99999637      0.99999639      0.99999640      0.99999644      0.99999646      0.99999651      0.99999716      0.99999748      0.99999807      0.99999874      0.99999875      0.99999875      0.99999875      0.99999878      0.99999883      0.99999924      0.99999951
      0.06122449      0.99982757      0.99988344      0.99999457      0.99999460      0.99999462      0.99999467      0.99999470      0.99999478      0.99999576      0.99999624      0.99999712      0.99999811      0.99999813      0.99999813      0.99999814      0.99999818      0.99999825      0.99999886      0.99999927
      0.08163265      0.99969295      0.99976707      0.99999280      0.99999283      0.99999286      0.99999293      0.99999297      0.99999307      0.99999438      0.99999501      0.99999618      0.99999749      0.99999751      0.99999752      0.99999753      0.99999758      0.99999768      0.99999849      0.99999904
      0.10204082      0.99947816      0.99957023      0.99999106      0.99999110      0.99999113      0.99999122      0.99999127      0.99999139      0.99999301      0.99999380      0.99999527      0.99999689      0.99999691      0.99999692      0.99999693      0.99999700      0.99999712      0.99999813      0.99999880
      0.12244898      0.99911290      0.99922254      0.99998935      0.99998940      0.99998943      0.99998954      0.99998960      0.99998975      0.99999168      0.99999261      0.99999438      0.99999629      0.99999632      0.99999633      0.99999634      0.99999643      0.99999657      0.99999777      0.99999857
      0.14285714      0.99843539      0.99856213      0.99998769      0.99998774      0.99998778      0.99998790      0.99998797      0.99998815      0.99999039      0.99999146      0.99999351      0.99999571      0.99999575      0.99999576      0.99999577      0.99999587      0.99999604      0.99999742      0.99999835
      0.16326531      0.99707309      0.99721641      0.99998607      0.99998614      0.99998618      0.99998632      0.99998640      0.99998659      0.99998913      0.99999034      0.99999268      0.99999515      0.99999519      0.99999520      0.99999522      0.99999533      0.99999552      0.99999709      0.99999813
      0.18367347      0.99439405      0.99455336      0.99998452      0.99998459      0.99998464      0.99998479      0.99998488      0.99998509      0.99998792      0.99998926      0.99999188      0.99999461      0.99999466      0.99999466      0.99999468      0.99999480      0.99999502      0.99999676      0.99999793
      0.20408163      0.99021469      0.99038932      0.99998302      0.99998310      0.99998316      0.99998333      0.99998342      0.99998366      0.99998675      0.99998823      0.99999112      0.99999409      0.99999414      0.99999415      0.99999417      0.99999430      0.99999454      0.99999645      0.99999773
      0.22448980      0.98529653      0.98548576      0.99998160      0.99998169      0.99998175      0.99998193      0.99998203      0.99998229      0.99998564      0.99998724      0.99999039      0.99999359      0.99999365      0.99999366      0.99999368      0.99999383      0.99999409      0.99999616      0.99999755
      0.24489796      0.98014434      0.98034740      0.99998026      0.99998035      0.99998042      0.99998061      0.99998072      0.99998099      0.99998459      0.99998631      0.99998970      0.99999313      0.99999318      0.99999319      0.99999322      0.99999338      0.99999365      0.99999588      0.99999737
      0.26530612      0.97472599      0.97494206      0.99997899      0.99997909      0.99997916      0.99997937      0.99997948      0.99997977      0.99998360      0.99998543      0.99998904      0.99999269      0.99999275      0.99999276      0.99999278      0.99999295      0.99999325      0.99999561      0.99999721
      0.28571429      0.96881033      0.96903852      0.99997781      0.99997792      0.99997799      0.99997821      0.99997833      0.99997864      0.99998268      0.99998461      0.99998843      0.99999227      0.99999234      0.99999235      0.99999238      0.99999256      0.99999287      0.99999537      0.99999706
      0.30612245      0.96206790      0.96230730      0.99997672      0.99997683      0.99997691      0.99997714      0.99997727      0.99997759      0.99998183      0.99998386      0.99998785      0.99999190      0.99999197      0.99999198      0.99999200      0.99999219      0.99999252      0.99999514      0.99999691
      0.32653061      0.95402745      0.95427708      0.99997573      0.99997584      0.99997593      0.99997617      0.99997630      0.99997663      0.99998105      0.99998317      0.99998731      0.99999155      0.99999162      0.99999163      0.99999166      0.99999186      0.99999220      0.99999493      0.99999678
      0.34693878      0.94394070      0.94419955      0.99997484      0.99997496      0.99997504      0.99997529      0.99997543      0.99997577      0.99998035      0.99998255      0.99998683      0.99999124      0.99999131      0.99999133      0.99999136      0.99999156      0.99999191      0.99999474      0.99999666
      0.36734694      0.93048743      0.93075444      0.99997405      0.99997417      0.99997426      0.99997451      0.99997466      0.99997501      0.99997973      0.99998200      0.99998639      0.99999096      0.99999104      0.99999105      0.99999109      0.99999129      0.99999165      0.99999457      0.99999655
      0.38775510      0.91108738      0.91136147      0.99997336      0.99997349      0.99997358      0.99997384      0.99997399      0.99997436      0.99997919      0.99998153      0.99998600      0.99999073      0.99999081      0.99999082      0.99999085      0.99999107      0.99999143      0.99999442      0.99999646
      0.40816327      0.87981375      0.88009381      0.99997279      0.99997292      0.99997301      0.99997328      0.99997343      0.99997380      0.99997873      0.99998113      0.99998566      0.99999053      0.99999061      0.99999062      0.99999065      0.99999087      0.99999124      0.99999430      0.99999638
      0.42857143      0.82285911      0.82314398      0.99997233      0.99997246      0.99997255      0.99997282      0.99997298      0.99997336      0.99997836      0.99998081      0.99998537      0.99999036      0.99999045      0.99999046      0.99999049      0.99999072      0.99999109      0.99999420      0.99999631
      0.44897959      0.71911781      0.71940633      0.99997198      0.99997211      0.99997221      0.99997248      0.99997264      0.99997302      0.99997808      0.99998057      0.99998515      0.99999024      0.99999033      0.99999034      0.99999038      0.99999060      0.99999098      0.99999412      0.99999625
      0.46938776      0.60474130      0.60503226      0.99997175      0.99997188      0.99997198      0.99997225      0.99997241      0.99997280      0.99997789      0.99998040      0.99998500      0.99999016      0.99999025      0.99999026      0.99999030      0.99999052      0.99999090      0.99999407      0.99999622
      0.48979592      0.52944118      0.52973336      0.99997163      0.99997176      0.99997186      0.99997214      0.99997230      0.99997269      0.99997780      0.99998032      0.99998493      0.99999012      0.99999021      0.99999022      0.99999026      0.99999048      0.99999086      0.99999404      0.99999620
      0.51020408      0.46993037      0.47022256      0.99997163      0.99997176      0.99997186      0.99997214      0.99997230      0.99997269      0.99997780      0.99998032      0.99998492      0.99999012      0.99999021      0.99999022      0.99999026      0.99999048      0.99999086      0.99999404      0.99999620
      0.53061224      0.39493033      0.39522134      0.99997175      0.99997188      0.99997198      0.99997225      0.99997241      0.99997280      0.99997789      0.99998040      0.99998498      0.99999016      0.99999025      0.99999026      0.99999030      0.99999052      0.99999090      0.99999407      0.99999621
      0.55102041      0.28110185      0.28139047      0.99997198      0.99997211      0.99997221      0.99997248      0.99997264      0.99997302      0.99997807      0.99998056      0.99998510      0.99999024      0.99999033      0.99999034      0.99999037      0.99999060      0.99999097      0.99999411      0.99999623
      0.57142857      0.17724418      0.17752925      0.99997233      0.99997246      0.99997255      0.99997282      0.99997298      0.99997336      0.99997834      0.99998080      0.99998527      0.99999036      0.99999045      0.99999046      0.99999049      0.99999071      0.99999108      0.99999419      0.99999627
      0.59183673      0.12000701      0.12028736      0.99997279      0.99997292      0.99997301      0.99997327      0.99997343      0.99997380      0.99997869      0.99998112      0.99998551      0.99999052      0.99999061      0.99999062      0.99999065      0.99999086      0.99999123      0.99999428      0.99999632
      0.61224490      0.08857866      0.08885313      0.99997336      0.99997349      0.99997358      0.99997384      0.99997399      0.99997435      0.99997914      0.99998152      0.99998581      0.99999072      0.99999080      0.99999082      0.99999085      0.99999106      0.99999142      0.99999440      0.99999639
      0.63265306      0.06910288      0.06937034      0.99997404      0.99997417      0.99997425      0.99997451      0.99997466      0.99997501      0.99997967      0.99998199      0.99998617      0.99999096      0.99999104      0.99999105      0.99999108      0.99999128      0.99999163      0.99999454      0.99999647
      0.65306122      0.05561463      0.05587397      0.99997483      0.99997495      0.99997504      0.99997528      0.99997543      0.99997577      0.99998029      0.99998254      0.99998659      0.99999124      0.99999131      0.99999133      0.99999135      0.99999155      0.99999189      0.99999471      0.99999657
      0.67346939      0.04551499      0.04576513      0.99997573      0.99997584      0.99997592      0.99997616      0.99997630      0.99997663      0.99998099      0.99998316      0.99998707      0.99999155      0.99999162      0.99999163      0.99999166      0.99999185      0.99999218      0.99999490      0.99999669
      0.69387755      0.03747573      0.03771565      0.99997672      0.99997683      0.99997691      0.99997713      0.99997727      0.99997759      0.99998176      0.99998385      0.99998760      0.99999189      0.99999196      0.99999198      0.99999200      0.99999218      0.99999250      0.99999511      0.99999682
      0.71428571      0.03074404      0.03097275      0.99997781      0.99997791      0.99997799      0.99997820      0.99997833      0.99997863      0.99998262      0.99998460      0.99998818      0.99999227      0.99999234      0.99999235      0.99999238      0.99999254      0.99999285      0.99999534      0.99999696
      0.73469388      0.02484647      0.02506302      0.99997899      0.99997909      0.99997916      0.99997936      0.99997948      0.99997977      0.99998354      0.99998542      0.99998881      0.99999268      0.99999274      0.99999276      0.99999278      0.99999294      0.99999323      0.99999558      0.99999712
      0.75510204      0.01945235      0.01965584      0.99998025      0.99998035      0.99998041      0.99998060      0.99998072      0.99998099      0.99998454      0.99998630      0.99998949      0.99999312      0.99999318      0.99999319      0.99999322      0.99999337      0.99999364      0.99999585      0.99999729
      0.77551020      0.01432959      0.01451919      0.99998160      0.99998169      0.99998175      0.99998193      0.99998203      0.99998229      0.99998559      0.99998723      0.99999022      0.99999359      0.99999365      0.99999366      0.99999368      0.99999382      0.99999407      0.99999613      0.99999748
      0.79591837      0.00944344      0.00961837      0.99998302      0.99998310      0.99998316      0.99998332      0.99998342      0.99998366      0.99998671      0.99998822      0.99999098      0.99999409      0.99999414      0.99999415      0.99999417      0.99999430      0.99999453      0.99999643      0.99999767
      0.81632653      0.00529228      0.00545183      0.99998451      0.99998459      0.99998464      0.99998479      0.99998488      0.99998509      0.99998788      0.99998926      0.99999177      0.99999461      0.99999465      0.99999466      0.99999468      0.99999480      0.99999501      0.99999675      0.99999788
      0.83673469      0.00263826      0.00278178      0.99998607      0.99998614      0.99998618      0.99998632      0.99998640      0.99998659      0.99998910      0.99999033      0.99999260      0.99999515      0.99999519      0.99999520      0.99999521      0.99999532      0.99999551      0.99999707      0.99999809
      0.85714286      0.00130521      0.00143210      0.99998768      0.99998774      0.99998778      0.99998790      0.99998797      0.99998814      0.99999036      0.99999145      0.99999345      0.99999571      0.99999575      0.99999575      0.99999577      0.99999586      0.99999603      0.99999741      0.99999832
      0.87755102      0.00066114      0.00077089      0.99998935      0.99998940      0.99998943      0.99998954      0.99998960      0.99998975      0.99999167      0.99999261      0.99999434      0.99999629      0.99999632      0.99999633      0.99999634      0.99999642      0.99999657      0.99999776      0.99999855
      0.89795918      0.00033160      0.00042375      0.99999106      0.99999110      0.99999113      0.99999121      0.99999127      0.99999139      0.99999300      0.99999379      0.99999525      0.99999689      0.99999691      0.99999692      0.99999693      0.99999700      0.99999712      0.99999812      0.99999878
      0.91836735      0.00015379      0.00022796      0.99999280      0.99999283      0.99999286      0.99999293      0.99999297      0.99999307      0.99999437      0.99999500      0.99999617      0.99999749      0.99999751      0.99999752      0.99999753      0.99999758      0.99999768      0.99999849      0.99999902
      0.93877551      0.00005692      0.00011282      0.99999457      0.99999460      0.99999462      0.99999467      0.99999470      0.99999478      0.99999575      0.99999623      0.99999712      0.99999811      0.99999813      0.99999813      0.99999814      0.99999818      0.99999825      0.99999886      0.99999927
      0.95918367      0.00000819      0.00004558      0.99999637      0.99999639      0.99999640      0.99999643      0.99999646      0.99999651      0.99999716      0.99999748      0.99999807      0.99999874      0.99999875      0.99999875      0.99999875      0.99999878      0.99999883      0.99999924      0.99999951
      0.97959184      0.99999169      0.00001042      0.99999818      0.99999819      0.99999820      0.99999821      0.99999822      0.99999825      0.99999858      0.99999874      0.99999903      0.99999937      0.99999937      0.99999937      0.99999938      0.99999939      0.99999941      0.99999962      0.99999976
      1.00000000      0.99999815      0.00000003      0.99999982      0.99999982      0.99999982      0.99999982      0.99999982      0.99999982      0.99999986      0.99999987      0.99999990      0.99999994      0.99999994      0.99999994      0.99999994      0.99999994      0.99999994      0.99999996      0.99999998
