-0.316711 -0.300410 -0.126423 2.437472 3.048483 3.140733 3.151324 3.794373 4.023385 4.333313 6.103118 6.441142 6.639012 7.259888 7.571735 8.816426 10.500434 10.542049 10.789088 11.218229 12.156585 12.354873 12.410404 12.583167 14.046534 14.680120 14.842430 15.334477 16.929066 17.760633 18.576192 19.250632 19.424490 20.567286 20.913848 21.513696
-0.268530 -0.183381 0.209555 2.443422 3.052047 3.140083 3.154544 3.793357 4.019910 4.335621 6.100274 6.438730 6.636298 7.259473 7.574270 8.813783 10.507926 10.545301 10.796283 11.218124 12.157035 12.355409 12.418286 12.584858 14.047451 14.676200 14.847057 15.328668 16.927345 17.756360 18.561923 19.245147 19.440156 20.567392 20.911150 21.514351
0.109559 0.144208 0.579462 2.460708 3.062008 3.138288 3.164441 3.790506 4.009729 4.342551 6.091761 6.431584 6.628154 7.258158 7.581948 8.805951 10.529731 10.554982 10.817550 11.218874 12.158364 12.356961 12.437535 12.593806 14.050367 14.664430 14.860818 15.311353 16.922159 17.743536 18.522149 19.228714 19.484129 20.567724 20.903236 21.516155
0.304385 0.388054 0.911126 2.487735 3.076255 3.135807 3.181601 3.786380 3.993650 4.354107 6.077637 6.419963 6.614566 7.255736 7.594962 8.793208 10.564071 10.570872 10.851607 11.223643 12.160521 12.359368 12.454419 12.622331 14.055771 14.644779 14.883378 15.282877 16.913424 17.722153 18.463712 19.201399 19.549585 20.568316 20.890608 21.518660
0.436940 0.584170 1.225276 2.522175 3.091761 3.133438 3.206400 3.781742 3.973332 4.370264 6.057991 6.404263 6.595527 7.251874 7.613571 8.775985 10.592635 10.608656 10.895342 11.237619 12.163405 12.362364 12.455570 12.681882 14.064447 14.617179 14.914238 15.243820 16.901010 17.692201 18.393582 19.163323 19.629586 20.569234 20.874005 21.521211
0.562255 0.762036 1.524454 2.561465 3.105476 3.132396 3.237960 3.777023 3.951985 4.390911 6.032940 6.384943 6.571090 7.246135 7.638004 8.754829 10.619857 10.661405 10.943233 11.267582 12.166868 12.365585 12.441661 12.769715 14.077458 14.581503 14.952815 15.195014 16.884730 17.653684 18.317164 19.114680 19.718764 20.570580 20.854287 21.523051
0.684203 0.929907 1.806244 2.603552 3.114879 3.134542 3.273532 3.771111 3.935692 4.415759 6.002618 6.362405 6.541507 7.238002 7.668348 8.730354 10.652082 10.720882 10.989050 11.319618 12.170692 12.368574 12.418187 12.878299 14.096151 14.537534 14.998511 15.137561 16.864343 17.606631 18.238287 19.055760 19.813327 20.572509 20.832338 21.523405
0.804142 1.090096 2.064557 2.648089 3.117754 3.143017 3.308867 3.760585 3.934053 4.444235 5.967171 6.336758 6.507505 7.226910 7.704442 8.703203 10.688846 10.786275 11.030156 11.394812 12.174586 12.370795 12.388756 13.002011 14.122213 14.484934 15.050778 15.072850 16.839549 17.551112 18.159666 18.986979 19.910571 20.575255 20.808991 21.521544
0.922683 1.243240 2.287069 2.698374 3.112018 3.163831 3.338815 3.743913 3.955592 4.475378 5.926743 6.307392 6.470768 7.212282 7.745799 8.674005 10.729698 10.857092 11.069019 11.488084 12.178167 12.355728 12.371646 13.136367 14.157785 14.423228 15.002563 15.109160 16.809975 17.487254 18.083323 18.908908 20.008412 20.579187 20.784983 21.516818
1.040130 1.389333 2.452732 2.761213 3.096078 3.208914 3.357417 3.727116 4.001650 4.507801 5.881476 6.272383 6.434573 7.193563 7.791592 8.643352 10.774216 10.932839 11.109927 11.591741 12.180943 12.321280 12.370483 13.276824 14.205630 14.351821 14.928640 15.173320 16.775160 17.415252 18.010862 18.822315 20.105010 20.584910 20.760937 21.508674
1.156630 1.528076 2.549182 2.830173 3.069283 3.295554 3.358402 3.720534 4.068679 4.539754 5.831504 6.228455 6.403820 7.170261 7.840708 8.611768 10.822002 11.012813 11.156150 11.698213 12.182294 12.288252 12.366657 13.418112 14.269263 14.270095 14.853164 15.243045 16.734534 17.335381 17.943647 18.728204 20.198389 20.593477 20.737350 21.496650
1.272219 1.659022 2.596898 2.879280 3.031985 3.338345 3.428465 3.731615 4.152222 4.569342 5.776966 6.172765 6.383175 7.141982 7.891850 8.579694 10.872677 11.096008 11.209208 11.799905 12.181442 12.261379 12.359571 13.554162 14.177574 14.352722 14.778175 15.318240 16.687391 17.248003 17.882899 18.627858 20.285924 20.606799 20.714606 21.480377
1.386845 1.781624 2.620974 2.901969 2.985220 3.299830 3.588775 3.760772 4.248188 4.594910 5.718022 6.104949 6.374876 7.108463 7.943689 8.547477 10.925867 11.181132 11.268816 11.887114 12.177410 12.249555 12.348758 13.679041 14.074139 14.459504 14.705425 15.398902 16.632863 17.153572 17.829755 18.522884 20.363658 20.628262 20.692980 21.459567
1.500367 1.895226 2.633916 2.906962 2.930351 3.249049 3.754877 3.803921 4.353056 4.615635 5.654903 6.026520 6.379138 7.069597 7.994998 8.515356 10.981182 11.266544 11.332877 11.947090 12.168969 12.266897 12.333987 13.788803 13.960198 14.590681 14.636178 15.485076 16.569908 17.052634 17.785301 18.415240 20.426341 20.662658 20.672655 21.434005
1.612537 1.998967 2.641151 2.868921 2.901723 3.191884 3.856647 3.912698 4.463740 4.632381 5.588020 5.939340 6.395471 7.025459 8.044771 8.483461 11.038195 11.348920 11.398629 11.975245 12.154618 12.315348 12.321734 13.836724 13.882826 14.571129 14.743633 15.576808 16.497317 16.945823 17.750585 18.307238 20.470718 20.653734 20.712864 21.403544
1.722965 2.091531 2.644951 2.802844 2.891108 3.132750 3.915510 4.051894 4.577250 4.648947 5.518187 5.845096 6.423097 6.976319 8.092294 8.451812 11.096417 11.417025 11.468999 11.986586 12.132666 12.293248 12.405029 13.705192 13.963170 14.510439 14.912822 15.674085 16.413758 16.833880 17.726620 18.201492 20.499601 20.636253 20.775760 21.368097
1.831046 2.170524 2.645652 2.735042 2.879144 3.074870 3.977798 4.161522 4.673291 4.690021 5.447201 5.745405 6.460884 6.922657 8.137163 8.420320 11.155253 11.455993 11.549912 11.999625 12.101533 12.268190 12.504874 13.567447 14.032844 14.453834 15.091709 15.776776 16.317881 16.717666 17.714375 18.100801 20.518951 20.620190 20.845136 21.327636
1.935810 2.231044 2.642063 2.670912 2.870143 3.020696 4.041076 4.230266 4.715498 4.796332 5.379373 5.642144 6.507326 6.865170 8.179260 8.388798 11.213960 11.466119 11.635190 12.023492 12.060213 12.240402 12.615680 13.425596 14.094606 14.400703 15.274126 15.884592 16.208476 16.598203 17.714753 18.007941 20.533365 20.605471 20.916190 21.282187
2.035589 2.263273 2.620695 2.632452 2.868658 2.972207 4.102823 4.254627 4.778191 4.884091 5.325789 5.538062 6.560630 6.804781 8.218703 8.356966 11.271555 11.452247 11.719878 12.008594 12.057830 12.209640 12.735586 13.281924 14.150659 14.350172 15.454766 15.997056 16.084692 16.476698 17.728555 17.925413 20.545470 20.591974 20.986139 21.231839
2.127239 2.254475 2.597353 2.617013 2.878048 2.931145 4.160066 4.243408 4.850038 4.928428 5.310896 5.438293 6.618871 6.742643 8.255780 8.324467 11.326680 11.420685 11.801401 11.947382 12.097559 12.175442 12.863656 13.138818 14.202773 14.301168 15.629214 15.946301 16.113489 16.354503 17.756407 17.855207 20.556701 20.579525 21.053430 21.176747
2.204335 2.204335 2.601081 2.601081 2.899211 2.899211 4.208868 4.208868 4.910154 4.910154 5.354481 5.354481 6.680139 6.680139 8.290887 8.290887 11.377371 11.377371 11.877809 11.877809 12.137733 12.137733 12.998662 12.998662 14.252475 14.252475 15.793933 15.793933 16.233005 16.233005 17.798652 17.798652 20.567882 20.567882 21.117154 21.117154
