96   
18   

1    
  0.0100000000000000   0.0000000000242267   0.0000000002892488
  -0.2255889700   -0.0199865700   -0.0101959700
   0.0250417400   -0.0000057300   -0.0005092700
  -0.0111320600   -0.0006903700    0.0016205600
   0.0092278300   -0.0002334300   -0.0006900300
  -0.0091126000   -0.0022428100    0.0008611400
   0.0089375600    0.0008456500   -0.0003929200
  -0.0019386200   -0.0003742400   -0.0005903400
   0.0042287600   -0.0000812400   -0.0001264500
  -0.0300252900    0.0034264000    0.0019091400
   0.0106250500   -0.0001156000    0.0002516300
  -0.0300328200    0.0018888700   -0.0062919000
   0.0106235100    0.0002817700    0.0002989000
  -0.0182427200   -0.0023432800   -0.0044623200
   0.0105974800    0.0000797800    0.0018723200
  -0.0182335500    0.0052833700   -0.0046936500
   0.0105936900   -0.0004613600    0.0001261100
   0.0173685600   -0.0025556700    0.0296072900
   0.0185432500   -0.0044289000   -0.0199612000
  -0.0000619400   -0.0002313600    0.0025158600
  -0.0004039700    0.0001847600   -0.0024266800
   0.0173343300   -0.0010177900   -0.0242134500
   0.0185015500   -0.0089346200    0.0340863300
  -0.0000634800   -0.0007687600   -0.0030915600
  -0.0004093700    0.0007089000    0.0034562900
  -0.0002771400   -0.0029486200    0.0000247400
  -0.0012381700    0.0024531200   -0.0001900400
  -0.0002749300    0.0025267800    0.0013761000
  -0.0012394100   -0.0022900900   -0.0005647100
   0.0180623100   -0.0280264900   -0.0076439300
   0.0204493400    0.0335784800   -0.0043631200
   0.0180706100    0.0270145500   -0.0043183300
   0.0204867400   -0.0184756700    0.0050092300
   0.0216279800    0.0005373900   -0.0094720900
  -0.0090489300    0.0026332400    0.0012216000
   0.0024210400    0.0013126800    0.0025273100
  -0.0019421200    0.0005097000    0.0006532600
   0.0096932000   -0.0018521900   -0.0076985400
  -0.0068696800    0.0029329100    0.0037041700
   0.0035355200   -0.0012950800   -0.0007552100
  -0.0021619900    0.0011062900    0.0013769300
   0.0074954200   -0.0072758200    0.0027107800
  -0.0063036100    0.0032019200   -0.0030817900
   0.0210660200   -0.0023231200    0.0028526600
  -0.0086734700    0.0011914400   -0.0023817600
   0.0030449200   -0.0001086100    0.0015881100
  -0.0018171900    0.0010439300   -0.0010447100
   0.0034153000    0.0006899800   -0.0000804800
  -0.0026262500    0.0007421500   -0.0010143700
   0.0054612800    0.0009222200   -0.0028594800
  -0.0034736900   -0.0017764700    0.0016457900
   0.0011909900    0.0005496100    0.0006462100
  -0.0015507000   -0.0003267500    0.0003236700
   0.0137408500    0.0012958800    0.0052995000
  -0.0117685200   -0.0027764000   -0.0014063200
   0.0020099700   -0.0045666000    0.0002279600
  -0.0036283900    0.0013006000   -0.0007647500
   0.0010506400   -0.0001408800    0.0006820200
  -0.0012942800   -0.0004819700   -0.0000249700
   0.0031952800   -0.0007624200   -0.0046606700
  -0.0034485900    0.0009839100    0.0012578700
   0.0028723300    0.0039375700    0.0002652300
  -0.0049422400   -0.0027086600   -0.0025431700
   0.0180195900    0.0065189300   -0.0066189100
  -0.0080432100    0.0012715500   -0.0016752700
   0.0045331500    0.0050542400   -0.0031986400
  -0.0034027000   -0.0024443800    0.0032440400
   0.0157835400   -0.0074961200   -0.0084749700
  -0.0075699600    0.0014738800    0.0018375200
   0.0010385900    0.0001188200    0.0005655200
  -0.0006984100   -0.0002763300   -0.0008911700
   0.0018894100   -0.0016751900    0.0044704200
  -0.0038861000    0.0037893000   -0.0045171300
   0.0316173400   -0.0095031800    0.0102432100
  -0.0104893500   -0.0013773100    0.0039075700
   0.0049753500   -0.0052410200    0.0001458300
  -0.0025508300    0.0014221200    0.0016045900
   0.0026396400    0.0004924400    0.0040889800
  -0.0029579800   -0.0019801100   -0.0020580900
   0.0014902600   -0.0007312000    0.0005029400
  -0.0011538100    0.0002136500   -0.0001108200
  -0.0038861900    0.0018404500   -0.0036514900
   0.0013660000   -0.0002233300    0.0050199400
  -0.0012374500   -0.0003847300   -0.0001945800
   0.0008443400    0.0009998700    0.0014065200
  -0.0134352800    0.0015114300    0.0013186300
   0.0621068700    0.0209093600    0.0231839400
  -0.0037768700   -0.0034666600    0.0008161400
   0.0015710100    0.0042469700   -0.0002690900
  -0.0021950500    0.0008021000   -0.0004998900
   0.0026533200   -0.0006063400    0.0000353100
  -0.0052188100   -0.0036256700   -0.0027469000
   0.0013050900    0.0052127900    0.0036073600
  -0.0046885200    0.0024284300    0.0039954900
   0.0033403600   -0.0064534800   -0.0066366500
  -0.0078029200   -0.0023858900    0.0028542500
   0.0051312200    0.0090083600   -0.0087891300

1    
 -0.0100000000000000  -0.0000000000242267  -0.0000000002892488
   0.2293818000    0.0229728400    0.0107043200
  -0.0230199300   -0.0004298700    0.0003547500
   0.0131751900    0.0001897900   -0.0018243000
  -0.0072246700   -0.0002621900    0.0004844700
   0.0111660500    0.0017703600   -0.0010822900
  -0.0069336600   -0.0013203900    0.0001794100
   0.0039682700   -0.0001079800    0.0003802200
  -0.0022153800   -0.0004039800   -0.0000844700
   0.0320993900   -0.0038417600   -0.0017584000
  -0.0086296800   -0.0003900200   -0.0000117500
   0.0320920900   -0.0024681700    0.0064124300
  -0.0086315000   -0.0007511700   -0.0000607500
   0.0203442400    0.0018976300    0.0047389900
  -0.0085949500   -0.0005897000   -0.0016938700
   0.0203539200   -0.0058174700    0.0049690400
  -0.0085988700   -0.0000087800    0.0000816300
  -0.0194036500    0.0020890800   -0.0297149700
  -0.0205881000    0.0039701700    0.0199047300
  -0.0019767400   -0.0002494700   -0.0027264000
  -0.0015950500   -0.0006678200    0.0022247600
  -0.0194365100    0.0005764800    0.0238397500
  -0.0206302700    0.0084994500   -0.0345339000
  -0.0019781800    0.0002818400    0.0028896700
  -0.0016006400   -0.0011944000   -0.0036711500
  -0.0017554500    0.0024644100    0.0001872900
  -0.0007591600   -0.0029524600    0.0003963100
  -0.0017531300   -0.0030173400   -0.0011673100
  -0.0007605000    0.0018097900    0.0007693700
  -0.0201157100    0.0273327100    0.0078626500
  -0.0225720200   -0.0343346700    0.0045789000
  -0.0201074800   -0.0273616100    0.0044955700
  -0.0225346400    0.0181514400   -0.0047642100
  -0.0215201200    0.0001056000    0.0109369500
   0.0093827600   -0.0017225000   -0.0002793200
  -0.0021201800   -0.0003918000   -0.0015446400
   0.0022648500    0.0003900100    0.0003164600
  -0.0094285900    0.0027673000    0.0087303700
   0.0072087100   -0.0020442800   -0.0027174700
  -0.0032414100    0.0022059100    0.0017350900
   0.0024812300   -0.0002084100   -0.0004038700
  -0.0072471200    0.0082086000   -0.0037141000
   0.0066219400   -0.0022839000    0.0021063900
  -0.0211107500    0.0037944900   -0.0036809600
   0.0090081700   -0.0003194300    0.0014063100
  -0.0027549900    0.0010162700   -0.0025713400
   0.0021313400   -0.0001364400    0.0000825700
  -0.0031264500    0.0002107900   -0.0008918500
   0.0029420900    0.0001581100    0.0000476000
  -0.0062090200   -0.0013836900    0.0032551000
   0.0027322900    0.0013136900   -0.0012715000
  -0.0019274400   -0.0010101100   -0.0002567700
   0.0008079100   -0.0001401600    0.0000579500
  -0.0142524200   -0.0020500100   -0.0052772100
   0.0110435300    0.0023440100    0.0018330100
  -0.0027478500    0.0041258300    0.0001529400
   0.0028889700   -0.0017694400    0.0011459400
  -0.0017905500   -0.0003213700   -0.0010527200
   0.0005508200    0.0000225200   -0.0003489100
  -0.0039369600    0.0002920800    0.0042977300
   0.0027105400   -0.0014558300   -0.0016363000
  -0.0036094300   -0.0044053600   -0.0006295800
   0.0042107500    0.0022630800    0.0021817800
  -0.0183807100   -0.0064989300    0.0056790900
   0.0073160900   -0.0017655700    0.0013119200
  -0.0037924100   -0.0055363100    0.0028076800
   0.0041520100    0.0019909700   -0.0036303500
  -0.0141894800    0.0076139700    0.0086312100
   0.0083315900   -0.0019713200   -0.0022399200
  -0.0002854800   -0.0005899400   -0.0009418100
   0.0014432500   -0.0001872600    0.0005219700
  -0.0011365600    0.0012016600   -0.0048629400
   0.0046409300   -0.0042740500    0.0041563900
  -0.0296505500    0.0078450800   -0.0088156100
   0.0112430600    0.0009311000   -0.0035664300
  -0.0042326800    0.0047915900    0.0002359300
   0.0032932800   -0.0018883000   -0.0012276500
  -0.0018972000   -0.0009476300   -0.0037285100
   0.0037083300    0.0015306000    0.0024569500
  -0.0007444800    0.0002738400   -0.0001218000
   0.0018992900   -0.0006744300    0.0004951800
   0.0035957800   -0.0009325800    0.0046312300
  -0.0016765900    0.0011270600   -0.0040401800
   0.0009438600    0.0012915900    0.0011771900
  -0.0011519700   -0.0000985800   -0.0004272300
   0.0130470500   -0.0005417000   -0.0002828100
  -0.0662819400   -0.0219127600   -0.0245272200
   0.0034952900    0.0043868800    0.0001616700
  -0.0018896100   -0.0033486600    0.0012381600
   0.0019090700    0.0001018100   -0.0004707900
  -0.0029705000    0.0015066700   -0.0009974500
   0.0049473800    0.0045369800    0.0017877000
  -0.0016353700   -0.0043244700   -0.0045664600
   0.0044068300   -0.0015097100   -0.0049593100
  -0.0036622300    0.0073761400    0.0056936400
   0.0075432800    0.0032824600   -0.0038267700
  -0.0054663200   -0.0081984500    0.0078772300

1    
  0.0000000000188197   0.0100000000000000   0.0000000003404018
  -0.0207681500   -0.2229219100    0.0090184100
   0.0012326400   -0.0101136700   -0.0010478500
   0.0006051900    0.0217621400    0.0004942400
   0.0010211000    0.0074692700    0.0007244400
  -0.0010150700   -0.0092596800    0.0002844200
   0.0021001500   -0.0031431100   -0.0004115000
   0.0008709400    0.0059324200   -0.0003100100
   0.0011703200    0.0029460900   -0.0003079400
   0.0031904700    0.0231586900   -0.0266861300
   0.0015294000    0.0006644800   -0.0021853800
   0.0046601100    0.0232246500    0.0375154400
   0.0011461400    0.0006438300    0.0036113900
   0.0065806600    0.0114741300    0.0173557600
   0.0007858600   -0.0001791100    0.0025676100
  -0.0011165400    0.0114532700   -0.0183358400
   0.0013452800   -0.0001995600   -0.0031806600
  -0.0002211100   -0.0259988700    0.0016469200
   0.0078170600   -0.0167273200   -0.0036622600
  -0.0004596200    0.0079800600   -0.0002367300
  -0.0019741100    0.0079128300    0.0011312900
   0.0013113800   -0.0259910700   -0.0012186500
   0.0032588500   -0.0167237600    0.0083603300
  -0.0009924700    0.0079754700   -0.0010681000
  -0.0014352900    0.0079199200   -0.0014630100
  -0.0037757800    0.0006733400   -0.0000418900
   0.0010606500    0.0004223400   -0.0012189700
   0.0017235400    0.0006589000    0.0009465800
  -0.0037134500    0.0004006000    0.0015122000
  -0.0281232400    0.0209522400    0.0052618400
   0.0172805900    0.0130359000    0.0028385400
   0.0268711900    0.0210327500   -0.0038712500
  -0.0351499400    0.0129608700   -0.0123847500
  -0.0037586500    0.0202730900    0.0000015600
   0.0017297600    0.0035979300    0.0012362800
   0.0028584800   -0.0093039900    0.0001339900
   0.0004367500   -0.0015044200    0.0002558800
  -0.0005781800    0.0042204400   -0.0037816200
  -0.0018880800    0.0016811600    0.0003591900
   0.0015594800   -0.0038195500    0.0017806600
   0.0006625900   -0.0009278100    0.0010719200
  -0.0033026800   -0.0136171800    0.0002995000
   0.0045588200   -0.0026616100    0.0009175900
  -0.0044856000    0.0314602000    0.0068048900
  -0.0054556500    0.0029500300   -0.0014266900
  -0.0008246800   -0.0017530700   -0.0029034600
   0.0008562800   -0.0005277300   -0.0009053500
   0.0007365800    0.0028931800    0.0014889200
  -0.0010082000    0.0015324900   -0.0002089600
   0.0018658600    0.0022132700    0.0060482700
  -0.0010542700   -0.0001025200    0.0014482300
  -0.0031562400   -0.0050986800   -0.0038863500
  -0.0003449600   -0.0012197200   -0.0006809100
   0.0036292400    0.0160483800   -0.0064701200
  -0.0042143200    0.0003455300   -0.0018339000
  -0.0020836600   -0.0083012600    0.0018454300
   0.0026659200   -0.0044623800    0.0030310400
   0.0006613000   -0.0034228500    0.0017381800
  -0.0007434200   -0.0020119300    0.0001354600
  -0.0011360200    0.0036938500   -0.0052782400
  -0.0009931400    0.0026149000    0.0002401200
  -0.0000548200   -0.0077029900   -0.0009833200
  -0.0016518100   -0.0037937600   -0.0011953900
   0.0120728700    0.0345339400   -0.0187146900
   0.0010213400    0.0058778600    0.0009929700
   0.0020972800   -0.0081761700    0.0011747700
  -0.0012653900   -0.0034242900    0.0013610500
   0.0011555400    0.0229203000    0.0004692600
   0.0053343000    0.0050869200   -0.0038546900
   0.0015655500   -0.0029991400   -0.0010423300
   0.0002763900   -0.0020218600   -0.0001769100
  -0.0016109000    0.0025195000    0.0040216400
  -0.0000422300    0.0032508900   -0.0005712700
  -0.0101330500    0.0317414200   -0.0060221200
  -0.0041017600    0.0006544300    0.0017463400
  -0.0016484200   -0.0087810300   -0.0019214200
   0.0026053600   -0.0039276000   -0.0022830000
   0.0015800500    0.0015611400   -0.0038088100
  -0.0006770100    0.0003617000    0.0000337800
  -0.0005107600   -0.0023232600    0.0009262400
   0.0007348500   -0.0014689800    0.0004856000
  -0.0002658900    0.0017961000   -0.0011836400
  -0.0002571200    0.0017026600    0.0029102600
  -0.0010980600   -0.0010402300    0.0007681800
  -0.0001832600   -0.0011680200    0.0004021600
   0.0052424700    0.0069769200   -0.0002940700
   0.0176511900    0.0253781300    0.0077166900
  -0.0026518100   -0.0049683900    0.0018635600
  -0.0004365100   -0.0080642200    0.0024229500
  -0.0002651300   -0.0013444400   -0.0000239800
  -0.0046610100   -0.0033208300    0.0023898300
  -0.0011565900    0.0022093600   -0.0023282300
   0.0059958500    0.0053850800   -0.0076324200
   0.0027069500   -0.0027631500   -0.0037716500
  -0.0025662700   -0.0047774400   -0.0026661300
  -0.0053971700    0.0023367900    0.0039343400
   0.0065849400    0.0035867500    0.0077544700

1    
 -0.0000000000188197  -0.0100000000000000  -0.0000000003404018
   0.0209485100    0.2234633900   -0.0084118600
   0.0008232100    0.0095438800    0.0008074200
   0.0014992300   -0.0221955200   -0.0007582200
   0.0010059900   -0.0078989400   -0.0009475900
   0.0030115700    0.0087002500   -0.0005096100
  -0.0000520000    0.0026339800    0.0001809400
   0.0011507700   -0.0063666600    0.0000855800
   0.0008615800   -0.0034049700    0.0000786900
  -0.0011542700   -0.0235778900    0.0271364800
   0.0005106600   -0.0011204500    0.0023747400
  -0.0025953500   -0.0235134900   -0.0368362500
   0.0008849600   -0.0011414900   -0.0033826900
  -0.0045071100   -0.0118794300   -0.0171365400
   0.0012526500   -0.0002871100   -0.0023448500
   0.0031379000   -0.0119005200    0.0183506400
   0.0006889400   -0.0003080300    0.0033521500
  -0.0018315100    0.0253485500   -0.0019010100
  -0.0096331700    0.0160669700    0.0033211500
  -0.0015260500   -0.0083915700    0.0000338600
  -0.0000864000   -0.0083440200   -0.0013074500
  -0.0033490400    0.0253550700    0.0010315300
  -0.0051566200    0.0160709000   -0.0083886900
  -0.0009904900   -0.0083959400    0.0008140800
  -0.0005986600   -0.0083369300    0.0011998900
   0.0017524300   -0.0011476400    0.0002353000
  -0.0030552300   -0.0008808800    0.0014052200
  -0.0037052200   -0.0011623300   -0.0007425700
   0.0016765400   -0.0009031400   -0.0013031700
   0.0262393200   -0.0214427200   -0.0050607400
  -0.0193636400   -0.0132806100   -0.0027716100
  -0.0285051500   -0.0213616300    0.0040026200
   0.0327505100   -0.0133577200    0.0124378500
   0.0037783200   -0.0197116100    0.0014635000
  -0.0013995900   -0.0026772800   -0.0002797800
  -0.0025068700    0.0101698700    0.0007906300
  -0.0001229800    0.0023907200    0.0006956000
   0.0009186400   -0.0033158700    0.0046901100
   0.0021937000   -0.0007754800    0.0005923900
  -0.0012315500    0.0046894000   -0.0008101700
  -0.0003490700    0.0018189200   -0.0001088300
   0.0037268800    0.0146405400   -0.0013381800
  -0.0042273600    0.0035343400   -0.0019052300
   0.0034827200   -0.0282082400   -0.0069963600
   0.0057169800   -0.0020206900    0.0004282400
   0.0011338800    0.0026267600    0.0018922700
  -0.0005428200    0.0014166500   -0.0000924400
  -0.0004227500   -0.0019684200   -0.0024610900
   0.0013056800   -0.0006206000   -0.0007802800
  -0.0025867200   -0.0026797100   -0.0056588000
   0.0003021400   -0.0003798800   -0.0010705000
   0.0023914600    0.0045854100    0.0042019100
  -0.0003872800    0.0007480600    0.0010344600
  -0.0038181500   -0.0173489500    0.0059748400
   0.0033990200   -0.0008382800    0.0021796300
   0.0013165800    0.0077623900   -0.0014434500
  -0.0033682200    0.0039658700   -0.0026331200
  -0.0013871200    0.0029246300   -0.0021155000
   0.0000084900    0.0015241500   -0.0005284700
   0.0003940500   -0.0041198800    0.0048435600
   0.0002473500   -0.0030510400   -0.0006216000
  -0.0007091200    0.0071752100    0.0006232000
   0.0009079400    0.0032932100    0.0007980600
  -0.0121039200   -0.0343897700    0.0173259100
  -0.0017590100   -0.0062873300   -0.0013781700
  -0.0013711200    0.0076269500   -0.0015889400
   0.0020298900    0.0029152400   -0.0017384000
  -0.0000330000   -0.0230412700   -0.0005745900
  -0.0045314300   -0.0054978300    0.0034222000
  -0.0008031700    0.0025018000    0.0006503300
   0.0004813800    0.0015291500   -0.0002119700
   0.0023523200   -0.0029696900   -0.0044034100
   0.0007850300   -0.0036821000    0.0001621000
   0.0121510100   -0.0333924900    0.0073738100
   0.0047916000   -0.0011324100   -0.0013754000
   0.0023656800    0.0082458700    0.0022563500
  -0.0018331600    0.0034445000    0.0026253200
  -0.0008269700   -0.0020111400    0.0041376000
   0.0014137900   -0.0008324300    0.0003204400
   0.0012549900    0.0018481100   -0.0005541200
   0.0000200700    0.0010007200   -0.0001200300
  -0.0000336000   -0.0008876900    0.0021289800
  -0.0000349000   -0.0007963700   -0.0019024800
   0.0007914800    0.0019301800    0.0001886800
  -0.0001077000    0.0020581900    0.0005513600
  -0.0055220100   -0.0060599800    0.0012537900
  -0.0187124800   -0.0248253100   -0.0071263600
   0.0023332000    0.0058342400   -0.0008950800
   0.0001689000    0.0089099200   -0.0014218300
  -0.0000366000    0.0022162700   -0.0009608800
   0.0043475500    0.0041642000   -0.0033830100
   0.0008598400   -0.0012958400    0.0013344300
  -0.0062297100   -0.0044280200    0.0065791000
  -0.0029925000    0.0036220700    0.0027668600
   0.0022615900    0.0056028900    0.0016807200
   0.0050807900   -0.0014168100   -0.0048907600
  -0.0068068700   -0.0026374000   -0.0086424700

1    
  0.0000000002322761   0.0000000003933007   0.0100000000000000
  -0.0082914400    0.0086134700   -0.2232152000
   0.0005753100   -0.0011502500   -0.0112024900
   0.0027003200    0.0003693800   -0.0099352800
   0.0004165300    0.0006009300   -0.0041326500
   0.0019822000    0.0001816600    0.0190274200
   0.0007079800   -0.0005221900    0.0088399600
   0.0005071200   -0.0004390300    0.0072987200
   0.0009756000   -0.0004274100    0.0037377600
   0.0074154500   -0.0376100300    0.0163666400
   0.0008199900   -0.0037642800   -0.0012935000
  -0.0008904100    0.0267816700    0.0162903700
   0.0008794300    0.0020232900   -0.0012998800
   0.0058274700    0.0180164400    0.0186394000
   0.0009871800    0.0030011800    0.0027136200
   0.0056305300   -0.0174712300    0.0186516900
  -0.0007764700   -0.0027174400    0.0027117000
   0.0231418000   -0.0013752000    0.0213451600
  -0.0354819700    0.0082003000    0.0186066400
   0.0019741300   -0.0011761600    0.0012982300
  -0.0045750800   -0.0015724200   -0.0004264700
  -0.0305816100    0.0015608700    0.0212572500
   0.0188682300   -0.0037444500    0.0186240000
  -0.0036344800   -0.0003691300    0.0013159400
   0.0013060800    0.0009910800   -0.0003894400
   0.0002644600   -0.0011181200    0.0087563900
  -0.0017057600   -0.0016889100    0.0094103100
  -0.0010978800   -0.0001146000    0.0087573600
  -0.0013246100    0.0010572400    0.0094108100
  -0.0054405500    0.0037078300   -0.0284189500
   0.0038993800    0.0122027500   -0.0175712200
  -0.0088081000   -0.0054455400   -0.0284635500
  -0.0053925400   -0.0031121900   -0.0174694300
  -0.0077045900   -0.0074080100    0.0333486500
  -0.0046201000    0.0009770700    0.0029346900
   0.0010653400   -0.0026433300    0.0018241100
  -0.0007483500   -0.0002108900    0.0018280200
  -0.0006977900    0.0001386000   -0.0094913200
   0.0062852300   -0.0017667200   -0.0039481200
  -0.0008424800    0.0038161000   -0.0014701400
   0.0012611600    0.0009624600   -0.0009702900
   0.0045349500    0.0049275300    0.0085844600
   0.0024829800    0.0006264100    0.0023318500
   0.0054965800    0.0006484300    0.0248263900
   0.0005825500   -0.0012715300    0.0034025400
  -0.0029434100   -0.0010028500   -0.0067079600
  -0.0011941500    0.0001467600   -0.0028007800
  -0.0023961900   -0.0003154700   -0.0062612600
  -0.0004226200    0.0004811600   -0.0033558900
  -0.0037822000    0.0013678300   -0.0089603600
   0.0020707200    0.0026041400   -0.0031789300
  -0.0015295200   -0.0018196100   -0.0027228000
   0.0000321000   -0.0006881900   -0.0011133500
   0.0015276100   -0.0004713700    0.0171892300
  -0.0055673100   -0.0026564700    0.0007679100
   0.0001711900    0.0063649100    0.0026253500
  -0.0000589500   -0.0005809900    0.0027086800
  -0.0023099700    0.0022809900   -0.0051172000
   0.0005991900    0.0006222600   -0.0014058900
  -0.0016289500   -0.0011439200   -0.0084330800
   0.0029336600   -0.0027723600   -0.0050585400
   0.0006278300   -0.0055562000    0.0040113900
  -0.0017418100   -0.0017751200    0.0002496500
  -0.0070466500   -0.0101184100    0.0279973000
  -0.0030857600    0.0022271000    0.0028017600
  -0.0023782300    0.0047091400    0.0031251300
   0.0004376500   -0.0006628100    0.0029653300
   0.0015037900   -0.0005211300    0.0198432400
   0.0035607300   -0.0015217000    0.0035890900
   0.0018552900   -0.0015064200   -0.0032077000
   0.0003669700   -0.0005086100   -0.0020614800
   0.0012014400    0.0008456100   -0.0092716100
  -0.0016115500    0.0016677700   -0.0047994300
   0.0114291000   -0.0072132600    0.0338838200
   0.0045285300    0.0015818100    0.0085616100
  -0.0016600200   -0.0036967600    0.0035502700
   0.0007932800   -0.0006469900    0.0019888000
   0.0007430400   -0.0015725100   -0.0082003200
  -0.0002565400   -0.0018644400   -0.0043874800
   0.0014752600    0.0007745500   -0.0028483400
   0.0006291600   -0.0000773400   -0.0021937700
  -0.0033309000    0.0014673900   -0.0047103600
  -0.0015937400    0.0018419700   -0.0097512500
  -0.0011429100    0.0006342600   -0.0012620900
  -0.0009129000    0.0004137000   -0.0018710100
   0.0066532200   -0.0012604600    0.0079103400
   0.0209624700    0.0093418900    0.0223384200
   0.0010429300    0.0010066300    0.0014938700
   0.0012628100   -0.0005703900    0.0041706600
  -0.0006732200    0.0007109600   -0.0015013100
   0.0050110900    0.0052496600   -0.0050633400
  -0.0025013900   -0.0025187800   -0.0027698500
   0.0031066600   -0.0045113200   -0.0061838400
  -0.0000314500   -0.0007567400    0.0018750000
  -0.0027119700   -0.0045315700   -0.0000342700
   0.0071203200    0.0050344800   -0.0008669600
  -0.0071074800    0.0091815400    0.0000115200

1    
 -0.0000000002322761  -0.0000000003933007  -0.0100000000000000
   0.0127674500   -0.0081971700    0.2219422300
   0.0014379600    0.0006988600    0.0109770100
  -0.0007473100   -0.0008892100    0.0097433000
   0.0015882100   -0.0010768300    0.0039152800
   0.0000369200   -0.0006176500   -0.0192138800
   0.0012775700    0.0000646800   -0.0090336800
   0.0014753200   -0.0000493800   -0.0075046300
   0.0010148900   -0.0000463800   -0.0039418800
  -0.0053081400    0.0367919800   -0.0161024600
   0.0011595400    0.0032827300    0.0014924000
   0.0027573700   -0.0269870800   -0.0161785000
   0.0011225500   -0.0024841800    0.0014862700
  -0.0038561400   -0.0186181700   -0.0184585000
   0.0010124200   -0.0034784200   -0.0024660100
  -0.0035898500    0.0170733700   -0.0184458100
   0.0027701800    0.0022475000   -0.0024684300
  -0.0249322000    0.0008691300   -0.0214640900
   0.0331196200   -0.0085542000   -0.0187304200
  -0.0040265400    0.0007003800   -0.0015270100
   0.0025328800    0.0010847200    0.0001774000
   0.0287228100   -0.0019924800   -0.0215509400
  -0.0210182300    0.0032321000   -0.0187104600
   0.0015879900   -0.0001044300   -0.0015091100
  -0.0033651400   -0.0014532500    0.0002148500
  -0.0022811200    0.0006235600   -0.0085409600
  -0.0003742000    0.0011789100   -0.0091877800
  -0.0009376400   -0.0003390600   -0.0085398500
  -0.0007407800   -0.0015144400   -0.0091878000
   0.0033701300   -0.0041120500    0.0287067800
  -0.0058761300   -0.0125643600    0.0177390200
   0.0066955000    0.0049279500    0.0286614900
   0.0035477800    0.0025493100    0.0178422200
   0.0065341900    0.0072736700   -0.0301626300
   0.0049000100   -0.0000522800   -0.0019485900
  -0.0007919700    0.0036107900   -0.0008106100
   0.0010186600    0.0011269400   -0.0008481800
   0.0010400500    0.0008060400    0.0104718200
  -0.0060220000    0.0026929300    0.0049154400
   0.0011255000   -0.0028989500    0.0024317600
  -0.0009875500   -0.0000440500    0.0019365700
  -0.0042542000   -0.0039804800   -0.0095018800
  -0.0022271100    0.0002968200   -0.0033073400
  -0.0054529200    0.0007956700   -0.0255455200
  -0.0003152200    0.0021875200   -0.0043717300
   0.0032184700    0.0019399800    0.0057382500
   0.0014502600    0.0007768200    0.0018195200
   0.0026695600    0.0012130600    0.0052836800
   0.0006838500    0.0004331600    0.0023717300
   0.0029579800   -0.0018001000    0.0093260300
  -0.0028292400   -0.0030371500    0.0035554900
   0.0007638400    0.0013789300    0.0031245700
  -0.0008074700    0.0002326500    0.0015017700
  -0.0016189500   -0.0008215700   -0.0178881000
   0.0047539900    0.0021962900   -0.0004047500
  -0.0009499700   -0.0068141400   -0.0022473600
  -0.0007314300    0.0001413500   -0.0023486700
   0.0015195300   -0.0027065800    0.0047271600
  -0.0013718100   -0.0010612500    0.0010384600
   0.0008352300    0.0006640800    0.0080404500
  -0.0036936200    0.0022995300    0.0046798700
  -0.0014145900    0.0051380100   -0.0043937400
   0.0009492200    0.0013190700   -0.0006388200
   0.0072412900    0.0109874100   -0.0297863000
   0.0022911100   -0.0026896200   -0.0032057500
   0.0030729200   -0.0051695600   -0.0034881300
   0.0002652800    0.0002107200   -0.0033219700
  -0.0003662500    0.0003780800   -0.0199302700
  -0.0028744100    0.0010453800   -0.0039246400
  -0.0011492700    0.0010622300    0.0028264900
   0.0003469600    0.0000617500    0.0016727000
  -0.0004983700   -0.0013181400    0.0088773900
   0.0023194600   -0.0021063900    0.0043999800
  -0.0098827700    0.0061332500   -0.0329302800
  -0.0037965600   -0.0020216700   -0.0081319400
   0.0023851900    0.0032548300   -0.0031574500
  -0.0001011800    0.0002116400   -0.0015926600
  -0.0000545300    0.0011413600    0.0085782300
   0.0009761100    0.0014163100    0.0047517200
  -0.0007670900   -0.0012245500    0.0032233700
   0.0000820200   -0.0003705300    0.0025661000
   0.0029822100   -0.0005542600    0.0056866300
   0.0012887700   -0.0009078200    0.0106902000
   0.0008046400    0.0002794500    0.0022427100
   0.0005803000    0.0005017500    0.0028561400
  -0.0070244600    0.0021718000   -0.0069553300
  -0.0222337100   -0.0088053400   -0.0216393600
  -0.0013800200   -0.0000841200   -0.0005206600
  -0.0016024600    0.0015172700   -0.0032201600
   0.0003307800    0.0002081200    0.0005429900
  -0.0053386200   -0.0043061300    0.0040996600
   0.0021466900    0.0034274400    0.0018036600
  -0.0034494300    0.0053757200    0.0052375400
  -0.0003024400    0.0016668200   -0.0028453800
   0.0023928600    0.0054334600   -0.0009631500
  -0.0074381400   -0.0041305400   -0.0001155600
   0.0068571100   -0.0083493000   -0.0010072200

33   
  0.0100000000000000   0.0000000000242267   0.0000000002892488
   0.0227802200   -0.0037803800   -0.0077550100
  -0.0081373100    0.0013282000   -0.0048433900
   0.0033416800    0.0024411300    0.0008010600
  -0.0010503600    0.0000582900   -0.0009958300
   0.0106123400   -0.0009699300   -0.0009779000
  -0.0059576600   -0.0022566500    0.0059918800
   0.0044413400    0.0011665400   -0.0010982500
  -0.0012629400    0.0002811500    0.0010001700
   0.0223177800   -0.0046678400   -0.0052548700
  -0.0077601000   -0.0057724100   -0.0003465100
   0.0084368700   -0.0037062200   -0.0042572200
  -0.0053819200    0.0041339100   -0.0022393300
   0.0043321200    0.0003503800    0.0026255300
  -0.0017313600   -0.0013788900    0.0006556800
   0.0039544800   -0.0012016700    0.0031713300
  -0.0009185100    0.0004697700    0.0014209100
  -0.0141788500   -0.0056095600   -0.0069576700
   0.0613673000   -0.0175282700   -0.0206284600
  -0.0045808300    0.0022647900   -0.0013143200
   0.0007414000    0.0000652300   -0.0015367200
  -0.0046872000   -0.0001089400    0.0030442400
   0.0005276900   -0.0000961900    0.0013023000
  -0.0020456100    0.0007251800    0.0008645000
   0.0000249000   -0.0001847500    0.0006314100
  -0.0060282000    0.0007867900   -0.0022294300
   0.0004769300   -0.0063148500    0.0033664300
  -0.0029994200   -0.0001154700   -0.0004124700
   0.0018231800    0.0042562800    0.0052469100
  -0.0086151700    0.0050260100    0.0073856700
   0.0042466400   -0.0069357600   -0.0068918600
  -0.0054862800   -0.0030773400    0.0002327200
   0.0024870700    0.0021827000   -0.0024543600
  -0.1740919500    0.0487969000    0.0607634400
   0.0069276600   -0.0002214000   -0.0004617500
  -0.0014522800    0.0000308800    0.0016542900
   0.0019726400   -0.0008882000    0.0004888900
  -0.0013696100    0.0010477800   -0.0004930200
   0.0023653400    0.0005556700   -0.0011611800
  -0.0005737300    0.0007464500    0.0004616000
   0.0012674000   -0.0000179100   -0.0001096100
  -0.0062065600   -0.0015600700   -0.0035989100
   0.0039909700    0.0003823600    0.0012779200
  -0.0061752700    0.0022584700    0.0014686800
   0.0039828500   -0.0005021700    0.0004731200
  -0.0020777400    0.0013520500   -0.0017210900
   0.0023665400   -0.0000504400   -0.0000623800
  -0.0020769300    0.0006248800   -0.0022723600
   0.0023585500   -0.0007011500   -0.0013310900
   0.0084699900   -0.0023130800    0.0135703000
   0.0059522300    0.0076067900   -0.0052232200
  -0.0006311700   -0.0007941300    0.0004466300
  -0.0001406000   -0.0021284200    0.0001966300
   0.0011207900   -0.0023932200   -0.0039829900
  -0.0004084600    0.0001552000    0.0014059500
  -0.0004833000    0.0002331700   -0.0001424400
  -0.0002989500   -0.0004713400    0.0000977100
   0.0026573000   -0.0036020000    0.0053480500
  -0.0001618300    0.0013727200   -0.0001764300
  -0.0004255500    0.0015100000    0.0018419200
   0.0101934100   -0.0114216300   -0.0116742400
  -0.0011999400   -0.0012477400   -0.0012832700
   0.0000224400   -0.0000666400   -0.0000574400
   0.0054869400    0.0078613100   -0.0070713000
  -0.0002276200   -0.0006751800    0.0008225900
   0.0036803000   -0.0040241700   -0.0019634100
   0.0002156000    0.0012028100    0.0003642400
   0.0058323400    0.0072079100   -0.0012395800
   0.0047445600   -0.0063675200    0.0060364300
  -0.0000031000   -0.0003998300    0.0001928000
   0.0009408300    0.0001135200   -0.0009773100
  -0.0000249400   -0.0002718300   -0.0014926000
   0.0006522600   -0.0002666600   -0.0019825700
   0.0400507300   -0.0131592000   -0.0133182500
   0.0203578600    0.0058595300    0.0107275700
  -0.0001752300   -0.0002907000    0.0006653300
   0.0005534500   -0.0012682200    0.0008415100
   0.0000009500    0.0003191800    0.0005313900
   0.0008706500    0.0003316400   -0.0017864600
   0.0003197900   -0.0003991200   -0.0001377700
   0.0009577800   -0.0009797600   -0.0008007300
   0.0040142500    0.0013025800    0.0019441400
  -0.0066295600    0.0033245400   -0.0136080500
   0.0011094000    0.0001789000    0.0011188700
  -0.0015007500   -0.0007895600   -0.0001055900
   0.0040188700    0.0024281200    0.0002159000
  -0.0066487000   -0.0011107600    0.0046766400
   0.0011104700    0.0011395400    0.0006879400
  -0.0014961500   -0.0005626600    0.0000288500
   0.0030852300    0.0008490400   -0.0011948500
  -0.0065300800    0.0035713700    0.0005695800
   0.0030855300    0.0020884600   -0.0002646400
  -0.0064935600   -0.0091639700   -0.0019226600
   0.0022811600    0.0000932100   -0.0028007000
  -0.0014383300    0.0005358000   -0.0000085600
   0.0022736000    0.0009986300   -0.0014955800
  -0.0014390000    0.0001980600   -0.0005440500

33   
 -0.0100000000000000  -0.0000000000242267  -0.0000000002892488
  -0.0204128900    0.0037760400    0.0064798600
   0.0102353300   -0.0017810300    0.0047029400
  -0.0012573800   -0.0029038300   -0.0010286800
   0.0030991700   -0.0004815400    0.0007979600
  -0.0085665800    0.0005458900    0.0007857300
   0.0080626700    0.0018451100   -0.0062879400
  -0.0023933100   -0.0016046700    0.0008961800
   0.0033240000   -0.0007109600   -0.0012212900
  -0.0199134500    0.0033088500    0.0057010500
   0.0098630700    0.0054191700    0.0005563000
  -0.0063614800    0.0033421600    0.0045360900
   0.0074860200   -0.0046316500    0.0024750000
  -0.0022669500   -0.0007892500   -0.0024352700
   0.0037803600    0.0009543000   -0.0004469800
  -0.0019023000    0.0007754600   -0.0029860400
   0.0029730900   -0.0009097200   -0.0012191300
   0.0122422300    0.0051714500    0.0067231200
  -0.0670626500    0.0188780300    0.0225911200
   0.0026351100   -0.0027021900    0.0011134400
  -0.0027772700   -0.0005229800    0.0013331900
   0.0027387000   -0.0003238900   -0.0032635500
  -0.0025729000   -0.0003004200   -0.0015763900
   0.0000782900   -0.0011467800   -0.0010788100
  -0.0020284700   -0.0002430700   -0.0008575300
   0.0040802700   -0.0012113600    0.0024439000
  -0.0025207100    0.0059274600   -0.0031620800
   0.0010476100   -0.0003274500    0.0006179200
  -0.0038577300   -0.0047336000   -0.0050750500
   0.0066731100   -0.0054328800   -0.0071457200
  -0.0064067700    0.0064716300    0.0070973000
   0.0035523700    0.0026387400   -0.0000112800
  -0.0045728700   -0.0026273300    0.0026765500
   0.1734993100   -0.0526161500   -0.0612213900
  -0.0066000600    0.0011854300    0.0014415500
   0.0018092100    0.0009299600   -0.0006990000
  -0.0016390800    0.0018558700    0.0004786800
   0.0017107100   -0.0000974000    0.0014852600
  -0.0020302100    0.0003940500    0.0021447300
   0.0009232300    0.0002050200    0.0005102100
  -0.0009255100    0.0009733500    0.0010832400
   0.0065287600    0.0026696600    0.0026939100
  -0.0036660800    0.0005547700   -0.0022653300
   0.0065604400   -0.0014433500   -0.0023896800
  -0.0036740700    0.0014736200   -0.0014588800
   0.0024278300   -0.0004004900    0.0007477800
  -0.0020296700    0.0010056100   -0.0009114000
   0.0024285400    0.0003284000    0.0013094400
  -0.0020376600    0.0016722300    0.0003679000
  -0.0091454500    0.0018424200   -0.0130955500
  -0.0067327100   -0.0081378700    0.0056810300
  -0.0000806700    0.0003827000   -0.0000733400
  -0.0005542600    0.0017390200    0.0001792800
  -0.0018499900    0.0020048300    0.0043859000
  -0.0002690500   -0.0005700300   -0.0010419500
  -0.0002351800   -0.0006482800    0.0005306200
  -0.0003980500    0.0000594500    0.0002828900
  -0.0033737700    0.0032210800   -0.0057561900
  -0.0005275000   -0.0018020500   -0.0001988900
  -0.0002957600   -0.0019210200   -0.0022211800
  -0.0110673900    0.0111945100    0.0114776500
   0.0004752100    0.0008315100    0.0009143400
  -0.0007171100   -0.0003414200   -0.0003160500
  -0.0061828000   -0.0083066100    0.0067373600
  -0.0004616600    0.0002710000   -0.0012138800
  -0.0029514000    0.0036413300    0.0016401900
   0.0005933800   -0.0016317900   -0.0007493200
  -0.0050391100   -0.0075811400    0.0008284100
  -0.0040005900    0.0060467100   -0.0065220800
   0.0007808800   -0.0000161200   -0.0005712100
  -0.0001539500   -0.0005316400    0.0006039800
   0.0008027600   -0.0001410100    0.0011236400
   0.0001439000   -0.0001587600    0.0016337600
  -0.0385706800    0.0124941200    0.0134021800
  -0.0199117000   -0.0064080600   -0.0105386900
   0.0009406000   -0.0001072400   -0.0002991800
   0.0002362500    0.0008751500   -0.0004695100
   0.0007720100   -0.0007288000   -0.0001464000
  -0.0000751900   -0.0007423800    0.0021811600
   0.0004541500   -0.0000065500    0.0005186500
  -0.0001783700    0.0005765500    0.0011866100
  -0.0043090900   -0.0003532800   -0.0009710900
   0.0065117300   -0.0024031800    0.0146068900
  -0.0013846800    0.0007798600   -0.0001462100
   0.0012441400    0.0017627200    0.0010764200
  -0.0043048400   -0.0014726200    0.0007408200
   0.0064923700    0.0020577800   -0.0035181700
  -0.0013837400   -0.0001850600    0.0002844700
   0.0012487400    0.0015234400    0.0009585300
  -0.0033809500    0.0000937800    0.0002305900
   0.0063202300   -0.0025772300   -0.0015876600
  -0.0033805200   -0.0011337700   -0.0007034500
   0.0063566900    0.0101536000    0.0009211100
  -0.0025452000    0.0008566200    0.0018131000
   0.0011790400    0.0004298700   -0.0009577300
  -0.0025525600   -0.0000436500    0.0005257500
   0.0011784700    0.0007512100   -0.0004165100

33   
  0.0000000000188197   0.0100000000000000   0.0000000003404018
   0.0013525600    0.0198443400   -0.0076260200
   0.0031604500    0.0029432800    0.0004043600
   0.0018390100   -0.0099149600   -0.0032071300
   0.0010603000   -0.0021522000   -0.0007658800
  -0.0012809900    0.0035695000   -0.0004231200
   0.0034720000    0.0010079000   -0.0023200800
  -0.0007453300   -0.0044406800    0.0032290600
   0.0016550600   -0.0015751900    0.0003966600
  -0.0013722500    0.0284050400    0.0005154500
   0.0017452800    0.0022550100    0.0018323200
  -0.0067539300   -0.0143361100   -0.0043723200
   0.0037331300   -0.0032820200   -0.0000856600
   0.0012417200    0.0022048500    0.0008495000
   0.0012884600    0.0008605700    0.0000612600
   0.0004289000   -0.0023757500    0.0015527800
   0.0015895700   -0.0011679000    0.0004052900
  -0.0020213000    0.0063185100   -0.0018022600
  -0.0226844500    0.0249212800    0.0091584800
   0.0028872900   -0.0055811200    0.0004392200
  -0.0047747500   -0.0086556100   -0.0011357300
  -0.0023860800    0.0011285500    0.0009018600
  -0.0003491200    0.0010587800    0.0012561600
  -0.0001770600   -0.0016853700    0.0000764200
  -0.0015527800   -0.0018167200   -0.0001393200
   0.0030610400    0.0015225200    0.0030471800
  -0.0057636100    0.0046493300    0.0049979100
  -0.0013598400   -0.0019748600   -0.0001687300
   0.0000703900   -0.0039259700   -0.0046914100
   0.0018201400    0.0016372700   -0.0044936600
  -0.0095765400    0.0028335500   -0.0086634300
  -0.0029715800   -0.0033800300    0.0013134300
   0.0059256400   -0.0053746500    0.0050744700
   0.0497655200   -0.1078955500    0.0115807400
  -0.0005389000   -0.0005747800    0.0003856300
  -0.0002911900    0.0053349100    0.0001686000
  -0.0012035900    0.0019163000    0.0007825400
   0.0007258200   -0.0002350700    0.0000362300
   0.0002399800   -0.0002000800    0.0007351100
   0.0004296500    0.0014690200   -0.0003200500
  -0.0003344200    0.0011257300    0.0002924800
   0.0019884600    0.0191096600    0.0123749400
  -0.0008280900    0.0005130100   -0.0005191500
  -0.0019588300    0.0193643800   -0.0101576900
   0.0000729700    0.0005023600   -0.0008540100
   0.0003035400    0.0000704600   -0.0020349900
  -0.0010290600    0.0007449200   -0.0011110500
   0.0010318700    0.0000575200    0.0003992000
  -0.0003655600    0.0007393600   -0.0003566800
  -0.0063982900   -0.0053335100   -0.0065439400
  -0.0037356100   -0.0072468000    0.0034654600
   0.0004373700    0.0025223800    0.0011033100
  -0.0004181000    0.0017527200    0.0001940500
   0.0015502300   -0.0041201900   -0.0018846800
  -0.0004638700   -0.0015019300    0.0005209100
  -0.0005503200    0.0017679400    0.0007571000
  -0.0008657900    0.0010574700   -0.0002153700
  -0.0062301100    0.0059185900   -0.0103388900
   0.0012702000   -0.0002093900   -0.0008755600
   0.0017315100   -0.0007043300    0.0020173800
  -0.0032658200    0.0028364800    0.0027437200
  -0.0009184100   -0.0001501800    0.0016588100
  -0.0000937100    0.0004016500    0.0003269600
   0.0017330700    0.0030807900   -0.0028560700
  -0.0012326800   -0.0009505300   -0.0010997500
  -0.0070544900    0.0052940100    0.0059572500
   0.0022883800    0.0003412000    0.0002120700
   0.0077346200    0.0023504100   -0.0016924000
  -0.0033702100    0.0013766800   -0.0018823400
   0.0003711000   -0.0000802100   -0.0015190700
   0.0005230400    0.0001913000   -0.0004594200
   0.0005701800   -0.0003773100   -0.0003476300
   0.0000192100   -0.0005559400    0.0001080800
  -0.0107217800   -0.0068795000    0.0056900000
   0.0042818400   -0.0046337400   -0.0004378200
   0.0008353500    0.0035609200   -0.0000188800
   0.0001353500    0.0019937600    0.0010737800
   0.0004618900   -0.0010694200   -0.0011246500
   0.0008187500   -0.0013874800    0.0001239500
   0.0002318300    0.0006996300    0.0000609800
  -0.0001008000    0.0010740800    0.0006265400
  -0.0021088600   -0.0008465400    0.0003705800
   0.0014305200   -0.0058886100    0.0027190500
  -0.0008218600    0.0016698000   -0.0003743600
   0.0008732300    0.0041305300    0.0000984900
  -0.0009904200   -0.0008474300    0.0010965100
  -0.0029928300   -0.0059052800   -0.0012972300
   0.0001356200    0.0016723600    0.0004047500
   0.0010997000    0.0041398000    0.0006179500
  -0.0017656900    0.0001498800   -0.0003315400
   0.0094122300    0.0116747300   -0.0101748300
  -0.0005406800    0.0001395800   -0.0001910500
  -0.0032855000    0.0117961000    0.0069326600
  -0.0006861400    0.0004772400    0.0000375300
   0.0001081300    0.0003011000    0.0005593700
   0.0002085300    0.0004707300   -0.0007261200
  -0.0002193700    0.0002831300   -0.0021045300

33   
 -0.0000000000188197  -0.0100000000000000  -0.0000000003404018
   0.0009782800   -0.0201325500    0.0070001100
  -0.0011432300   -0.0033275900   -0.0006449100
   0.0001860800    0.0095622400    0.0030261500
   0.0009925100    0.0017468100    0.0005513600
   0.0033898500   -0.0039621600    0.0002236800
  -0.0014532500   -0.0014448300    0.0021181600
   0.0028075100    0.0040724600   -0.0035065900
   0.0003914900    0.0011762300   -0.0006301900
   0.0048160100   -0.0312648700    0.0003998900
   0.0002860300   -0.0027117300   -0.0016002400
   0.0087830900    0.0139246700    0.0045606200
  -0.0017007600    0.0029186500    0.0002700300
   0.0008135100   -0.0026528800   -0.0006532700
   0.0007553300   -0.0012880800    0.0001355500
   0.0016049300    0.0020097400   -0.0013638800
   0.0004606000    0.0007807400   -0.0001990600
   0.0000537700   -0.0067132500    0.0016087200
   0.0201170200   -0.0252743400   -0.0090056300
  -0.0049433100    0.0052255100   -0.0006723300
   0.0028435200    0.0083228400    0.0009321800
   0.0004092600   -0.0015507700   -0.0011398700
  -0.0016762600   -0.0014364100   -0.0015137600
  -0.0018304700    0.0012896500   -0.0002988900
  -0.0004313600    0.0014141100   -0.0000721600
  -0.0050780200   -0.0019785300   -0.0028728400
   0.0037966200   -0.0051585900   -0.0048631700
  -0.0006370500    0.0015902800    0.0003595100
  -0.0020198400    0.0035635200    0.0048896200
  -0.0038254500   -0.0021119600    0.0046968800
   0.0076527200   -0.0033854400    0.0088919800
   0.0009885400    0.0030099000   -0.0010841600
  -0.0078812400    0.0050092800   -0.0048649600
  -0.0534193700    0.1056500900   -0.0102209600
   0.0008869200    0.0015521700    0.0005642000
   0.0006268000   -0.0043794300    0.0007956700
   0.0015592600   -0.0009530600    0.0001712500
  -0.0004003200    0.0012225900    0.0009265600
   0.0000969300    0.0011818300    0.0002230900
  -0.0000929300   -0.0005048800    0.0012886700
   0.0006756200   -0.0001559200    0.0006689400
  -0.0016942800   -0.0184379900   -0.0136183700
   0.0011663700    0.0004806300   -0.0004695500
   0.0022898000   -0.0181818700    0.0089985600
   0.0002638900    0.0004699300   -0.0001348600
   0.0000258800    0.0009256900    0.0010685400
   0.0013629700    0.0002376600    0.0001315600
  -0.0007019800    0.0009129600   -0.0013872900
   0.0007091500    0.0002321600   -0.0006351200
   0.0056775600    0.0050492600    0.0069202900
   0.0029980900    0.0068327800   -0.0030832200
  -0.0011515500   -0.0029328500   -0.0007338600
  -0.0003086500   -0.0021650100    0.0001801300
  -0.0022671000    0.0037336900    0.0022484500
  -0.0002442500    0.0011287300   -0.0001483600
  -0.0001541400   -0.0021811400   -0.0004087000
   0.0001449000   -0.0014528200    0.0005780500
   0.0056013200   -0.0064045600    0.0101228500
  -0.0020055900   -0.0001787200    0.0004949000
  -0.0024458000    0.0003093600   -0.0023969600
   0.0026369800   -0.0033213000   -0.0032357400
   0.0002150700   -0.0002281800   -0.0020689200
  -0.0006234700   -0.0007843000   -0.0007177500
  -0.0025214900   -0.0035708600    0.0025627700
   0.0005172100    0.0005500100    0.0007124000
   0.0079344600   -0.0057589500   -0.0064537000
  -0.0015364700   -0.0007205400   -0.0006123600
  -0.0069225500   -0.0027437000    0.0012740300
   0.0041539800   -0.0018005200    0.0015161100
   0.0004047900   -0.0003068200    0.0011468000
   0.0002465100   -0.0005799100    0.0000723200
   0.0002004800   -0.0000200100   -0.0000328100
   0.0007592400    0.0001500300   -0.0004961800
   0.0113997600    0.0066607400   -0.0052883700
  -0.0034042100    0.0043138800    0.0008383800
  -0.0000501300   -0.0039710100    0.0003871500
   0.0006252300   -0.0023920200   -0.0007150900
   0.0003034100    0.0006980900    0.0014955100
  -0.0000452600    0.0010238300    0.0002462500
   0.0005419900   -0.0010957300    0.0003100500
   0.0008682800   -0.0014656500   -0.0002585400
   0.0018476000    0.0018379500    0.0005937500
  -0.0016818700    0.0069091900   -0.0019059700
   0.0005585700   -0.0007033000    0.0013504700
  -0.0011571700   -0.0031828200    0.0008807700
   0.0007210500    0.0018370400   -0.0001297000
   0.0027907400    0.0068919900    0.0024401400
  -0.0004096100   -0.0007007400    0.0005586100
  -0.0013970600   -0.0031736700    0.0003269000
   0.0015129700    0.0008432200   -0.0006549500
  -0.0098520800   -0.0108699000    0.0093670000
   0.0002703200    0.0008329300   -0.0007934800
   0.0029204200   -0.0107479300   -0.0078320700
   0.0004119400    0.0005069200   -0.0010157000
  -0.0003891200    0.0006927200   -0.0015490000
  -0.0004990800    0.0005003600   -0.0002573900
  -0.0000573800    0.0006750200    0.0011153300

33   
  0.0000000002322761   0.0000000003933007   0.0100000000000000
  -0.0084441700   -0.0004470700    0.0305056500
   0.0017531900    0.0005624500    0.0023166500
   0.0030466000   -0.0005510000    0.0011990100
   0.0011744000   -0.0004290800    0.0012254700
  -0.0072265700   -0.0044454300   -0.0100627700
   0.0042156000   -0.0003286700   -0.0045141900
  -0.0002445100    0.0010797300   -0.0020369700
   0.0018975000    0.0003839400   -0.0015514600
  -0.0021679400   -0.0072459100    0.0253044100
   0.0028973100    0.0006821100    0.0039975200
  -0.0021841400   -0.0010331000    0.0091357100
   0.0036043700   -0.0016452700    0.0029161200
   0.0006069900   -0.0021900900   -0.0056488300
   0.0015507000   -0.0005165500   -0.0027531600
  -0.0010548200    0.0021400500   -0.0060942900
   0.0015792200    0.0001646400   -0.0021969700
  -0.0017870800   -0.0009696800    0.0073279400
  -0.0253143400    0.0074286100    0.0219109700
  -0.0013237600    0.0011628800    0.0008974700
  -0.0002594000    0.0017049700    0.0035860800
   0.0031078100   -0.0018508100   -0.0052867800
  -0.0055051700    0.0021805800   -0.0102882300
  -0.0003214300    0.0000817100   -0.0018544100
  -0.0019198000   -0.0002775600   -0.0024669000
  -0.0032694200    0.0016015400   -0.0021661400
   0.0030822500    0.0068880500   -0.0055789900
  -0.0010282200   -0.0007101300   -0.0009078800
  -0.0004886300   -0.0031240300   -0.0044541100
   0.0023255700   -0.0046436000   -0.0002924300
  -0.0093323700   -0.0084032800    0.0005597900
   0.0034463800    0.0030144000    0.0024431200
  -0.0071666700    0.0019248900    0.0005585500
   0.0598991900    0.0093976200   -0.1346650500
  -0.0007803800    0.0003787800   -0.0007951800
   0.0013396100    0.0001640100   -0.0016683200
   0.0001673500    0.0007775400   -0.0002913600
  -0.0008163900    0.0000237100    0.0061838400
  -0.0014825400    0.0007258300    0.0022881200
   0.0001398000   -0.0003272100    0.0017442400
  -0.0004316400    0.0002846300    0.0013805200
  -0.0017816800    0.0100470200   -0.0014858700
  -0.0008175900    0.0008319100   -0.0017039900
   0.0032793400   -0.0124830600   -0.0014919500
  -0.0016220400    0.0004926800   -0.0017044200
   0.0019339000   -0.0004272700    0.0021323200
   0.0009917100    0.0003309800    0.0006110700
   0.0013748300    0.0020261400    0.0021342400
  -0.0002786500    0.0010905000    0.0006092200
   0.0105538700   -0.0033532900    0.0063947100
  -0.0041448900   -0.0036638100    0.0020508900
  -0.0004102100   -0.0005674500   -0.0004509700
  -0.0009586200    0.0004413900    0.0001219200
  -0.0036619500    0.0040738600    0.0053088200
   0.0017862100    0.0004971300    0.0010337200
  -0.0006812600   -0.0016469300    0.0008542100
   0.0001303600   -0.0005348900    0.0005702100
   0.0003634700   -0.0011061900    0.0004895400
  -0.0017189100   -0.0015494400   -0.0007265900
   0.0014409000    0.0014711300   -0.0003206100
  -0.0048335400    0.0047619600    0.0054792300
  -0.0006139500    0.0005028700   -0.0000117100
   0.0003558700    0.0003612200    0.0004280200
  -0.0087049300   -0.0130362300    0.0117283200
   0.0005725000   -0.0005153500    0.0000031100
   0.0036826300   -0.0014436600   -0.0050026100
   0.0007796100    0.0001164200   -0.0022378900
  -0.0030609500   -0.0033176400   -0.0042857100
  -0.0006439800    0.0026189500   -0.0057653800
   0.0004008000   -0.0004130700    0.0010332700
  -0.0000255300   -0.0009105000    0.0016166600
   0.0010257600    0.0004863400    0.0028917500
   0.0009349800   -0.0012336700    0.0030727200
  -0.0154746300    0.0064196600   -0.0047222300
   0.0028213000   -0.0011924500   -0.0047932100
   0.0000953400   -0.0012141700   -0.0013728700
   0.0004742300   -0.0002818600   -0.0012843600
   0.0009355300   -0.0005080400    0.0031335100
  -0.0008616800    0.0001045100    0.0037859600
   0.0003403700   -0.0003966900    0.0012145300
   0.0000426000    0.0000505000    0.0015151600
   0.0001048200    0.0010848600    0.0003344100
  -0.0043300900   -0.0014068300    0.0268266000
  -0.0003618100    0.0003981900    0.0004767800
   0.0003063300    0.0006199700    0.0010391400
  -0.0016104200    0.0003581300    0.0003443800
   0.0138040400    0.0027595300    0.0263585200
  -0.0007870400   -0.0003857700    0.0004810300
   0.0004353900    0.0000860800    0.0010459000
   0.0000757200    0.0001678200   -0.0010167900
  -0.0015455100   -0.0069042800    0.0005702000
  -0.0008527800    0.0003069100   -0.0010153500
   0.0009316200    0.0102296900    0.0005793700
  -0.0011556600    0.0007026800    0.0005423400
  -0.0002087400    0.0020685200    0.0010687400
  -0.0024395500   -0.0000535200    0.0005374600
   0.0003281500   -0.0005757100    0.0010677900

33   
 -0.0000000002322761  -0.0000000003933007  -0.0100000000000000
   0.0120143300    0.0009976800   -0.0330154200
   0.0002809900   -0.0009825300   -0.0025937600
  -0.0009962000    0.0000763800   -0.0014622800
   0.0008661600   -0.0000188600   -0.0014793100
   0.0092309500    0.0039966700    0.0098727200
  -0.0021771700   -0.0001250800    0.0043217700
   0.0022740300   -0.0015402300    0.0018372700
   0.0001456200   -0.0008259600    0.0013291500
   0.0043766900    0.0065779700   -0.0250976600
  -0.0008786100   -0.0011432200   -0.0038041600
   0.0042522300    0.0006344900   -0.0089769800
  -0.0015723900    0.0012064600   -0.0027503300
   0.0014293700    0.0017881400    0.0058681000
   0.0005005200    0.0000840300    0.0029477500
   0.0031154700   -0.0026263700    0.0063246300
   0.0004635900   -0.0006192500    0.0023967300
  -0.0001749900    0.0005476300   -0.0075644200
   0.0223606700   -0.0074457500   -0.0220860100
  -0.0006575300   -0.0016251200   -0.0011447500
  -0.0017544600   -0.0021681300   -0.0038318900
  -0.0051620500    0.0014323400    0.0050827100
   0.0035658400   -0.0026617400    0.0101246300
  -0.0016815300   -0.0005267800    0.0016243400
  -0.0000744800   -0.0001583900    0.0022336700
   0.0012933600   -0.0020316100    0.0023800200
  -0.0050627000   -0.0072935400    0.0058153500
  -0.0009705600    0.0002556900    0.0011086600
  -0.0014927100    0.0026769700    0.0046820400
  -0.0043271500    0.0042099800    0.0004317800
   0.0073618300    0.0080211700   -0.0004858200
  -0.0054790100   -0.0034942300   -0.0023040100
   0.0051921900   -0.0023929100   -0.0003976300
  -0.0625143800   -0.0121738600    0.1404188900
   0.0011234700    0.0005546100    0.0017391600
  -0.0010092500    0.0007855900    0.0026195200
   0.0001614200    0.0001635900    0.0012403400
   0.0011668500    0.0009112600   -0.0052639400
   0.0018277600    0.0002111400   -0.0013562900
   0.0001933100    0.0012787900   -0.0008111300
   0.0007657400    0.0006585500   -0.0004423100
   0.0021120900   -0.0091050100    0.0005609500
   0.0011502400    0.0001154200    0.0007116000
  -0.0029780200    0.0135100000    0.0005556400
   0.0019570900    0.0004457300    0.0007112200
  -0.0016120500    0.0013618900   -0.0031523400
  -0.0006715500    0.0006120400   -0.0016211900
  -0.0010580600   -0.0010745900   -0.0031504800
   0.0006058100   -0.0001493900   -0.0016230600
  -0.0111879300    0.0028684600   -0.0060105800
   0.0034409700    0.0032647400   -0.0017234800
  -0.0003094700    0.0001500200    0.0008032500
   0.0002389900   -0.0008725200    0.0002289400
   0.0029785000   -0.0045602500   -0.0050034200
  -0.0025320500   -0.0009361200   -0.0006693600
  -0.0000388500    0.0012430500   -0.0004952200
  -0.0008540300    0.0001133600   -0.0002151900
  -0.0011305300    0.0007298200   -0.0009790800
   0.0009986000    0.0011281400    0.0003126300
  -0.0021622800   -0.0018928400   -0.0000946900
   0.0041725400   -0.0052442600   -0.0059268200
  -0.0001054700   -0.0009318200   -0.0003781300
  -0.0010800900   -0.0007871500   -0.0008268700
   0.0081030800    0.0128096800   -0.0123279700
  -0.0013080400    0.0000971900   -0.0003996200
  -0.0029168000    0.0010134300    0.0046093000
  -0.0000080600   -0.0005407300    0.0018476600
   0.0038264500    0.0028899800    0.0039455400
   0.0014219600   -0.0030488700    0.0053569000
   0.0003709700   -0.0000198700   -0.0014530700
   0.0007921000    0.0004788300   -0.0020248700
  -0.0002509200   -0.0009126500   -0.0033190300
  -0.0001828500    0.0008287000   -0.0035079400
   0.0162260700   -0.0068574600    0.0052461900
  -0.0019641500    0.0007762600    0.0052120600
   0.0006666800    0.0008043300    0.0017342800
   0.0002894400   -0.0001335500    0.0016457800
  -0.0001662500    0.0000789600   -0.0028018200
   0.0016089300   -0.0005378900   -0.0034424200
   0.0004263500   -0.0000181000   -0.0008717800
   0.0007237900   -0.0004710600   -0.0011739500
  -0.0003844600   -0.0001440000    0.0006121200
   0.0039039200    0.0023288400   -0.0254769300
   0.0000772800    0.0005493000    0.0004665300
  -0.0005874800    0.0003264100   -0.0000972800
   0.0013410000    0.0005787200    0.0006219600
  -0.0143786500   -0.0018683600   -0.0259442900
   0.0005136700    0.0013363000    0.0004706700
  -0.0007107600    0.0008655000   -0.0000904500
  -0.0003588700    0.0007729100    0.0000160000
   0.0013024200    0.0078617500   -0.0016099300
   0.0005769700    0.0006331700    0.0000174700
  -0.0012207000   -0.0093080000   -0.0016014000
   0.0008700600    0.0002365800   -0.0015345500
  -0.0000767400   -0.0011485400   -0.0020650800
   0.0021783800    0.0010023200   -0.0015393600
  -0.0006164700    0.0015355900   -0.0020661800

49   
  0.0100000000000000   0.0000000000242267   0.0000000002892488
   0.0068740100    0.0019623000   -0.0034850600
  -0.0020493200   -0.0009503400    0.0023385100
   0.0026152000   -0.0030493100   -0.0012594900
  -0.0001279200   -0.0002519100    0.0003059100
   0.0149351200    0.0036300100    0.0016734800
  -0.0103643200   -0.0040944500   -0.0052998300
   0.0034157000   -0.0019742500    0.0004621600
  -0.0022051900    0.0027456700    0.0002156700
   0.0191657700    0.0115530700    0.0069211500
  -0.0066305700    0.0011164100    0.0028127100
   0.0042779100    0.0000587000   -0.0009384000
  -0.0035255900   -0.0015598700    0.0014562900
   0.0046065600   -0.0010499200    0.0013427100
  -0.0020245900   -0.0008890600   -0.0032073100
   0.0024722500    0.0007496300    0.0020308600
   0.0001316500   -0.0006536400   -0.0008799300
   0.0302111600    0.0114352400   -0.0112967800
  -0.0118376800    0.0041676300   -0.0042462500
   0.0036575500    0.0017430500    0.0019047500
  -0.0038952700   -0.0024826100   -0.0005496400
   0.0013137500   -0.0014635100   -0.0004968100
  -0.0043129700    0.0007748900    0.0005073100
   0.0001500600    0.0006130500   -0.0012248200
  -0.0025019600   -0.0006281900   -0.0003779000
   0.0143598700   -0.0012279200    0.0013863800
  -0.0089171900   -0.0051898800    0.0033023400
   0.0032307900   -0.0020061300   -0.0026167000
  -0.0047590800    0.0013649600    0.0001769300
   0.0005566300    0.0016944000    0.0009429000
  -0.0052408500    0.0001442000   -0.0018680000
  -0.0003020000   -0.0014617800    0.0016018500
  -0.0020414400   -0.0001747000    0.0001071700
   0.0089428300   -0.0055793800    0.0113024600
   0.0065040300   -0.0029202800   -0.0032985900
  -0.0001042200    0.0012286500    0.0004400400
   0.0003711000    0.0003829800   -0.0001076300
   0.0016571900    0.0023477100   -0.0028350800
   0.0000897500    0.0003247000    0.0026593100
   0.0000473600    0.0002368900    0.0001653400
   0.0002155200   -0.0000678200    0.0009840500
   0.0059988200    0.0025711900    0.0079229300
   0.0002782600   -0.0004358600   -0.0014473300
  -0.0006731500   -0.0001261500   -0.0002474400
   0.0005322900    0.0007045800   -0.0012223800
   0.0001042300    0.0025205000   -0.0022977300
   0.0107984600   -0.0025058900    0.0039913200
   0.0031865200   -0.0054949600   -0.0012494300
   0.0003387200    0.0020883700    0.0008580400
  -0.1304859600   -0.0222845500   -0.0177209400
   0.0054457700    0.0004214600   -0.0000711000
  -0.0012418400    0.0001449100    0.0007287300
   0.0009629000   -0.0002879000    0.0000068300
  -0.0013185300   -0.0003098000   -0.0001233500
   0.0010156900   -0.0002371900    0.0007673600
  -0.0011196100   -0.0003371400    0.0001930200
   0.0001860600   -0.0000680800    0.0002624900
  -0.0101760000    0.0025339700   -0.0024715100
   0.0028542400   -0.0000545600    0.0001384000
  -0.0101840400   -0.0024533500    0.0000984400
   0.0028534900   -0.0004879100   -0.0005160400
  -0.0012217100   -0.0003055000    0.0003717500
   0.0005336100   -0.0001173900    0.0001558100
  -0.0012212000   -0.0005952400   -0.0004930900
   0.0005331500   -0.0000964700   -0.0004184300
  -0.0042900500    0.0019386700    0.0011901300
   0.0021441900   -0.0004525600   -0.0005666900
  -0.0043347800    0.0025789300   -0.0032811300
   0.0021414800   -0.0013606100    0.0004588400
  -0.0024564100   -0.0014808100    0.0017502400
   0.0028804500   -0.0003697800   -0.0003637900
  -0.0024410700   -0.0012883500   -0.0009613800
   0.0028904100    0.0008356400    0.0009393600
  -0.0063938900   -0.0018098700   -0.0065514600
   0.0035488200    0.0000678000    0.0003428900
  -0.0004808700    0.0006187200   -0.0002896800
   0.0012909000   -0.0000183900    0.0002443900
  -0.0063962100    0.0013913000    0.0036397100
   0.0035498900   -0.0009277300   -0.0002896200
  -0.0004802400   -0.0003791200    0.0003653900
   0.0012914200   -0.0004913400    0.0002237100
   0.0395344600    0.0115830900    0.0164847400
   0.0198589900   -0.0034025500   -0.0018839800
  -0.0007022100   -0.0000456900    0.0007610600
   0.0000246100    0.0006448900    0.0003835700
  -0.0005297200    0.0003203100   -0.0000776900
   0.0003351300   -0.0000318500    0.0017064600
  -0.0002070400    0.0005561100    0.0005154700
   0.0004302400    0.0008868100    0.0008138200
   0.0053208200   -0.0069665000   -0.0039367800
   0.0042267500    0.0041512500   -0.0015179000
   0.0031850300    0.0079082600    0.0028341100
  -0.0003194100   -0.0015070400   -0.0000867400
  -0.0005575100    0.0002155700    0.0001607400
   0.0001181600    0.0007710100    0.0000797800
  -0.0005352700    0.0004140500   -0.0004652400
   0.0004111800    0.0002635600   -0.0008907600

49   
 -0.0100000000000000  -0.0000000000242267  -0.0000000002892488
  -0.0048373400   -0.0024476000    0.0032535600
   0.0041146900    0.0004481300   -0.0025626600
  -0.0005447200    0.0025395600    0.0010313800
   0.0021890700   -0.0002517700   -0.0005350200
  -0.0130921900   -0.0037878100   -0.0014953200
   0.0124047600    0.0035618900    0.0050200100
  -0.0013843200    0.0014681500   -0.0006595500
   0.0042705000   -0.0032458600   -0.0004588900
  -0.0172694100   -0.0125732200   -0.0073794500
   0.0086864600   -0.0016215000   -0.0025877700
  -0.0022457700   -0.0005533400    0.0010790100
   0.0055855500    0.0010423500   -0.0012587800
  -0.0025670100    0.0005217800   -0.0011450800
   0.0040927800    0.0003935400    0.0033956100
  -0.0004102600   -0.0012559400   -0.0018217100
   0.0019349500    0.0001406400    0.0010671400
  -0.0310860800   -0.0108087500    0.0099969100
   0.0098515600   -0.0046856600    0.0040538500
  -0.0055920300   -0.0022313600   -0.0021640900
   0.0019068100    0.0019956000    0.0003208500
  -0.0032658800    0.0009837400    0.0002764500
   0.0023121900   -0.0012755100   -0.0007485500
  -0.0021270200   -0.0011120900    0.0009933200
   0.0005090000    0.0001262700    0.0001450700
  -0.0156548900    0.0000101400   -0.0004991700
   0.0069404500    0.0047152000   -0.0031336200
  -0.0051368100    0.0015023200    0.0028319400
   0.0027540800   -0.0018902000    0.0000027300
  -0.0025118600   -0.0022284800   -0.0007581000
   0.0032442300   -0.0006433000    0.0020611100
  -0.0016686400    0.0009463700   -0.0014040400
   0.0000580600   -0.0003393800    0.0000856400
  -0.0086569800    0.0064999100   -0.0104720000
  -0.0061649700    0.0038164000    0.0042538000
   0.0004615400   -0.0003567800    0.0005076600
  -0.0000274200    0.0004961400    0.0010568400
  -0.0012981900   -0.0014660000    0.0037716800
   0.0002445700    0.0005482500   -0.0016925400
   0.0003107100    0.0006367000    0.0007744600
   0.0001318100    0.0009461500   -0.0000333100
  -0.0056546100   -0.0016795500   -0.0088755000
   0.0000595400    0.0013173900    0.0004403800
   0.0010172700    0.0010108300   -0.0007483800
  -0.0001922200    0.0001783200    0.0002209900
   0.0002495600   -0.0016533900    0.0013127500
  -0.0104461200    0.0034008900   -0.0050074900
  -0.0028292200    0.0063386400    0.0002519300
  -0.0000114000   -0.0011842300   -0.0018520700
   0.1241135400    0.0249164600    0.0204733100
  -0.0061494300   -0.0009212600    0.0004173800
   0.0005312500   -0.0006423500   -0.0003623900
  -0.0016642200   -0.0001992400    0.0003536600
   0.0006181200   -0.0001798100    0.0004764700
  -0.0017186000   -0.0002539400   -0.0004090000
   0.0004145400   -0.0001518200    0.0001617600
  -0.0008875000   -0.0004186600    0.0000946100
   0.0094739700   -0.0028181900    0.0020491600
  -0.0035562900   -0.0004395200   -0.0005352800
   0.0094658100    0.0017146500   -0.0005046200
  -0.0035574400    0.0000185600    0.0001120300
   0.0005162100   -0.0001776500   -0.0007702300
  -0.0012341900   -0.0003690500   -0.0005535200
   0.0005168900    0.0001085100    0.0000903000
  -0.0012346700   -0.0003890900    0.0000206500
   0.0051159200   -0.0024489000   -0.0015994800
  -0.0013534800   -0.0000415600    0.0001613700
   0.0050715900   -0.0030539500    0.0028672000
  -0.0013564200    0.0008751000   -0.0008662800
   0.0032214200    0.0009843000   -0.0021389000
  -0.0020988200   -0.0001264400   -0.0000308500
   0.0032367400    0.0007998200    0.0005540800
  -0.0020892800   -0.0013067700   -0.0013197600
   0.0071331700    0.0013304100    0.0070037300
  -0.0027680000   -0.0005553400    0.0000045200
   0.0012602500   -0.0011029200    0.0006481000
  -0.0005070300   -0.0004639200    0.0001106000
   0.0071309700   -0.0018753800   -0.0033991400
  -0.0027672400    0.0004339000    0.0006644800
   0.0012607800   -0.0001061600   -0.0000146600
  -0.0005064600    0.0000098500    0.0001330900
  -0.0390700400   -0.0104630200   -0.0152109900
  -0.0203947300    0.0043621900    0.0029098000
   0.0004288600    0.0009182700    0.0001969200
  -0.0002768400    0.0002333400    0.0005758300
   0.0002567800    0.0005571100    0.0010312700
  -0.0005952900    0.0009101400   -0.0007570100
  -0.0000572000    0.0003241300    0.0004367800
  -0.0006904600   -0.0000039200    0.0001398200
  -0.0055353700    0.0077693700    0.0029180100
  -0.0045021600   -0.0032945700    0.0005143300
  -0.0034315400   -0.0070012900   -0.0037982600
   0.0000741200    0.0023960800   -0.0009074300
   0.0002855500    0.0006630600   -0.0011484300
  -0.0003746100    0.0001092400   -0.0010708100
   0.0002643000    0.0004585500   -0.0005280500
  -0.0006682800    0.0006180900   -0.0001061500

49   
  0.0000000000188197   0.0100000000000000   0.0000000003404018
   0.0021533500    0.0022331200    0.0014657800
  -0.0005460300   -0.0000957800    0.0027248600
   0.0017784200   -0.0050761800   -0.0016986300
   0.0009092100   -0.0012218000   -0.0005613600
   0.0024367800    0.0167582300    0.0004258700
  -0.0015464000    0.0003688500   -0.0025200300
  -0.0033155900   -0.0082602400    0.0064434600
   0.0025337400   -0.0044538400   -0.0004699600
   0.0070792300    0.0338264600    0.0099903300
   0.0025175800    0.0058465900   -0.0023794500
   0.0051976800   -0.0076733900    0.0054614300
  -0.0014862500   -0.0037746600    0.0016291400
   0.0004577300    0.0036566900    0.0009957000
   0.0022251700    0.0025924000    0.0026243000
   0.0010973800   -0.0034041600   -0.0024084600
   0.0007497000   -0.0020011600   -0.0007571100
   0.0081563000    0.0327800000   -0.0071453800
   0.0001278000    0.0006743700    0.0016877800
   0.0039808300   -0.0087458200   -0.0035539900
  -0.0026544600   -0.0039197600   -0.0005341100
  -0.0017170400    0.0015734200   -0.0014533800
   0.0007549100    0.0003643800   -0.0017437900
  -0.0005044200   -0.0023251700    0.0008923100
  -0.0014450500   -0.0014714300    0.0000427200
   0.0069142800    0.0224508500    0.0008615200
  -0.0027271600    0.0050354400    0.0013662500
  -0.0063304000   -0.0081333300   -0.0048749000
   0.0012174100   -0.0033982600    0.0005154100
   0.0004482200    0.0024898300   -0.0010043800
  -0.0050273400    0.0032201800   -0.0017993600
  -0.0013562800   -0.0029867000    0.0013744200
  -0.0009553000   -0.0020102000    0.0003691900
  -0.0018920200   -0.0047490600   -0.0026125000
   0.0080695900   -0.0066211300   -0.0030001600
  -0.0004278400    0.0031889600    0.0001142800
  -0.0017588000    0.0024137000    0.0011270000
  -0.0020423900   -0.0034887900    0.0048077300
   0.0005239200   -0.0008565400    0.0011879000
   0.0005982200    0.0024282800   -0.0009602900
  -0.0001006800    0.0017136500    0.0001516800
   0.0082193500    0.0037569200    0.0123760500
  -0.0003159100   -0.0002892600   -0.0001950900
  -0.0008825200    0.0004911300   -0.0012219200
   0.0002988900    0.0010532400   -0.0010743700
   0.0018727600   -0.0000372500   -0.0021775700
  -0.0111286100    0.0035214600   -0.0054984600
  -0.0032385900    0.0066057400    0.0004141000
   0.0017590500    0.0004336400    0.0008423000
  -0.0261089600   -0.1670819500   -0.0133991000
   0.0003227300   -0.0019822800   -0.0001419400
   0.0000433700    0.0088581500    0.0003701200
  -0.0003951600    0.0012926600    0.0003426600
  -0.0004137100   -0.0012247700    0.0004510700
  -0.0003442400   -0.0017176600    0.0002004700
  -0.0004441600    0.0009478400    0.0007289600
  -0.0001766400    0.0005843500    0.0002693900
  -0.0024245700    0.0407440800   -0.0056343800
  -0.0006039800   -0.0001168000   -0.0000760400
   0.0023381600    0.0416509200    0.0018540400
  -0.0001572500   -0.0001247300   -0.0002599900
  -0.0007018300   -0.0002669600    0.0004359000
  -0.0002061400    0.0000549100   -0.0000849600
  -0.0004164500   -0.0002754500   -0.0003141700
  -0.0002255400    0.0000526600   -0.0003256500
  -0.0024664400    0.0018280000    0.0028395500
   0.0014695900   -0.0000236300   -0.0000478800
  -0.0018439500    0.0018187500   -0.0045144700
   0.0005608300   -0.0000280900   -0.0008643400
   0.0013989000    0.0005844000   -0.0032347700
  -0.0007175700    0.0001730400   -0.0006531500
   0.0015872500    0.0005702300    0.0027677200
   0.0004731700    0.0001640900    0.0005445600
  -0.0012942200   -0.0079420200    0.0007139600
   0.0010378900   -0.0018447700   -0.0003121200
   0.0004880800    0.0022481800    0.0002523000
   0.0006025400    0.0009646400    0.0002687000
   0.0019103600   -0.0079498700   -0.0004887700
   0.0000380400   -0.0018433000    0.0002139400
  -0.0005092600    0.0022487100    0.0006857600
   0.0001283200    0.0009637100    0.0003070800
   0.0125955900   -0.0063765300    0.0070906700
  -0.0062572300   -0.0040388900   -0.0005182200
  -0.0000599500    0.0042278500   -0.0005306200
   0.0009047100    0.0026490900    0.0004022500
  -0.0006896700   -0.0004253700    0.0001820900
  -0.0006934400   -0.0007437100    0.0008040400
   0.0000360400    0.0013580800    0.0002866700
   0.0006164000    0.0017275900    0.0007371000
  -0.0075382800    0.0030097400    0.0026038700
   0.0060347300    0.0020482100   -0.0033227900
   0.0036680000    0.0059703300    0.0007153900
  -0.0015871300    0.0009811500   -0.0008239600
  -0.0000969900    0.0002836500   -0.0011942900
  -0.0001038500    0.0001080900    0.0005311500
   0.0000285800    0.0005671200   -0.0003015800
  -0.0004851000    0.0008429600    0.0001968900

49   
 -0.0000000000188197  -0.0100000000000000  -0.0000000003404018
  -0.0001053200   -0.0026959900   -0.0017202000
   0.0025899900   -0.0004109400   -0.0029339800
   0.0002649300    0.0045700800    0.0014806800
   0.0011421700    0.0007087700    0.0003409500
  -0.0008575500   -0.0166653500    0.0000657500
   0.0036201400   -0.0008517800    0.0023134000
   0.0054221000    0.0077650800   -0.0067531600
  -0.0004898000    0.0039369800    0.0002341200
  -0.0058980000   -0.0351278500   -0.0110822100
  -0.0004733000   -0.0063541800    0.0025642300
  -0.0030974300    0.0071669300   -0.0052040100
   0.0035310800    0.0032755000   -0.0014373200
   0.0015581700   -0.0041933700   -0.0007843300
  -0.0001676700   -0.0031108400   -0.0024189200
   0.0009632200    0.0029063900    0.0026059900
   0.0013004500    0.0014981800    0.0009540600
  -0.0091491700   -0.0323799500    0.0061802000
  -0.0021629800   -0.0011496800   -0.0019331100
  -0.0060330700    0.0082425300    0.0033776300
   0.0006733600    0.0034145700    0.0003062500
  -0.0002597600   -0.0020357300    0.0012417100
  -0.0027377700   -0.0008665600    0.0015183900
  -0.0014911000    0.0018093000   -0.0011247500
  -0.0005395000    0.0009611600   -0.0002690700
  -0.0081712000   -0.0235477900    0.0000057200
   0.0007353200   -0.0055853000   -0.0011719600
   0.0042768200    0.0076316800    0.0050298200
  -0.0032000700    0.0029045400   -0.0003302700
  -0.0024102200   -0.0030358300    0.0011873200
   0.0030525200   -0.0037494900    0.0020025700
  -0.0006308600    0.0024776300   -0.0011656000
  -0.0010264600    0.0015041800   -0.0001735000
   0.0022759300    0.0055914500    0.0036121100
  -0.0076602400    0.0074166900    0.0039323700
   0.0007623300   -0.0023070400    0.0008362200
   0.0021220800   -0.0015452400   -0.0001824100
   0.0023689800    0.0043237800   -0.0038211600
  -0.0001874600    0.0017327300   -0.0002407500
  -0.0002696100   -0.0015619200    0.0019342700
   0.0004437100   -0.0008376900    0.0008043800
  -0.0079348600   -0.0029371400   -0.0134638600
   0.0006434900    0.0011695600   -0.0008027500
   0.0012099100    0.0003716100    0.0002173100
   0.0000374100   -0.0001739900    0.0000786800
  -0.0015448400    0.0009350300    0.0011908600
   0.0114994600   -0.0026783100    0.0045122700
   0.0035974400   -0.0057566700   -0.0014169600
  -0.0014019500    0.0004228600   -0.0018304300
   0.0218778400    0.1708822500    0.0159692100
  -0.0010286000    0.0015013400    0.0005136500
  -0.0007525200   -0.0093591200   -0.0000203500
  -0.0003151900   -0.0017877000    0.0000209000
  -0.0002923900    0.0007351600   -0.0000900800
  -0.0003696200    0.0012264000    0.0001574600
  -0.0002675800   -0.0014399900   -0.0003676300
  -0.0005358200   -0.0010761700    0.0000921300
   0.0017358100   -0.0421759400    0.0053630600
  -0.0001058100   -0.0003678900   -0.0003113500
  -0.0030235300   -0.0412686100   -0.0022046900
  -0.0005509300   -0.0003761200   -0.0001270700
  -0.0000068700   -0.0002142300   -0.0008317800
  -0.0005074200   -0.0005402700   -0.0003103900
  -0.0002973300   -0.0002227500   -0.0000778700
  -0.0004857600   -0.0005426900   -0.0000691800
   0.0032386200   -0.0023061400   -0.0032391600
  -0.0006929300   -0.0004684600   -0.0003498900
   0.0026159300   -0.0023153900    0.0041015000
   0.0002223300   -0.0004729500    0.0004726600
  -0.0006165800   -0.0010641900    0.0028437600
   0.0014967800   -0.0006597600    0.0002569800
  -0.0008048800   -0.0010783700   -0.0031498200
   0.0003022800   -0.0006690000   -0.0009476400
   0.0020445800    0.0074561300   -0.0002044500
  -0.0002505600    0.0013637600    0.0006774100
   0.0002878200   -0.0027349700    0.0000996900
   0.0001739100   -0.0014520000    0.0000907300
  -0.0011571900    0.0074484300    0.0006804000
   0.0007333500    0.0013651700    0.0001401700
   0.0012849500   -0.0027346000   -0.0003094300
   0.0006463900   -0.0014528700    0.0000551400
  -0.0130022000    0.0071213900   -0.0061802900
   0.0060585200    0.0048670600    0.0014546600
  -0.0001930100   -0.0033447000    0.0014924300
  -0.0011883400   -0.0017775500    0.0005549900
   0.0004086100    0.0013007800    0.0007734700
   0.0004309600    0.0016260700    0.0001663500
  -0.0003062700   -0.0004785700    0.0006698600
  -0.0008893500   -0.0008533100    0.0002202300
   0.0072999700   -0.0021257100   -0.0035981000
  -0.0063282100   -0.0011705500    0.0023490000
  -0.0039459600   -0.0051216000   -0.0017367200
   0.0012977000   -0.0001220500   -0.0001621400
  -0.0001768300    0.0005995400    0.0002092400
  -0.0001611500    0.0007726200   -0.0015261700
  -0.0003047000    0.0002991100   -0.0006900200
   0.0002103700    0.0000304700   -0.0011874600

49   
  0.0000000002322761   0.0000000003933007   0.0100000000000000
  -0.0020073700    0.0056080100   -0.0092787700
   0.0024863000    0.0010414200   -0.0035068600
   0.0014853500   -0.0042548400   -0.0030547300
   0.0011620200   -0.0010707800   -0.0014409300
   0.0059903300   -0.0060582100    0.0179611700
  -0.0005643700   -0.0022142500    0.0004805800
   0.0010450900    0.0014234700    0.0023362600
   0.0000827000    0.0026098300    0.0024055100
   0.0066532200    0.0170723200    0.0284078600
   0.0025513300   -0.0014346100    0.0030733800
   0.0005734400    0.0005647000    0.0042648300
   0.0034074800    0.0007505000    0.0005259200
   0.0055454300    0.0048441200   -0.0081611200
  -0.0004114400   -0.0006746300   -0.0047726100
   0.0001670700   -0.0021842600   -0.0048434600
   0.0008751800   -0.0005794800   -0.0011294900
  -0.0100839200   -0.0065608000    0.0330182400
  -0.0047183900    0.0013440800    0.0082111700
  -0.0009340300   -0.0023130800    0.0031994600
  -0.0023947100   -0.0026631900    0.0016628900
  -0.0049206600   -0.0042190900   -0.0085246200
   0.0012861800   -0.0003614200   -0.0046972200
  -0.0012988100    0.0005298300   -0.0031569000
  -0.0006777800    0.0000914700   -0.0025060700
  -0.0092502800   -0.0010798400    0.0202029300
   0.0010602300    0.0033833900    0.0038417200
  -0.0039776900   -0.0016224800    0.0034152800
   0.0024612600   -0.0018009200    0.0032377700
   0.0036528300   -0.0044368500   -0.0089822500
  -0.0053200400    0.0001221600   -0.0045210200
  -0.0002355700    0.0005957600   -0.0029449400
  -0.0016929200   -0.0002681700   -0.0017877800
   0.0134648200   -0.0062456700    0.0066330100
  -0.0052808600    0.0037450700    0.0023426000
   0.0004477800    0.0013757700   -0.0001746900
   0.0001894900    0.0004700300    0.0004010500
  -0.0040066200   -0.0016062400    0.0056142100
   0.0014230100    0.0007951800    0.0012893100
  -0.0001466600    0.0010485400    0.0011200800
   0.0000947600    0.0000654300    0.0008383800
   0.0070795500    0.0031796700    0.0114926300
  -0.0008435500    0.0013651100   -0.0003135500
   0.0012662400   -0.0013955400   -0.0003341600
   0.0000377000   -0.0000607300    0.0001074800
  -0.0018725100   -0.0017605300   -0.0006404800
   0.0117422400   -0.0025206200    0.0051944800
  -0.0054182800    0.0107541600    0.0002145100
   0.0001495300    0.0011452400   -0.0010513500
  -0.0209795000   -0.0151659100   -0.1454146400
  -0.0006041000   -0.0005469800   -0.0021966700
   0.0001918900   -0.0000241000   -0.0012082600
  -0.0005313000   -0.0000589300   -0.0012028800
  -0.0006612900    0.0000505500    0.0076916900
   0.0002326600   -0.0002004300    0.0023117500
  -0.0003380900    0.0003282200    0.0017241000
  -0.0002719300   -0.0001324400    0.0010489300
  -0.0006331400   -0.0021469800   -0.0103178900
  -0.0000366600   -0.0001569200   -0.0020933100
   0.0019068300    0.0051508700   -0.0103339300
  -0.0006834200   -0.0003442000   -0.0020916400
  -0.0000508100   -0.0001128100    0.0024993900
  -0.0001234400   -0.0000975800    0.0012064000
  -0.0009122700   -0.0008525800    0.0025026800
  -0.0006983400   -0.0003360800    0.0012070500
  -0.0026740600    0.0040670200    0.0008861600
   0.0010499700    0.0004421600   -0.0003758000
   0.0017955900   -0.0032709000    0.0008984400
   0.0000252900   -0.0003768500   -0.0003764300
  -0.0003591600   -0.0031892800    0.0013741700
   0.0015150600   -0.0009729600    0.0005767700
   0.0023431600    0.0028242400    0.0013809000
   0.0002173000    0.0002254800    0.0005733100
  -0.0030593400   -0.0007906400    0.0317310600
   0.0008725600   -0.0001821100    0.0003901900
   0.0002126100    0.0002773800    0.0000732700
   0.0003543400   -0.0000923100    0.0003879900
   0.0072501300    0.0002441600    0.0323676200
   0.0002286000   -0.0007095100    0.0003810000
   0.0008726700   -0.0001415200    0.0000617800
   0.0003326800   -0.0001285800    0.0003844900
   0.0131625000    0.0059244400   -0.0046026400
  -0.0107677800   -0.0001862500   -0.0045834700
  -0.0006219500    0.0002610600   -0.0011020100
  -0.0007891300    0.0013579600   -0.0010139800
  -0.0004623000   -0.0008442100    0.0034225600
   0.0018425400    0.0003991200    0.0040661100
   0.0001939400    0.0003374200    0.0014970000
   0.0008575900    0.0009054200    0.0017975100
  -0.0011716500    0.0019584800   -0.0046272300
   0.0061364600    0.0021556500   -0.0060604000
  -0.0019238600   -0.0057322200   -0.0053152200
   0.0004408600    0.0000470800   -0.0025667300
  -0.0014213600    0.0006133200    0.0025745100
  -0.0019387900    0.0001534800    0.0027736400
   0.0002682600    0.0018035900    0.0007218700
  -0.0009139500    0.0007271500    0.0013011200

49   
 -0.0000000002322761  -0.0000000003933007  -0.0100000000000000
   0.0041090400   -0.0061313900    0.0090356200
  -0.0004274700   -0.0015099200    0.0032548100
   0.0005849900    0.0037993800    0.0028208700
   0.0008996500    0.0006115000    0.0012031600
  -0.0045774700    0.0063593800   -0.0170797300
   0.0026782900    0.0017657100   -0.0006625300
   0.0009736500   -0.0018985400   -0.0025085000
   0.0019960800   -0.0030867100   -0.0026236200
  -0.0056645100   -0.0189439900   -0.0293344500
  -0.0004491600    0.0009608100   -0.0029051400
   0.0014531200   -0.0010156400   -0.0041122500
  -0.0013310800   -0.0012170400   -0.0003351300
  -0.0034267600   -0.0052515000    0.0083403500
   0.0024680700    0.0002124600    0.0049931800
   0.0018878300    0.0016944000    0.0050288200
   0.0011847400    0.0001101000    0.0013435000
   0.0089354500    0.0067891900   -0.0337605500
   0.0027417400   -0.0018103200   -0.0084544100
  -0.0010374900    0.0018310100   -0.0034800000
   0.0004241000    0.0022121300   -0.0018907700
   0.0028824400    0.0036942000    0.0082810600
  -0.0032417800   -0.0001081600    0.0044707300
  -0.0006877500   -0.0009829300    0.0029433900
  -0.0012975500   -0.0005474900    0.0022829100
   0.0078604000   -0.0000066400   -0.0195403000
  -0.0030131500   -0.0038671200   -0.0036444700
   0.0020306900    0.0011662200   -0.0031701700
  -0.0044096600    0.0013239300   -0.0030221300
  -0.0056766000    0.0040125000    0.0091934300
   0.0033560300   -0.0005854400    0.0047068400
  -0.0017395000   -0.0010707100    0.0031174200
  -0.0002762000   -0.0002075300    0.0019752500
  -0.0132215700    0.0072123200   -0.0057171800
   0.0056006900   -0.0028088500   -0.0013755000
  -0.0000934000   -0.0004679700    0.0011350200
   0.0001510900    0.0004495000    0.0005635700
   0.0043408700    0.0025204300   -0.0046416400
  -0.0010461300    0.0001196800   -0.0003586100
   0.0005053600   -0.0001234600   -0.0001737500
   0.0002590200    0.0008521100    0.0001085600
  -0.0067186900   -0.0022402600   -0.0125062500
   0.0012032000   -0.0004480500   -0.0006609000
  -0.0009209400    0.0023308000   -0.0006447600
   0.0003066700    0.0009827000   -0.0010917800
   0.0022011700    0.0026525200   -0.0003591200
  -0.0113980100    0.0034578800   -0.0061565400
   0.0056966900   -0.0097075200   -0.0011988000
   0.0001824700   -0.0002266300    0.0000432500
   0.0165004800    0.0150288400    0.1475565800
  -0.0001145000    0.0001001400    0.0025642800
  -0.0008916200   -0.0004290000    0.0015756400
  -0.0001768500   -0.0003890500    0.0015656400
  -0.0000532200   -0.0004991600   -0.0073198600
  -0.0009360500   -0.0002516400   -0.0019468500
  -0.0003616500   -0.0007767700   -0.0013594200
  -0.0004321300   -0.0003180000   -0.0006858900
  -0.0000477100    0.0019098200    0.0098821100
  -0.0006821700   -0.0002889700    0.0016989900
  -0.0026315100   -0.0058457900    0.0098655600
  -0.0000281900   -0.0001079300    0.0017008800
  -0.0006522600   -0.0003482400   -0.0028920500
  -0.0005807400   -0.0003532800   -0.0015967800
   0.0002117500    0.0004161100   -0.0028886900
  -0.0000071900   -0.0001098200   -0.0015960400
   0.0034814600   -0.0045489200   -0.0012733900
  -0.0002678100   -0.0008943100   -0.0000128300
  -0.0009864700    0.0028085400   -0.0012603400
   0.0007602000   -0.0000736600   -0.0000135800
   0.0011633800    0.0027294000   -0.0017923200
  -0.0007362200    0.0005200900   -0.0009759500
  -0.0015382300   -0.0032539900   -0.0017856600
   0.0005571900   -0.0006839600   -0.0009795700
   0.0039631200    0.0003700100   -0.0319802900
  -0.0001003800   -0.0002640600   -0.0000207200
   0.0005740800   -0.0007264000    0.0002991100
   0.0004265400   -0.0003525600   -0.0000225600
  -0.0063256200   -0.0006823900   -0.0313458400
   0.0005483200    0.0002718500   -0.0000296500
  -0.0000834600   -0.0003021900    0.0002877000
   0.0004479700   -0.0003149000   -0.0000259100
  -0.0135444300   -0.0050593800    0.0054204800
   0.0105071800    0.0010828300    0.0054774700
   0.0003527500    0.0006603900    0.0020605600
   0.0005321100   -0.0004370900    0.0019716500
   0.0002256500    0.0017694500   -0.0024572700
  -0.0021151400    0.0005149100   -0.0031065200
  -0.0004524700    0.0005800500   -0.0005338300
  -0.0011199400    0.0000140600   -0.0008361600
   0.0008748500   -0.0010085300    0.0036591900
  -0.0064431400   -0.0012441600    0.0051176200
   0.0016580600    0.0066757400    0.0043523600
  -0.0006937500    0.0008705300    0.0015745100
   0.0011733300    0.0002973000   -0.0035804700
   0.0016564200    0.0007563200   -0.0037512300
  -0.0005168700   -0.0008635500   -0.0017089200
   0.0006462200    0.0001942600   -0.0022845500
