96   
18   

1    
  0.0000000000000000   0.0000000000000000  -0.0100000000000000
   0.0100724200    0.0064088500    0.2226338100
  -0.0004235300   -0.0000557800   -0.0185292100
   0.0009747100   -0.0013778200    0.0116407900
   0.0008143200   -0.0007391300   -0.0083574800
  -0.0012136600    0.0002143000    0.0104163400
   0.0010134300   -0.0006254900   -0.0068374700
   0.0011244500    0.0004027300    0.0045853200
   0.0005517000   -0.0006282800   -0.0032709500
  -0.0057895300   -0.0374653900   -0.0167867000
  -0.0043179600    0.0179476100   -0.0191260100
   0.0006938000   -0.0039601600    0.0008149100
   0.0005470600    0.0028046100   -0.0031349900
   0.0022881900    0.0263003900   -0.0168626200
  -0.0040510100   -0.0177567200   -0.0191136300
   0.0006594600    0.0018088400    0.0008088200
   0.0023065500   -0.0029272400   -0.0031375500
  -0.0244156200   -0.0015458900   -0.0207828400
   0.0292160800    0.0013136000   -0.0208700300
   0.0335889000    0.0078849200   -0.0180500900
  -0.0205061300   -0.0039026400   -0.0180300100
  -0.0035183200   -0.0013734100   -0.0008575700
   0.0020997000   -0.0005695100   -0.0008400500
   0.0030460900   -0.0017576900    0.0008457500
  -0.0028581600    0.0007831100    0.0008832900
  -0.0017727700   -0.0013018100   -0.0092103400
   0.0038642300    0.0034288600    0.0280260600
   0.0001341600   -0.0018569700   -0.0098556100
  -0.0053801900    0.0118947000    0.0170873600
  -0.0004295100   -0.0003409900   -0.0092094000
   0.0071950100   -0.0056043800    0.0279810000
  -0.0002322800    0.0008351500   -0.0098557300
   0.0040688500   -0.0032042800    0.0171907800
   0.0063417600   -0.0066020500   -0.0298883000
   0.0008445100   -0.0001550400    0.0106494600
   0.0047064800    0.0007049200   -0.0017564700
  -0.0062063200   -0.0020463400    0.0050987200
  -0.0009870800   -0.0029712100   -0.0006220500
   0.0009374400    0.0035574700    0.0026205000
   0.0008247100   -0.0004773700   -0.0006609500
  -0.0011784500    0.0006954300    0.0021224600
  -0.0044353900    0.0046340200   -0.0096812600
   0.0030265000   -0.0012907900    0.0055483300
  -0.0024104000    0.0003526400   -0.0034905500
   0.0012598500   -0.0001241700    0.0016322400
  -0.0056097600   -0.0000995100   -0.0257500000
   0.0024776400   -0.0005606700    0.0050968200
  -0.0004945000   -0.0015337000   -0.0045585700
   0.0004926200    0.0002197100    0.0021854600
   0.0034683600    0.0018535700    0.0092926500
  -0.0010705100    0.0009107400   -0.0179636500
  -0.0023134700    0.0030906400    0.0035245500
   0.0052709000   -0.0021351100   -0.0004322300
   0.0012787600   -0.0013238200    0.0030974400
  -0.0004361600    0.0068729700   -0.0022725500
  -0.0002929500   -0.0001745000    0.0014737500
  -0.0002208700   -0.0000883500   -0.0023789300
   0.0020336100    0.0027661400    0.0047538400
  -0.0009016300   -0.0050817400   -0.0043714100
  -0.0008575200    0.0011186100    0.0010636600
   0.0014648600   -0.0012620300   -0.0006134600
   0.0013473400   -0.0006015800    0.0080599200
   0.0077715500   -0.0109387600   -0.0297631500
  -0.0031733400   -0.0022347000    0.0046998500
   0.0027983600    0.0027436200   -0.0031871700
   0.0026038000    0.0052253200   -0.0034608300
  -0.0016209900   -0.0010070200    0.0028523600
  -0.0002047900   -0.0001563100   -0.0032975600
  -0.0001238500   -0.0000060400    0.0016976900
  -0.0007677100   -0.0003813200   -0.0198530800
  -0.0009711500    0.0013748200    0.0088992700
  -0.0033494100   -0.0009882100   -0.0038873700
   0.0018498300    0.0021620000    0.0044229900
  -0.0103862000   -0.0060958200   -0.0329859900
  -0.0005224500   -0.0010810400    0.0085478500
  -0.0042690300    0.0020811900   -0.0081601000
   0.0005086500   -0.0013555800    0.0047225600
   0.0019153300   -0.0031938900   -0.0031862400
  -0.0012351300    0.0012841300    0.0031956000
  -0.0005716300   -0.0001523300   -0.0016191400
  -0.0003867400    0.0004285900    0.0025388300
   0.0032105300    0.0012083100    0.0058655100
  -0.0067819600   -0.0015202400   -0.0067672000
   0.0015146700    0.0015597800    0.0108681000
  -0.0219531600    0.0094596300   -0.0214736400
   0.0010357100    0.0003731100    0.0024261200
  -0.0011467600    0.0007377500   -0.0003340000
   0.0008109200    0.0001496600    0.0030411500
  -0.0013646600   -0.0008668100   -0.0030402400
   0.0005630100    0.0004408000    0.0003546200
  -0.0000617500   -0.0010074500   -0.0030332500
  -0.0051015700    0.0049553100    0.0039096900
   0.0026251700   -0.0047852500   -0.0011483300
   0.0023817600   -0.0027776700    0.0016168600
  -0.0072053000    0.0047805900   -0.0003046200
  -0.0032114400   -0.0047195200    0.0050530200
   0.0071089800    0.0090203800   -0.0011855400

1    
  0.0000000000000000   0.0000000000000000   0.0100000000000000
  -0.0096668700   -0.0081692800   -0.2223217800
   0.0015028200   -0.0008820100    0.0196823000
   0.0000986400    0.0004551600   -0.0105265500
   0.0002318300   -0.0001769400    0.0095027100
   0.0022269900   -0.0010684900   -0.0092690900
   0.0000293100   -0.0002600700    0.0079702800
  -0.0000592600   -0.0013006600   -0.0034634400
   0.0004991200   -0.0002717000    0.0044063800
   0.0069569100    0.0369069900    0.0157043700
   0.0053501300   -0.0187222800    0.0179602000
   0.0003458100    0.0030657400   -0.0019626500
   0.0005128700   -0.0037034200    0.0020358400
  -0.0013609300   -0.0274708100    0.0156276500
   0.0051517700    0.0167783700    0.0179722200
   0.0004029100   -0.0027242700   -0.0019689700
  -0.0012527400    0.0020202100    0.0020337900
   0.0236339200    0.0006811700    0.0220023000
  -0.0300664300   -0.0022513900    0.0219143900
  -0.0349413100   -0.0089017100    0.0192645500
   0.0193657500    0.0030450400    0.0192810500
   0.0024749500    0.0004788900    0.0019671800
  -0.0031371700   -0.0003274000    0.0019847700
  -0.0040793400    0.0008753400    0.0002436500
   0.0018080400   -0.0016912000    0.0002809000
   0.0007577000    0.0004171500    0.0080835300
  -0.0049326000   -0.0044038700   -0.0290813500
  -0.0012117600    0.0009872200    0.0087357700
   0.0044054000   -0.0129120200   -0.0182621800
  -0.0006041600   -0.0005850200    0.0080840400
  -0.0083052200    0.0047419800   -0.0291247300
  -0.0008308600   -0.0017578100    0.0087360900
  -0.0049112200    0.0023874500   -0.0181600500
  -0.0079010300    0.0080229600    0.0334401300
  -0.0008984300    0.0004884800   -0.0092959600
  -0.0048223200   -0.0003516000    0.0031156700
   0.0060744100    0.0023985000   -0.0037577700
   0.0008654700    0.0032820100    0.0020083000
  -0.0010505300   -0.0031962200   -0.0012851500
  -0.0009499100    0.0008397500    0.0020139300
   0.0010571700   -0.0003353800   -0.0007832600
   0.0043300100   -0.0042988300    0.0083920400
  -0.0031392600    0.0016355800   -0.0068903200
   0.0022788300    0.0000060500    0.0021430000
  -0.0013897600    0.0004831800   -0.0029853200
   0.0052647400   -0.0000634500    0.0246598100
  -0.0025896800    0.0009448500   -0.0064461500
   0.0003752200    0.0019001400    0.0032176100
  -0.0006186900    0.0001475100   -0.0035412800
  -0.0032758400   -0.0013302400   -0.0089836700
   0.0020047900    0.0004859000    0.0171954800
   0.0025721000   -0.0025659900   -0.0032043300
  -0.0050675900    0.0026864400    0.0007390800
  -0.0010276500    0.0018561600   -0.0027519300
   0.0006737300   -0.0063323700    0.0025946400
   0.0005336600    0.0007211200   -0.0011413100
   0.0004474100    0.0006192800    0.0026820600
  -0.0018075500   -0.0022471800   -0.0050957400
   0.0011316600    0.0055938700    0.0040385400
   0.0011015800   -0.0005861700   -0.0013815800
  -0.0012407100    0.0018118900    0.0002725100
  -0.0011239300    0.0011749600   -0.0084037200
  -0.0065727100    0.0101789000    0.0280334900
   0.0034301000    0.0028013100   -0.0050305400
  -0.0025767400   -0.0021875600    0.0028315500
  -0.0028621400   -0.0046762600    0.0031488200
   0.0013740600    0.0015402000   -0.0031822300
  -0.0000454300    0.0006971000    0.0029920900
  -0.0001149400    0.0005420300   -0.0020352900
   0.0009551300    0.0006118800    0.0198188500
   0.0007214100   -0.0008137200   -0.0092422300
   0.0030826400    0.0015535600    0.0036031500
  -0.0020950900   -0.0016346100   -0.0047704900
   0.0109793300    0.0072720700    0.0338862300
   0.0002617400    0.0016082500   -0.0082252900
   0.0040517100   -0.0015452800    0.0085348500
  -0.0007379500    0.0019007500   -0.0044135100
  -0.0021397100    0.0037319900    0.0035236800
   0.0009943300   -0.0007369500   -0.0028759400
   0.0003142500    0.0006845600    0.0019596800
   0.0001481500    0.0001152700   -0.0022211100
  -0.0031057800   -0.0008404200   -0.0045225300
   0.0068650600    0.0018902900    0.0080896700
  -0.0013660800   -0.0012123500   -0.0095623100
   0.0211399400   -0.0087169800    0.0225418900
  -0.0009197500   -0.0000053800   -0.0010781400
   0.0012636200   -0.0003787800    0.0016743300
  -0.0006897400    0.0002159000   -0.0016887800
   0.0014791500    0.0012010700    0.0043577000
  -0.0004491400   -0.0000795500   -0.0016885500
   0.0001843900    0.0013775800    0.0016878000
   0.0052304400   -0.0046189500   -0.0052484200
  -0.0024887000    0.0051643200   -0.0002246300
  -0.0022803100    0.0031491900   -0.0029582900
   0.0073438300   -0.0044043800   -0.0010535100
   0.0033250900    0.0051356600   -0.0063750500
  -0.0069030300   -0.0085722400   -0.0001853800

1    
  0.0100000000000000   0.0000000000000000   0.0000000000000000
  -0.2267708700    0.0190988000   -0.0087894700
  -0.0095881000    0.0015537500    0.0015221200
   0.0245455100   -0.0006762100    0.0001545100
   0.0084563800   -0.0015306800    0.0002707800
  -0.0116131900    0.0000009600    0.0022870600
  -0.0024163200   -0.0003112200    0.0000717300
   0.0087555200   -0.0004524300   -0.0000257700
   0.0037528300   -0.0006049100    0.0005373600
  -0.0305067100   -0.0041212900    0.0012260800
  -0.0187366100    0.0016592500   -0.0051375900
   0.0101479000   -0.0005694200   -0.0004260300
   0.0101219000   -0.0007651600    0.0011944000
  -0.0305137400   -0.0025644700   -0.0069873700
  -0.0187275500   -0.0059738600   -0.0053699100
   0.0101464900   -0.0009709800   -0.0003811700
   0.0101178300   -0.0002302600   -0.0005537400
   0.0178726000    0.0018627900    0.0302550000
   0.0178380300    0.0003290300   -0.0235425000
   0.0190253100    0.0037458400   -0.0192954800
   0.0189843200    0.0082501200    0.0347090500
   0.0004343500   -0.0004527400    0.0031816600
   0.0004327300    0.0000853100   -0.0024294600
   0.0000943100   -0.0008691600   -0.0017655600
   0.0000890200   -0.0013943500    0.0041238800
   0.0002156100    0.0022618100   -0.0006531800
   0.0185616200    0.0273429000   -0.0083136400
  -0.0007417800   -0.0031434000   -0.0008680700
   0.0209579900   -0.0342805400   -0.0050541100
   0.0002179100   -0.0032188000    0.0006975000
   0.0185697400   -0.0277078600   -0.0049822600
  -0.0007430700    0.0016019700   -0.0012428300
   0.0209953300    0.0177956600    0.0043435700
   0.0214296500    0.0001083300   -0.0092559300
   0.0094808900    0.0024959300   -0.0075101200
  -0.0092566000   -0.0019966200    0.0014001200
  -0.0070706100   -0.0022984900    0.0038831000
   0.0022163200   -0.0006799300    0.0027127600
   0.0033322500    0.0019378300   -0.0005734200
  -0.0021481100    0.0001296900    0.0008328600
  -0.0023671100   -0.0004676700    0.0015584200
   0.0072876300    0.0079122700    0.0025131000
   0.0028425800    0.0007476600    0.0013965600
  -0.0065013700   -0.0025650000   -0.0032713400
  -0.0020171600   -0.0004028100   -0.0012343400
   0.0209317700    0.0030910800    0.0026026100
   0.0032151200   -0.0000461100   -0.0002760200
  -0.0088770900   -0.0005538700   -0.0025703000
  -0.0028271500   -0.0001014600   -0.0012031900
   0.0059619300   -0.0008792200   -0.0028938700
   0.0142369800   -0.0012498700    0.0052610500
  -0.0029746800    0.0018222600    0.0016132600
  -0.0112707200    0.0028187500   -0.0014386700
   0.0016948100   -0.0005073500    0.0006158700
   0.0025085300    0.0046151700    0.0001966100
  -0.0010510200    0.0003731500    0.0002912100
  -0.0031296700   -0.0012548700   -0.0007998800
   0.0015524400    0.0001878500    0.0007033400
   0.0033749100   -0.0038947400    0.0002847700
  -0.0007947300    0.0005292400   -0.0000053600
  -0.0044450600    0.0027574300   -0.0025266300
   0.0036939300    0.0008117100   -0.0046379300
   0.0185224800   -0.0064642200   -0.0065966800
  -0.0029481300   -0.0009350100    0.0012757100
  -0.0075352600   -0.0012144700   -0.0016544200
   0.0040488800   -0.0050122100   -0.0031833200
   0.0005548400   -0.0000741500    0.0005869600
  -0.0038871200    0.0024904400    0.0032662100
  -0.0011821700    0.0003198500   -0.0008710100
   0.0152466200    0.0075988300   -0.0084961200
   0.0014030500    0.0017230800    0.0044915800
  -0.0080535900   -0.0014262000    0.0018581800
  -0.0043672500   -0.0037423700   -0.0044928200
   0.0311644800    0.0095801200    0.0102432700
   0.0021557200   -0.0004435400    0.0040587600
  -0.0109681700    0.0014200500    0.0038717100
  -0.0034363300    0.0020254400   -0.0020881500
   0.0044904000    0.0052895700    0.0001104700
   0.0010092400    0.0007800200    0.0004698200
  -0.0030326100   -0.0013768000    0.0015737500
  -0.0016357000   -0.0001656300   -0.0001424800
  -0.0036634600   -0.0012011900   -0.0034667600
  -0.0131968800   -0.0008678500    0.0014919500
   0.0015846500    0.0008644700    0.0051979400
   0.0621674400   -0.0202576700    0.0233289100
  -0.0010180500    0.0010275700   -0.0000152600
  -0.0035621300    0.0041156100    0.0009974700
   0.0010641300   -0.0003605100    0.0015854200
   0.0017939700   -0.0036170400   -0.0000924000
  -0.0019710900   -0.0001586900   -0.0006916400
  -0.0044652300   -0.0017893900    0.0038003200
   0.0028706300    0.0012397600   -0.0001568900
   0.0035578000    0.0070961400   -0.0068282400
  -0.0050005000    0.0042701400   -0.0029393200
  -0.0075857100    0.0030295800    0.0026568200
   0.0015231500   -0.0045707800    0.0034228400
   0.0053479700   -0.0083837300   -0.0089978200

1    
 -0.0100000000000000   0.0000000000000000  -0.0000000000000000
   0.2297763500   -0.0221343800    0.0110232500
   0.0106673100   -0.0024687200   -0.0004053900
  -0.0234983000   -0.0002758200    0.0010286500
  -0.0074264600    0.0006181900    0.0008529400
   0.0126821400   -0.0008878600   -0.0011534200
   0.0034717300   -0.0005941200    0.0010551400
  -0.0077265000   -0.0004393400    0.0011576500
  -0.0027136800   -0.0002972000    0.0005895100
   0.0316068600    0.0031472300   -0.0024232100
   0.0198642100   -0.0026034900    0.0040659100
  -0.0091270900   -0.0003144700   -0.0006823000
  -0.0090935400   -0.0001146000   -0.0023641800
   0.0315987500    0.0017539400    0.0057595200
   0.0198738100    0.0051182600    0.0042967400
  -0.0091286000    0.0000505000   -0.0007287800
  -0.0090975900   -0.0006900400   -0.0005869400
  -0.0189336600   -0.0027801700   -0.0290260700
  -0.0189664000   -0.0012712500    0.0245053200
  -0.0200960700   -0.0046714100    0.0205757000
  -0.0201379700   -0.0091983600   -0.0338198000
  -0.0014989000   -0.0004503600   -0.0020556200
  -0.0015003300   -0.0009823100    0.0035637800
  -0.0011193600   -0.0000313900    0.0029002900
  -0.0011249700    0.0004959800   -0.0030017400
  -0.0012815000   -0.0031704000   -0.0004786000
  -0.0196475200   -0.0280418300    0.0071882200
  -0.0002881500    0.0022494300   -0.0002694500
  -0.0221135500    0.0336439200    0.0039256800
  -0.0012790100    0.0023161300   -0.0018329700
  -0.0196394400    0.0266614200    0.0038155700
  -0.0002895400   -0.0025151300    0.0001033800
  -0.0220757400   -0.0188646700   -0.0054422800
  -0.0217519700    0.0005164400    0.0110932900
  -0.0096467700   -0.0021466000    0.0089133500
   0.0091597300    0.0023503300   -0.0000862800
   0.0069796800    0.0026746500   -0.0025244500
  -0.0023452800    0.0010237400   -0.0013589500
  -0.0034690200   -0.0015839300    0.0019253800
   0.0020405000    0.0002354300    0.0005084100
   0.0022566700    0.0008346100   -0.0002140800
  -0.0074599700   -0.0075764900   -0.0038897500
  -0.0029752000   -0.0003870400   -0.0027537000
   0.0063973700    0.0029153100    0.0019222100
   0.0019105200    0.0007643000   -0.0001013200
  -0.0214012200   -0.0032973300   -0.0038009600
  -0.0033471800    0.0004139500   -0.0010696000
   0.0087904100    0.0009507100    0.0012214100
   0.0027203500    0.0004688300   -0.0001375900
  -0.0057279100    0.0014180100    0.0032311800
  -0.0137624300    0.0020890700   -0.0053059000
   0.0032155400   -0.0012814900   -0.0012969000
   0.0115273500   -0.0023088000    0.0018075000
  -0.0014494100    0.0010459200   -0.0002843200
  -0.0022649900   -0.0040968200    0.0001268100
   0.0012894000    0.0001711900    0.0000328100
   0.0033722000    0.0018013200    0.0011225500
  -0.0013107700    0.0003541900   -0.0010275900
  -0.0031300800    0.0044426900   -0.0006013200
   0.0010330100    0.0000100200   -0.0003207200
   0.0046953200   -0.0022316100    0.0022117000
  -0.0034533900   -0.0002613800    0.0043220100
  -0.0179044800    0.0065298800    0.0057093400
   0.0031918700    0.0014870600   -0.0016077800
   0.0077892300    0.0017883200    0.0013376800
  -0.0042957900    0.0055694300    0.0028415700
  -0.0007892500    0.0006206200   -0.0009136200
   0.0036487200   -0.0019618800   -0.0036029100
   0.0009397700    0.0002192300    0.0005512600
  -0.0146400000   -0.0076383100    0.0087001500
  -0.0016375700   -0.0011745700   -0.0048346400
   0.0078276400    0.0019989900   -0.0022108400
   0.0041343400    0.0043022000    0.0041821800
  -0.0301780800   -0.0078261500   -0.0088611100
  -0.0023970700    0.0009811700   -0.0037551900
   0.0107379000   -0.0008914200   -0.0035868600
   0.0032032100   -0.0014924200    0.0024300800
  -0.0047317300   -0.0047575400    0.0002144000
  -0.0012469900   -0.0002390900   -0.0001457100
   0.0027910300    0.0019261900   -0.0012539100
   0.0013969300    0.0007087600    0.0004706000
   0.0037917400    0.0015607100    0.0048114900
   0.0132286300    0.0011655400   -0.0000913500
  -0.0014763900   -0.0005001900   -0.0038529300
  -0.0659040200    0.0225292300   -0.0243040300
   0.0011439600   -0.0006666100    0.0013635900
   0.0036998000   -0.0037680000    0.0003458200
  -0.0009526700    0.0007265900   -0.0002405600
  -0.0016931400    0.0039862700    0.0014268000
   0.0021067000    0.0005215100   -0.0006563000
   0.0046053000    0.0021371800   -0.0051408300
  -0.0027661400   -0.0008738300   -0.0011819600
  -0.0034586000   -0.0067512500    0.0055078000
   0.0051503700   -0.0039147700    0.0016031500
   0.0077480700   -0.0026596500   -0.0040067000
  -0.0014316300    0.0049494300   -0.0047594500
  -0.0052614200    0.0088405000    0.0077090800

1    
 -0.0000000000000000  -0.0100000000000000  -0.0000000000000000
  -0.0205502800    0.2234057800    0.0074967800
  -0.0015034500    0.0085762400    0.0009798600
   0.0007368700    0.0094376200   -0.0003579200
   0.0016079200    0.0024511300    0.0002826000
   0.0001169300   -0.0224604000    0.0011884300
   0.0003787800   -0.0066387500    0.0003835800
   0.0005294900   -0.0081757500    0.0014189900
   0.0006789400   -0.0036469100    0.0003862900
   0.0026873600   -0.0238755900   -0.0273251800
   0.0060928300   -0.0121881700    0.0167129900
   0.0010397900   -0.0013677200   -0.0028361500
   0.0002985100   -0.0005216900    0.0019209100
   0.0041763600   -0.0239420000    0.0368616600
  -0.0016114800   -0.0121672900   -0.0189915700
   0.0006524800   -0.0013472400    0.0029630200
   0.0008518300   -0.0005016100   -0.0038327700
   0.0002575700    0.0253283800    0.0023344500
   0.0017864000    0.0253213300   -0.0005293100
   0.0082992600    0.0160763600   -0.0029662000
   0.0037435800    0.0160732200    0.0090569600
   0.0000246000   -0.0086842700    0.0004557900
  -0.0005089900   -0.0086797600   -0.0003747900
  -0.0014918000   -0.0086197200    0.0018276000
  -0.0009522600   -0.0086269900   -0.0007692900
  -0.0032992800   -0.0013744200   -0.0006873600
  -0.0276470300   -0.0216610900    0.0046119900
   0.0015416200   -0.0011250000   -0.0018652100
   0.0177692200   -0.0137814300    0.0021679400
   0.0022052200   -0.0013602100    0.0002993400
   0.0273561300   -0.0217424500   -0.0045130000
  -0.0032346000   -0.0011032800    0.0008645800
  -0.0346825700   -0.0137072600   -0.0130400000
  -0.0039758400   -0.0196347100    0.0002265900
  -0.0008014700   -0.0035930200   -0.0035792500
   0.0015192400   -0.0029695800    0.0014496500
  -0.0021052800   -0.0010571100    0.0005679200
   0.0026455000    0.0099443300    0.0003429000
   0.0013453400    0.0044565500    0.0019946300
   0.0002170100    0.0021354400    0.0004663300
   0.0004442500    0.0015578500    0.0012829800
  -0.0034920900    0.0142316800    0.0001311200
  -0.0010391600    0.0023908900   -0.0030666600
   0.0043431500    0.0032997800    0.0007543500
   0.0006425700    0.0011612100   -0.0010683500
  -0.0048599100   -0.0310393600    0.0067384100
   0.0005189100   -0.0022674000    0.0013279700
  -0.0056738700   -0.0023261200   -0.0015845600
  -0.0012244100   -0.0009045700   -0.0003708100
   0.0023530400   -0.0021796600    0.0060459900
   0.0041160600   -0.0159964300   -0.0064822500
  -0.0005663400    0.0001375700    0.0014445500
  -0.0037343900   -0.0003093500   -0.0018406300
  -0.0026721100    0.0051398400   -0.0038946700
  -0.0015965400    0.0083406700    0.0018382500
   0.0001405700    0.0012551600   -0.0006859300
   0.0031524300    0.0044977300    0.0030279900
   0.0011486800    0.0034610300    0.0017886700
   0.0004295000    0.0077461400   -0.0009321400
  -0.0002571200    0.0020484000    0.0001838700
  -0.0011693700    0.0038325400   -0.0011500600
  -0.0006490100   -0.0036574000   -0.0052312500
   0.0125640500   -0.0344928200   -0.0186569000
  -0.0005065000   -0.0025785100    0.0002871600
   0.0015162900   -0.0058404100    0.0010438300
   0.0016003900    0.0082140500    0.0012224000
   0.0010703200    0.0030353200   -0.0009939300
  -0.0017636900    0.0034604600    0.0014140300
  -0.0002203100    0.0020566400   -0.0001271300
   0.0005735900   -0.0228146500    0.0004481400
  -0.0021128800   -0.0024874100    0.0040730800
   0.0048556200   -0.0050543600   -0.0038142200
  -0.0005401100   -0.0032196100   -0.0005217700
  -0.0106336100   -0.0317058000   -0.0060231800
   0.0010842600   -0.0015243900   -0.0038143000
  -0.0046069000   -0.0006191700    0.0017447000
  -0.0011735800   -0.0003235100    0.0000309800
  -0.0021403300    0.0088195600   -0.0019234500
  -0.0010062400    0.0023624200    0.0009216100
   0.0021107100    0.0039686400   -0.0022885200
   0.0002388700    0.0015062700    0.0004810700
  -0.0000585000   -0.0011697000   -0.0009759800
   0.0054592900   -0.0063442600   -0.0000858700
  -0.0000538600   -0.0010747100    0.0031210700
   0.0178387200   -0.0247579900    0.0079327100
  -0.0008937800    0.0016719100    0.0009761700
  -0.0024522900    0.0056063000    0.0020750200
   0.0000227800    0.0018000600    0.0006086300
  -0.0002332700    0.0087051100    0.0026355000
  -0.0000617000    0.0019770900   -0.0001898000
   0.0029079400    0.0033981200   -0.0039345500
  -0.0044536100    0.0039606300    0.0022236200
  -0.0023614900    0.0054227400   -0.0028310600
  -0.0009466200   -0.0015874500   -0.0024927100
  -0.0051911100   -0.0017159900    0.0037733100
   0.0062066200   -0.0047625700   -0.0078016900
   0.0068116200   -0.0029651900    0.0076114300

1    
  0.0000000000000000   0.0100000000000000   0.0000000000000000
   0.0206348400   -0.2234886800   -0.0070549800
   0.0025189800   -0.0094093000    0.0001530900
   0.0003374400   -0.0102604800    0.0014755200
  -0.0005407900   -0.0033342100    0.0008443700
   0.0010062400    0.0215014600   -0.0000948000
   0.0006617300    0.0056804400    0.0007492100
   0.0005164700    0.0072130500   -0.0002844400
   0.0003717600    0.0027134700    0.0007424900
  -0.0016323100    0.0229005100    0.0264474100
  -0.0049999200    0.0111984100   -0.0178224700
   0.0000187500    0.0004291600    0.0016971000
   0.0007588300   -0.0004068300   -0.0030266400
  -0.0030929300    0.0228359800   -0.0375118300
   0.0026517400    0.0112196900    0.0176777900
   0.0003974300    0.0004499000   -0.0040626200
   0.0002008400   -0.0003863300    0.0026756300
  -0.0013430700   -0.0260673800   -0.0012316200
  -0.0028574200   -0.0260737100    0.0016986200
  -0.0091489000   -0.0168053100    0.0039825500
  -0.0046739100   -0.0168088900   -0.0077292100
  -0.0010429900    0.0077069800    0.0006981700
  -0.0005067500    0.0077113200    0.0014772400
   0.0003983800    0.0076623700   -0.0006468000
  -0.0001145200    0.0076551600    0.0018635000
   0.0022357300    0.0004508600   -0.0004431600
   0.0267242900    0.0207541400   -0.0057356900
  -0.0025757100    0.0001852700    0.0007274700
  -0.0188923400    0.0126290200   -0.0034253900
  -0.0032268400    0.0004653400   -0.0014198700
  -0.0280300900    0.0206730300    0.0033204200
   0.0021581700    0.0002073000   -0.0019799000
   0.0332444600    0.0127054300    0.0117695000
   0.0035628000    0.0203323600    0.0016253700
   0.0007044300    0.0039479900    0.0048793000
  -0.0016263200    0.0033085600   -0.0001017400
   0.0019744000    0.0014113800    0.0007755200
  -0.0027303800   -0.0095503700    0.0009727300
  -0.0014549800   -0.0040665300   -0.0006321600
  -0.0003403100   -0.0017618200    0.0008765700
  -0.0005671100   -0.0011890600    0.0000712500
   0.0034884400   -0.0139911500   -0.0015229700
   0.0009190300   -0.0020011600    0.0017016400
  -0.0044406100   -0.0029090500   -0.0020955400
  -0.0007566000   -0.0007860400   -0.0002828200
   0.0034114800    0.0290334300   -0.0072718000
  -0.0006327600    0.0026064000   -0.0026533200
   0.0055072100    0.0026607100    0.0002329100
   0.0010931400    0.0012557300   -0.0009716800
  -0.0020986500    0.0027184600   -0.0056949400
  -0.0033233500    0.0173760400    0.0059366100
   0.0007901500    0.0004177600   -0.0011049100
   0.0038945600    0.0008745500    0.0021483700
   0.0028827300   -0.0045535300    0.0041722800
   0.0018045200   -0.0077293100   -0.0014739200
   0.0001019500   -0.0007110300    0.0010018100
  -0.0028792300   -0.0039286400   -0.0026686600
  -0.0008993300   -0.0028880500   -0.0020994200
  -0.0002180200   -0.0071431400    0.0006399200
   0.0004975500   -0.0014858400   -0.0005089600
   0.0014008800   -0.0032568300    0.0008193100
   0.0008827400    0.0041585100    0.0048637900
  -0.0116233300    0.0344285800    0.0173393800
   0.0007362000    0.0030898800   -0.0006023000
  -0.0012789800    0.0063248900   -0.0013622500
  -0.0018692200   -0.0075947900   -0.0015671400
  -0.0013028500   -0.0024676400    0.0006716200
   0.0015330600   -0.0028813300   -0.0017217400
  -0.0000165800   -0.0014934500   -0.0001921900
  -0.0004442900    0.0230063500   -0.0004829800
   0.0018593900    0.0030076400   -0.0043853000
  -0.0050474500    0.0055358400    0.0034514900
   0.0002877900    0.0037209900    0.0001829000
   0.0116562100    0.0334359800    0.0073405900
  -0.0013224300    0.0020518300    0.0041059000
   0.0043055400    0.0011744700   -0.0014102700
   0.0009195200    0.0008727000    0.0002863200
   0.0018662000   -0.0082069600    0.0022214700
   0.0007595000   -0.0018087400   -0.0005865900
  -0.0023299700   -0.0034072600    0.0025936100
  -0.0004756300   -0.0009606500   -0.0001518400
   0.0001706200    0.0015238300    0.0023063100
  -0.0053263600    0.0066902800    0.0014313400
   0.0001735400    0.0014315600   -0.0017283300
  -0.0184878200    0.0254649900   -0.0069578900
   0.0009996300   -0.0012989700    0.0003663000
   0.0025458400   -0.0052092200   -0.0007211100
   0.0000982500   -0.0014277500    0.0007303500
   0.0003779400   -0.0082881200   -0.0012491600
   0.0001744300   -0.0015871000   -0.0011522200
  -0.0027788500   -0.0029953800    0.0025731500
   0.0045547300   -0.0035428000   -0.0035734200
   0.0024705800   -0.0049856900    0.0014885300
   0.0010641900    0.0019356100    0.0011421000
   0.0052896700    0.0020575800   -0.0050869600
  -0.0060259700    0.0050677200    0.0063911800
  -0.0066190500    0.0032776100   -0.0088560600

33   
  0.0000000000000000   0.0000000000000000  -0.0100000000000000
   0.0114738000   -0.0016550700   -0.0322265700
   0.0087192200   -0.0046790600    0.0105614700
  -0.0002201400    0.0003110500   -0.0018900400
  -0.0026790400   -0.0005510500    0.0050158700
  -0.0015048900   -0.0007517600   -0.0007624000
   0.0017696300    0.0008693900    0.0025370900
   0.0003637100   -0.0006551800   -0.0007807800
  -0.0003587900    0.0001523900    0.0020264000
   0.0038151200   -0.0073358800   -0.0257619500
   0.0009201000   -0.0024646200    0.0052216000
  -0.0013805700    0.0004635600   -0.0044503900
  -0.0000015500   -0.0007595600    0.0023018200
   0.0037403500   -0.0013028700   -0.0096157400
   0.0026109600    0.0019517400    0.0056752800
  -0.0020749600   -0.0018808600   -0.0033930600
  -0.0000393900   -0.0000553300    0.0017498300
   0.0002830600   -0.0012195200   -0.0068626500
  -0.0046923400   -0.0021044200    0.0057754700
   0.0227960600    0.0067812700   -0.0214073200
   0.0040288000    0.0019928600    0.0108164400
  -0.0001913600    0.0009568100   -0.0004442500
  -0.0012177800   -0.0001450900    0.0023214700
  -0.0012931000    0.0015011700   -0.0031382900
   0.0003891300   -0.0005152400    0.0029324600
   0.0017528300    0.0013551000    0.0017377400
  -0.0038630800   -0.0048903700   -0.0002125700
  -0.0046117100    0.0066215500    0.0051755000
   0.0078371600   -0.0087188800   -0.0011201200
  -0.0005121400   -0.0009309000    0.0004650000
  -0.0050168200    0.0028162100   -0.0029476200
  -0.0010332200   -0.0033515900    0.0040361600
   0.0056503300    0.0017167300   -0.0010379300
  -0.0605129000    0.0117223800    0.1379385800
   0.0009288500   -0.0002596500   -0.0050325400
   0.0008859800    0.0000975900    0.0019561900
   0.0015873400    0.0004407800   -0.0011393100
  -0.0012444600   -0.0001342400    0.0028348200
  -0.0000450000   -0.0006283900   -0.0005969000
  -0.0000757000    0.0004883700    0.0014559800
   0.0005277800   -0.0000070600   -0.0002271300
   0.0018871100    0.0097652800    0.0004074100
  -0.0018440400   -0.0007076500   -0.0033087100
   0.0009125900    0.0005387000    0.0005528700
  -0.0009034900    0.0000411000   -0.0017781000
  -0.0032119700   -0.0128710400    0.0004015800
  -0.0012878000    0.0017290400   -0.0033066900
   0.0017217300    0.0002073000    0.0005524800
   0.0003735900    0.0008036200   -0.0017798400
  -0.0107104500   -0.0027973400   -0.0060063500
   0.0034441900    0.0046083900   -0.0049950800
   0.0039120100   -0.0032023400   -0.0017201500
  -0.0020617600    0.0009926800   -0.0006701400
   0.0001616100   -0.0000945300    0.0008035000
   0.0004311500   -0.0011846200   -0.0004953700
   0.0007081000    0.0009286600    0.0002295900
  -0.0003827700   -0.0000548200   -0.0002157900
  -0.0006611500   -0.0006715300   -0.0009297300
   0.0003661500    0.0009897000   -0.0003233100
   0.0014706400   -0.0010692600    0.0003675500
  -0.0006106100    0.0008468300   -0.0007739600
  -0.0016848600    0.0019468200   -0.0000363800
   0.0085676700   -0.0127456200   -0.0122645600
   0.0046391300    0.0052959500   -0.0058665500
  -0.0008349800   -0.0000375400   -0.0003453600
  -0.0034412400   -0.0009632200    0.0046750300
  -0.0001438300    0.0000766700   -0.0013986600
  -0.0005241700    0.0005991200    0.0019041100
   0.0002778600   -0.0004226800   -0.0019710100
   0.0033020700   -0.0028253400    0.0039934900
  -0.0007636500    0.0009682900   -0.0032609400
   0.0009062100    0.0031057800    0.0054082200
  -0.0006987900   -0.0007733700   -0.0034504600
   0.0157095900    0.0069057100    0.0052465800
  -0.0006789200   -0.0000182300   -0.0028002100
  -0.0024942200   -0.0007116400    0.0052108600
   0.0010957100    0.0005999200   -0.0034406800
   0.0001541400   -0.0007447000    0.0017336900
  -0.0000868900    0.0000779200   -0.0008712400
  -0.0002242800    0.0001936200    0.0016449600
   0.0002108400    0.0005318000   -0.0011736300
  -0.0001947000    0.0007974600    0.0008231900
   0.0015268000    0.0000750100    0.0008330600
   0.0040984800   -0.0016717800   -0.0252805900
  -0.0141797100    0.0025209600   -0.0257495200
   0.0002677600    0.0001033300    0.0006776600
   0.0007039800   -0.0006837800    0.0006819600
  -0.0003961900    0.0003271500    0.0001153300
  -0.0005193600   -0.0002133300    0.0001219000
  -0.0001679500   -0.0001192500   -0.0001438600
   0.0010587100    0.0004152800   -0.0016920300
   0.0014985300   -0.0072046900   -0.0017709900
   0.0001153700    0.0018036800   -0.0022251400
   0.0007694300    0.0000190000   -0.0001425200
   0.0023671200   -0.0003479200   -0.0016969100
  -0.0010361500    0.0099626900   -0.0017622600
  -0.0004256100   -0.0008836100   -0.0022259500

33   
  0.0000000000000000   0.0000000000000000   0.0100000000000000
  -0.0088954200   -0.0002435400    0.0310950600
  -0.0077043500    0.0037794500   -0.0093835400
   0.0012657400   -0.0012396700    0.0029821000
   0.0037283600   -0.0003434500   -0.0038395400
   0.0025664900   -0.0001218300    0.0018680800
  -0.0007290800   -0.0017570700   -0.0013680200
   0.0006882200   -0.0002450300    0.0018958200
   0.0014132200   -0.0010590100   -0.0008799600
  -0.0025937200    0.0066554500    0.0246508200
   0.0001263500    0.0015162200   -0.0063204000
   0.0024106400   -0.0013533000    0.0033261700
   0.0010640500   -0.0001584600   -0.0034253200
  -0.0026619600    0.0003517000    0.0084570100
  -0.0015392600   -0.0028163800   -0.0067632100
   0.0031183700    0.0009688900    0.0022408200
   0.0010933200   -0.0008407700   -0.0028679400
  -0.0012988600    0.0002968500    0.0079941800
   0.0035851200    0.0011782700   -0.0046119400
  -0.0247961400   -0.0081080700    0.0225995900
  -0.0050216300   -0.0028566000   -0.0096125600
  -0.0008432200   -0.0018392800    0.0015649400
   0.0001614100   -0.0007544300   -0.0011836000
   0.0002259100   -0.0023827200    0.0042603400
  -0.0014368700   -0.0003937700   -0.0017978900
  -0.0027890100   -0.0022794300   -0.0028374200
   0.0028012400    0.0039697000   -0.0009611300
   0.0035711900   -0.0075706100   -0.0062529300
  -0.0088686400    0.0077473300   -0.0001195900
  -0.0005469900    0.0000312300   -0.0015775800
   0.0039241900   -0.0036907400    0.0017736000
  -0.0000076900    0.0024445900   -0.0051220700
  -0.0066853000   -0.0026028400   -0.0001140700
   0.0596694400   -0.0099944100   -0.1343681500
  -0.0010325900    0.0006283900    0.0063572200
  -0.0009974700    0.0002727700   -0.0006098600
  -0.0016964300   -0.0000739400    0.0024736600
   0.0011211800    0.0004888200   -0.0014815300
  -0.0000761100    0.0009805400    0.0019323000
  -0.0000496200   -0.0001256100   -0.0001047200
  -0.0006474600    0.0003676600    0.0015676000
  -0.0020021500   -0.0094005200   -0.0016746300
   0.0017201500    0.0010807500    0.0019461900
  -0.0010259200   -0.0001784200   -0.0018878000
   0.0007782600    0.0003235100    0.0004255100
   0.0030674700    0.0131516000   -0.0016805600
   0.0011589200   -0.0013732000    0.0019481600
  -0.0018321500    0.0001618100   -0.0018880400
  -0.0004920300   -0.0004373400    0.0004236800
   0.0110376400    0.0033978100    0.0063621100
  -0.0031661100   -0.0040065600    0.0052727100
  -0.0036546100    0.0037175800    0.0020197100
   0.0022775800   -0.0004384200    0.0010061200
   0.0000803300    0.0006272900   -0.0004793500
  -0.0001897900    0.0017038900    0.0008263000
  -0.0004666900   -0.0003817000    0.0000932000
   0.0006206100    0.0005921800    0.0005424000
   0.0008555800    0.0011659800    0.0005195300
  -0.0001240000   -0.0004428700    0.0000131800
  -0.0012295800    0.0016084400   -0.0007015800
   0.0008478000   -0.0003030100    0.0004543200
   0.0019252400   -0.0014072900   -0.0002992600
  -0.0082083000    0.0130907100    0.0117449400
  -0.0043389800   -0.0046961600    0.0054981400
   0.0010611000    0.0005736100    0.0000283100
   0.0031980100    0.0015067600   -0.0049867500
  -0.0000936900    0.0004695900    0.0010605400
   0.0002862800   -0.0000618200   -0.0022125600
  -0.0005204200    0.0009675200    0.0016447500
  -0.0035454800    0.0033661200   -0.0042523300
   0.0005295400   -0.0004287900    0.0029157900
  -0.0011378100   -0.0025630500   -0.0057350800
   0.0004415700    0.0012915300    0.0030976500
  -0.0159627800   -0.0063466800   -0.0047507300
   0.0004428100    0.0005682000    0.0031047900
   0.0023459100    0.0012486100   -0.0048195900
  -0.0013538700   -0.0000454400    0.0037570900
  -0.0003976400    0.0012751300   -0.0013998400
  -0.0001521100    0.0004575700    0.0011863800
  -0.0000178800    0.0003431000   -0.0013111900
  -0.0004499200    0.0000095700    0.0014876300
   0.0003159400   -0.0004315800    0.0005196700
  -0.0013956400    0.0002950700    0.0005294300
  -0.0041239800    0.0020570900    0.0270287500
   0.0140067100   -0.0021052900    0.0265604200
  -0.0001513300    0.0002559400    0.0006619500
  -0.0005765900    0.0010402000    0.0006661900
   0.0005160900    0.0000332400    0.0012233000
   0.0006449600    0.0005684600    0.0012298500
   0.0002878700    0.0004844200   -0.0012027800
  -0.0009411400   -0.0000489400    0.0003541000
  -0.0013382900    0.0075530300    0.0003857800
   0.0000024200   -0.0014177800    0.0008827600
  -0.0006417400    0.0003465000   -0.0012013900
  -0.0022249700    0.0007050100    0.0003491200
   0.0011499400   -0.0095796100    0.0003948000
   0.0005402400    0.0012297400    0.0008818800

33   
  0.0100000000000000   0.0000000000000000   0.0000000000000000
   0.0222687700    0.0031045100   -0.0070732900
   0.0100850400    0.0002971100   -0.0002964600
  -0.0086596600   -0.0020139100   -0.0041633800
  -0.0064737600    0.0015784700    0.0066636400
   0.0028216000   -0.0031238700    0.0014831000
   0.0039235200   -0.0018485100   -0.0004234800
  -0.0015709800   -0.0007343900   -0.0003151100
  -0.0017830900   -0.0009584200    0.0016781400
   0.0218645800    0.0041358100   -0.0058855300
   0.0038122100   -0.0010248600    0.0019567800
  -0.0082832500    0.0050982700   -0.0010023800
  -0.0022504100    0.0007024000   -0.0000122200
   0.0079089100    0.0030039400   -0.0049151000
   0.0034333700    0.0005227800    0.0025032300
  -0.0058984600   -0.0048115700   -0.0028990900
  -0.0014379800   -0.0011483400    0.0007537200
  -0.0137134300    0.0049460300   -0.0062698800
  -0.0042357200   -0.0005638400    0.0037187200
   0.0616583800    0.0168350400   -0.0199107300
   0.0009743000   -0.0005809300    0.0019742800
  -0.0041377100   -0.0029458800   -0.0006351400
  -0.0015983100   -0.0014015100    0.0015413900
   0.0011920200   -0.0007422000   -0.0008534200
   0.0004727700   -0.0004898100    0.0013081500
  -0.0055863400   -0.0014632500   -0.0028931000
  -0.0081747800   -0.0057069900    0.0067247700
   0.0009182000    0.0056390800    0.0027005400
   0.0046867800    0.0062761900   -0.0075721000
  -0.0025520000   -0.0005673900   -0.0010729400
  -0.0050393800    0.0023918200   -0.0004360600
   0.0022643200   -0.0049354600    0.0045815300
   0.0029279700   -0.0028640100   -0.0031150600
  -0.1706436400   -0.0492131300    0.0600422600
  -0.0016232300   -0.0003995500   -0.0002965400
   0.0066638900    0.0008723300   -0.0002637100
   0.0021099100    0.0000937200   -0.0009621300
  -0.0017020600    0.0006210900    0.0018482500
  -0.0008275200   -0.0000970600    0.0006582600
   0.0017212000    0.0015401800    0.0006848500
   0.0010148100    0.0006684100    0.0000870600
  -0.0064617100    0.0022085800   -0.0037766600
  -0.0023237600   -0.0007015100   -0.0018946000
   0.0037399400    0.0002695100    0.0010988500
   0.0021168200    0.0007044600   -0.0002386400
  -0.0064305900   -0.0016010500    0.0012994300
  -0.0023228500    0.0000251500   -0.0024480100
   0.0037320900    0.0011560800    0.0002918700
   0.0021086100    0.0013518600   -0.0015069500
   0.0089185200    0.0023508200    0.0135476300
   0.0015710100    0.0024433600   -0.0039976500
   0.0064047100   -0.0075391300   -0.0052366800
   0.0000482700   -0.0001001300    0.0013890700
  -0.0001772000    0.0008524800    0.0004260800
  -0.0000283000   -0.0001767600   -0.0001610000
   0.0003132800    0.0021827500    0.0001775900
   0.0001560000    0.0005269900    0.0000778700
   0.0031231700    0.0036673900    0.0053998400
  -0.0007454100    0.0013039600   -0.0012495100
   0.0002924400   -0.0013156500   -0.0001422000
   0.0004786000    0.0001217300   -0.0000222400
   0.0000221800   -0.0014486500    0.0018645200
   0.0059383900   -0.0078029700   -0.0070308800
   0.0106347700    0.0114607300   -0.0116242400
   0.0002274700    0.0007330600    0.0008579100
   0.0031590100    0.0040835100   -0.0019333000
  -0.0005330100    0.0004534300    0.0002303200
  -0.0003166200   -0.0011513400    0.0003977900
   0.0004098700   -0.0000593100   -0.0009409600
   0.0052710600   -0.0071305500   -0.0011900200
  -0.0005535600    0.0003252200   -0.0014565000
   0.0042051800    0.0064203900    0.0060648500
   0.0001207300    0.0003206400   -0.0019433100
   0.0395317600    0.0131826500   -0.0133278600
  -0.0005268900   -0.0002618700    0.0005142800
   0.0198863500   -0.0057985900    0.0107230200
   0.0003406000   -0.0002727200   -0.0018028700
  -0.0007032600    0.0003531600    0.0006455500
  -0.0002080700    0.0004579100   -0.0001562800
   0.0000237200    0.0013265000    0.0008202900
   0.0004289900    0.0010383900   -0.0008191700
   0.0041879800   -0.0006529500    0.0021328700
   0.0041924300   -0.0017807800    0.0004079600
  -0.0064474100   -0.0026753100   -0.0134070000
  -0.0064661000    0.0017627500    0.0048738700
   0.0012831000    0.0004727900    0.0013115400
   0.0012840400   -0.0004882600    0.0008807500
  -0.0013269000    0.0014445400    0.0000884500
  -0.0013223500    0.0012161500    0.0002224600
   0.0032600400   -0.0002019100   -0.0013739100
   0.0024546200    0.0005582400   -0.0029762000
  -0.0063591500   -0.0029034900    0.0003983100
  -0.0012637700    0.0001134900   -0.0001865500
   0.0032606200   -0.0014409300   -0.0004422800
   0.0024470800   -0.0003482500   -0.0016710900
  -0.0063229100    0.0098176400   -0.0021052300
  -0.0012644600    0.0004534900   -0.0007229400

33   
 -0.0100000000000000   0.0000000000000000  -0.0000000000000000
  -0.0209046700   -0.0044340100    0.0071464500
  -0.0090419300   -0.0012080900    0.0014460800
   0.0097550700    0.0011318000    0.0053650400
   0.0075758900   -0.0025016200   -0.0056170500
  -0.0017400400    0.0022517500   -0.0003685700
  -0.0028778900    0.0009517700    0.0015634800
   0.0026175000   -0.0001771300    0.0014593500
   0.0028414700    0.0000533100   -0.0005570500
  -0.0204611400   -0.0041114700    0.0049883500
  -0.0027494800    0.0001264900   -0.0031104200
   0.0093833300   -0.0060821400   -0.0001321900
   0.0032974000   -0.0016145700   -0.0011236900
  -0.0068366300   -0.0039759800    0.0038495800
  -0.0023838600   -0.0014337200   -0.0036621200
   0.0070000700    0.0039719100    0.0017902500
   0.0024899200    0.0002512000   -0.0018959700
   0.0127088500   -0.0058386400    0.0073767900
   0.0032198700   -0.0003343600   -0.0025968100
  -0.0664048200   -0.0195150600    0.0232076400
  -0.0020869400   -0.0003537500   -0.0009069100
   0.0031246800    0.0020520500    0.0017754700
   0.0005635600    0.0004917800   -0.0004144500
  -0.0022953800   -0.0001309700    0.0019906600
  -0.0015438700   -0.0004136900   -0.0001928500
   0.0045639200    0.0005470800    0.0017678300
   0.0071580800    0.0047727800   -0.0078242300
  -0.0020361900   -0.0065923400   -0.0038357800
  -0.0059214900   -0.0071525300    0.0064375400
   0.0015258300   -0.0003302500   -0.0000613300
   0.0040311500   -0.0032938400   -0.0006820500
  -0.0033726600    0.0040721000   -0.0057494600
  -0.0040881200    0.0019679900    0.0019979000
   0.1731310000    0.0506975500   -0.0601521200
   0.0014963700    0.0007663100    0.0016648700
  -0.0068075500   -0.0005190900    0.0016199100
  -0.0022424000    0.0002738400    0.0023215600
   0.0015914700   -0.0002644000   -0.0005172700
   0.0007090100    0.0004626800    0.0006894200
  -0.0018554500   -0.0011905200    0.0006587300
  -0.0011403900   -0.0003066000    0.0012622400
   0.0063248500   -0.0019972000    0.0025028000
   0.0022142000    0.0010710800    0.0005520000
  -0.0038746300    0.0001144300   -0.0024552600
  -0.0022388800   -0.0003384000   -0.0011043000
   0.0063562200    0.0021068100   -0.0025897500
   0.0022149900    0.0003425600    0.0011159600
  -0.0038822800   -0.0008064500   -0.0016463800
  -0.0022470200   -0.0010020600    0.0001746900
  -0.0086469300   -0.0017509400   -0.0131273100
  -0.0013526200   -0.0019256500    0.0043459300
  -0.0062376900    0.0081994300    0.0056400400
   0.0002214900    0.0006439000   -0.0010798700
   0.0004127700   -0.0003121200   -0.0001071200
   0.0002569900    0.0007208100    0.0004947900
  -0.0000613800   -0.0016639800    0.0001440500
   0.0000943000    0.0000141200    0.0002478900
  -0.0028923300   -0.0031549800   -0.0057552300
   0.0009679700   -0.0007562500    0.0009336100
  -0.0000344600    0.0018761700   -0.0001797900
  -0.0002260300    0.0004177900   -0.0002988400
   0.0002040900    0.0019910500   -0.0021907400
  -0.0056867200    0.0083799100    0.0067496000
  -0.0105606200   -0.0111012000    0.0114791400
   0.0000304800   -0.0001974700   -0.0011965800
  -0.0034529400   -0.0035738100    0.0016653900
   0.0002877100    0.0000893300   -0.0005536600
   0.0001025800    0.0017068600   -0.0007275800
  -0.0006457000    0.0006040700    0.0006226900
  -0.0055006000    0.0076304700    0.0008341100
   0.0003087100    0.0002143900    0.0011426500
  -0.0044839700   -0.0059729400   -0.0064950000
  -0.0003475500    0.0002314800    0.0016500200
  -0.0390681100   -0.0123826700    0.0133574100
   0.0002807700    0.0008058800   -0.0001829300
  -0.0204602700    0.0064813700   -0.0105877000
  -0.0005640400    0.0008181800    0.0021437700
   0.0004493800    0.0001789500   -0.0003331400
  -0.0000372000    0.0000820400    0.0004831900
  -0.0002534200   -0.0007986800   -0.0005021800
  -0.0006686600   -0.0005009400    0.0011514000
  -0.0040958200    0.0010238600   -0.0007897100
  -0.0040914900    0.0021456400    0.0009185600
   0.0067158500    0.0030744300    0.0147758400
   0.0066964400   -0.0013897300   -0.0033457600
  -0.0011713900   -0.0001113800    0.0000311000
  -0.0011705300    0.0008539900    0.0004616900
   0.0014572200   -0.0010975100    0.0012526900
   0.0014619200   -0.0008567100    0.0011347200
  -0.0031665900    0.0005784800    0.0000372200
  -0.0023293700   -0.0001889800    0.0016161100
   0.0065382600    0.0032283300   -0.0017884700
   0.0013935900    0.0002403500   -0.0011524900
  -0.0031660000    0.0018052400   -0.0008982800
  -0.0023366800    0.0007126300    0.0003286000
   0.0065747200   -0.0094882200    0.0007315900
   0.0013928700   -0.0000833200   -0.0006099800

33   
 -0.0000000000000000  -0.0100000000000000  -0.0000000000000000
   0.0008711300   -0.0204941800   -0.0069404200
  -0.0017643500   -0.0042301900    0.0002548800
   0.0026847300   -0.0036031000    0.0010842700
   0.0029987200   -0.0016720200   -0.0016465700
   0.0013669100    0.0092676900   -0.0025405100
  -0.0012272400    0.0037897100    0.0039145600
   0.0005819100    0.0014953100   -0.0000892400
   0.0011771100    0.0009172600    0.0010750500
  -0.0019737600   -0.0292566300   -0.0001934300
   0.0007606100   -0.0028703500    0.0001842500
   0.0012704900   -0.0029225000    0.0011660000
   0.0008103100   -0.0015235100   -0.0006048500
  -0.0072279200    0.0136597100   -0.0050390900
  -0.0000477200    0.0017225300    0.0008904900
   0.0032591400    0.0026292000   -0.0007482100
   0.0011113700    0.0005101700   -0.0002602300
  -0.0015293100   -0.0069740300   -0.0011257500
  -0.0018981900   -0.0017897100    0.0015812000
  -0.0221872200   -0.0255887500    0.0098393200
   0.0001402800   -0.0017188100    0.0019332100
   0.0033849700    0.0049314700    0.0011179400
   0.0003142800    0.0010293400    0.0007539200
  -0.0042962300    0.0080090900   -0.0004601700
  -0.0010646500    0.0011612900    0.0005374300
   0.0035511100   -0.0021924000    0.0023857400
   0.0023095900   -0.0023083100   -0.0051554800
  -0.0052763200   -0.0053192300    0.0043301200
  -0.0091064300   -0.0035036600   -0.0093464300
  -0.0008707600    0.0013156100   -0.0008293000
  -0.0024870900    0.0027232100    0.0006424200
   0.0005497300    0.0032744600   -0.0053526300
   0.0064135200    0.0047277300    0.0044151500
   0.0492599000    0.1061824100    0.0111992300
   0.0005160300    0.0009043000    0.0002307300
  -0.0007516000    0.0012423800    0.0005805500
   0.0000288200    0.0008683000    0.0009297600
  -0.0005044000   -0.0046570100    0.0003638800
   0.0002184900   -0.0008051300   -0.0001269500
  -0.0014172800   -0.0012528000    0.0009772000
  -0.0005464600   -0.0004605600    0.0004864600
   0.0017755800   -0.0184814500    0.0122116200
   0.0000978500    0.0006002500   -0.0022136700
  -0.0010378100    0.0001570200   -0.0006963600
  -0.0012353100   -0.0000775100   -0.0012895400
  -0.0021628100   -0.0187369500   -0.0103431300
   0.0008258700    0.0006129800    0.0002209800
  -0.0001344600    0.0001677200   -0.0010321000
  -0.0005751700   -0.0000722400   -0.0005339300
  -0.0058939500    0.0054216000   -0.0065601100
   0.0020454800    0.0041910900   -0.0019044200
  -0.0032420500    0.0073188200    0.0034435000
   0.0000318700    0.0015751700    0.0004994100
   0.0009346500   -0.0024526900    0.0010831800
  -0.0000553100   -0.0016986000    0.0007406100
   0.0000816900   -0.0016815100    0.0001718800
  -0.0003684200   -0.0009853200   -0.0002359300
  -0.0057440800   -0.0058583400   -0.0103297100
  -0.0004225000    0.0002258900    0.0016944100
   0.0017675700    0.0002850000   -0.0008428400
   0.0004035000   -0.0003272900    0.0003604500
   0.0022232800    0.0007809200    0.0020436500
   0.0022404000   -0.0030242700   -0.0028358600
  -0.0027835800   -0.0027756500    0.0027920500
  -0.0007365400    0.0010246700   -0.0010672900
  -0.0075562000   -0.0052300900    0.0060019100
  -0.0001179600    0.0001527600   -0.0014871400
   0.0018039300   -0.0002676500    0.0002463100
   0.0000343700   -0.0001190900   -0.0004248300
   0.0072287100   -0.0022717100   -0.0016463000
   0.0000814000    0.0004486500   -0.0003159900
  -0.0038586900   -0.0013097100   -0.0018506600
  -0.0004684700    0.0006270800    0.0001432500
  -0.0111817900    0.0069784600    0.0056557200
  -0.0000246200    0.0011459800   -0.0011453200
   0.0037912500    0.0047258400   -0.0004599900
   0.0003328200    0.0014634600    0.0001037200
   0.0003460000   -0.0034883200   -0.0000396600
  -0.0002558300   -0.0006254300    0.0000397700
  -0.0003507400   -0.0019203500    0.0010553500
  -0.0005877800   -0.0010000300    0.0006067000
  -0.0018961900    0.0015169200    0.0005623600
  -0.0007757000    0.0015179800    0.0012880800
   0.0016480300    0.0065667900    0.0029102000
  -0.0027780600    0.0065833200   -0.0011024900
  -0.0006051200   -0.0010027400   -0.0001837500
   0.0003526700   -0.0010052600    0.0005956800
   0.0010922300   -0.0034689000    0.0002891500
   0.0013202100   -0.0034780800    0.0008095900
  -0.0015505900    0.0005197600   -0.0005104100
  -0.0004688200    0.0001901200   -0.0001434700
   0.0096329900   -0.0110068800   -0.0103566900
   0.0003268100    0.0003668700    0.0003808400
  -0.0003265000    0.0005299500   -0.0003714100
   0.0004271700    0.0001968400   -0.0009048700
  -0.0030505000   -0.0111288800    0.0067490900
  -0.0000030400    0.0003847200   -0.0022861000

33   
  0.0000000000000000   0.0100000000000000   0.0000000000000000
   0.0004671300    0.0194696700    0.0076644200
   0.0028778800    0.0033107100    0.0008986500
  -0.0016619900    0.0026751500    0.0000285400
  -0.0019743700    0.0007970500    0.0027978500
  -0.0003367200   -0.0102261800    0.0037126900
   0.0022946400   -0.0047331200   -0.0028388000
   0.0004765600   -0.0024014300    0.0012280100
  -0.0001251700   -0.0018300200    0.0000447100
   0.0044324700    0.0308126900   -0.0002184900
   0.0002999900    0.0020043900   -0.0013220100
  -0.0002338500    0.0020652200   -0.0022674600
   0.0002389600    0.0006370600   -0.0005322700
   0.0082615700   -0.0145622900    0.0038939200
   0.0010866300   -0.0026706100   -0.0020357300
  -0.0022209800   -0.0035798500   -0.0004013300
  -0.0000558500   -0.0014369500   -0.0008675600
   0.0005038700    0.0060601800    0.0022846700
   0.0008633500    0.0009038200   -0.0004671500
   0.0205639800    0.0246314100   -0.0083340700
  -0.0012241900    0.0007880000   -0.0008387900
  -0.0044988700   -0.0058837400    0.0000014400
  -0.0013799800   -0.0019417000    0.0003758100
   0.0033066000   -0.0089840200    0.0016087600
   0.0000220600   -0.0020668200    0.0006034400
  -0.0046330800    0.0013309400   -0.0035406300
  -0.0033796500    0.0014656100    0.0040290300
   0.0042438800    0.0045106100   -0.0055246500
   0.0081160500    0.0027389500    0.0082446300
  -0.0001911300   -0.0022484600   -0.0003092600
   0.0014391400   -0.0036707900   -0.0017425500
  -0.0015641000   -0.0042291500    0.0042209400
  -0.0074345900   -0.0056798800   -0.0055346300
  -0.0506403700   -0.1084787500   -0.0105143900
  -0.0006500500   -0.0005513600    0.0011188200
   0.0006396700   -0.0008791500    0.0007556400
  -0.0001513000   -0.0005094800    0.0004150500
   0.0003811400    0.0050438300    0.0009869000
  -0.0003413300    0.0011813600    0.0014819300
   0.0013134300    0.0016301100    0.0003631300
   0.0004285300    0.0008312600    0.0008611700
  -0.0019316100    0.0191536000   -0.0138125000
  -0.0002195100   -0.0002519500    0.0008888900
   0.0009247400    0.0001936000   -0.0006505300
   0.0011185800    0.0004394300   -0.0000482400
   0.0020433700    0.0188982600    0.0088255200
  -0.0009468200   -0.0002391400   -0.0015671300
   0.0000205500    0.0002044400   -0.0003147600
   0.0004677100    0.0004447700   -0.0008159700
   0.0061287400   -0.0049845200    0.0068917200
  -0.0018060200   -0.0036522900    0.0022246500
   0.0034606800   -0.0067513300   -0.0031048700
   0.0002165900   -0.0010493400   -0.0001708000
  -0.0006924200    0.0030152300   -0.0007575400
   0.0003070100    0.0022639500   -0.0004359100
   0.0001473200    0.0022462100    0.0001585700
   0.0006039100    0.0015331000    0.0005543100
   0.0060711400    0.0064987300    0.0101766800
   0.0006754300    0.0003071100   -0.0020404800
  -0.0015466200    0.0002575500    0.0005263000
  -0.0001643500    0.0008645500   -0.0006879000
  -0.0019809400   -0.0002312500   -0.0023594900
  -0.0020725400    0.0036693400    0.0026064300
   0.0031107200    0.0034147100   -0.0032204800
   0.0009773300   -0.0004694100    0.0007434200
   0.0074211000    0.0058447800   -0.0064321400
  -0.0001212000    0.0003843000    0.0011807800
  -0.0020669300    0.0007965300   -0.0005804900
  -0.0002794600    0.0006576100    0.0001036700
  -0.0074318000    0.0028153100    0.0012939700
  -0.0003258100    0.0000987000    0.0000015500
   0.0036273200    0.0018832700    0.0015503100
   0.0002320300   -0.0000711700   -0.0004647100
   0.0108483500   -0.0066015700   -0.0052972200
  -0.0002211500   -0.0006170000    0.0014731100
  -0.0039239500   -0.0042484400    0.0008176000
  -0.0005701200   -0.0009418200    0.0002233800
  -0.0005720200    0.0040557800    0.0003646400
   0.0000184700    0.0011790000    0.0002878900
   0.0001000000    0.0024764900   -0.0007400600
   0.0003441900    0.0015489400   -0.0002816700
   0.0020301500   -0.0011648100    0.0007823200
   0.0009015500   -0.0011638500    0.0000591900
  -0.0015039000   -0.0062432900   -0.0017160000
   0.0029718000   -0.0062263900    0.0026264800
   0.0007372900    0.0013796800    0.0015402400
  -0.0002313800    0.0013772100    0.0007482200
  -0.0009805000    0.0038645400    0.0010709500
  -0.0012217600    0.0038553200    0.0005156500
   0.0016955200   -0.0001702300   -0.0008376500
   0.0005923100    0.0001680300   -0.0011961000
  -0.0096742400    0.0115443800    0.0091872300
  -0.0002100100   -0.0000179900   -0.0017322100
   0.0004541000   -0.0001599900   -0.0009747700
  -0.0003199100    0.0001747500   -0.0004402900
   0.0030831400    0.0114223200   -0.0080096900
   0.0001238900   -0.0000000400    0.0009355400

49   
  0.0000000000000000   0.0000000000000000  -0.0100000000000000
   0.0036086100    0.0054459200    0.0096956500
  -0.0050806200   -0.0070464600   -0.0164569000
  -0.0009297600    0.0008225800    0.0039172100
   0.0021759000   -0.0024560000    0.0000034800
   0.0000803200   -0.0044913700    0.0034870200
   0.0004705600    0.0012077900   -0.0018404600
   0.0003976800   -0.0013000900    0.0018683700
   0.0014961700    0.0024002700   -0.0019604500
  -0.0061675700    0.0182508000   -0.0300220400
  -0.0039249400    0.0045640400    0.0076570600
  -0.0009491300   -0.0016525200   -0.0035893200
   0.0019657700   -0.0009007700    0.0043103400
   0.0009513200    0.0003237600   -0.0047934100
   0.0013888200   -0.0023860700    0.0043526300
  -0.0018348300    0.0005303700   -0.0010126300
   0.0006832400   -0.0007988200    0.0006653100
   0.0094404200   -0.0074788200   -0.0331279600
   0.0033522000   -0.0043817900    0.0089429500
   0.0032047100    0.0011258400   -0.0077903400
  -0.0027723400   -0.0005768400    0.0051335600
  -0.0005729500   -0.0025153700   -0.0028164500
  -0.0002214200    0.0002962300    0.0036079700
   0.0008926900   -0.0028994400   -0.0012250100
  -0.0008300400   -0.0001398100    0.0029478100
   0.0083661500   -0.0006118600   -0.0201635900
  -0.0052140400   -0.0047054900    0.0085133900
  -0.0025502500    0.0031855300   -0.0043089800
   0.0038158100   -0.0001047600    0.0040272200
   0.0024993800   -0.0018554200   -0.0038445300
  -0.0012768400    0.0003808000    0.0024411000
  -0.0039479000   -0.0020181600   -0.0036997300
   0.0001871600   -0.0004837900    0.0012983100
  -0.0134517600   -0.0065693900   -0.0055300300
   0.0041027400   -0.0018813300   -0.0044518300
   0.0053615300    0.0034460400   -0.0011902800
  -0.0012822900    0.0005180600   -0.0001768800
  -0.0003253500    0.0011067900    0.0013172700
   0.0002709100    0.0007659500    0.0000081200
  -0.0000827300    0.0001872500    0.0007465000
   0.0000258600   -0.0002135700    0.0002900800
  -0.0069416700    0.0028934300   -0.0126870300
   0.0019598900   -0.0020055800   -0.0005446500
   0.0009748300    0.0010887700   -0.0008502700
  -0.0116103500   -0.0028326800   -0.0063399300
  -0.0011507700   -0.0016928200   -0.0008339700
   0.0054850400    0.0103717600   -0.0013931800
   0.0000786000   -0.0003430000   -0.0012824000
  -0.0000473200    0.0008672100   -0.0001458200
   0.0186194500   -0.0149234600    0.1480600100
   0.0004214900    0.0005436500   -0.0073382200
   0.0003602400   -0.0000564400    0.0025311900
  -0.0004607300    0.0002957100   -0.0019790400
  -0.0004171700    0.0004735400    0.0015427900
   0.0001124600    0.0008217700   -0.0013930000
   0.0002971000    0.0004334200    0.0015337100
   0.0000420200    0.0003624300   -0.0007195600
   0.0004236800   -0.0018710500    0.0098974800
  -0.0001784200    0.0003937700   -0.0028704300
  -0.0002080300    0.0003337300    0.0017187900
  -0.0001064600    0.0003990200   -0.0015756300
  -0.0021530200    0.0059017000    0.0098812500
   0.0006856200   -0.0003714000   -0.0028671200
   0.0004480100    0.0001537700    0.0017201000
   0.0004667900    0.0001548800   -0.0015748200
   0.0029704800    0.0045933000   -0.0012501300
   0.0006507400   -0.0026848700   -0.0017694800
  -0.0007801700    0.0009361500    0.0000101100
  -0.0012477000   -0.0004752300   -0.0009541500
  -0.0014986200   -0.0027656700   -0.0012372200
  -0.0020477500    0.0032951000   -0.0017628800
   0.0002487700    0.0001180700    0.0000095800
   0.0000475200    0.0007247400   -0.0009573900
   0.0034546800   -0.0003250300   -0.0320079000
  -0.0068421300    0.0007313500   -0.0313726000
  -0.0006134800    0.0003112700   -0.0000532700
   0.0000412200   -0.0002248600   -0.0000626700
   0.0000647500    0.0007737500    0.0002669200
  -0.0005932300    0.0003487600    0.0002552500
  -0.0000834800    0.0003997600   -0.0000556700
  -0.0000619300    0.0003616600   -0.0000589700
  -0.0133408700    0.0056857300    0.0056001400
   0.0004207900   -0.0011300300   -0.0022769500
   0.0107155300   -0.0004450800    0.0056550400
  -0.0019188300    0.0001249100   -0.0029261100
   0.0005453900   -0.0000210500    0.0022389100
  -0.0002584200    0.0000590600   -0.0003542600
   0.0007235100    0.0010790700    0.0021499900
  -0.0009257000    0.0006262300   -0.0006570900
   0.0010552600    0.0016361100    0.0034607900
   0.0013671600    0.0003444400   -0.0037693000
  -0.0062415300    0.0018858100    0.0049225900
   0.0018474600   -0.0001177100   -0.0039409500
   0.0018583000   -0.0060472500    0.0041713600
  -0.0003245200    0.0015052800   -0.0019011200
  -0.0004974300   -0.0002308000    0.0013841800
   0.0008397200    0.0004448100   -0.0024775000

49   
  0.0000000000000000   0.0000000000000000   0.0100000000000000
  -0.0025161500   -0.0062945700   -0.0085809400
   0.0054826700    0.0053706800    0.0187009500
   0.0019799900   -0.0017263600   -0.0028114000
  -0.0010706900    0.0015323900    0.0011732200
   0.0009809200    0.0035749400   -0.0023628200
   0.0005394400   -0.0021045900    0.0030264900
   0.0006555300    0.0003875800   -0.0007480200
  -0.0004262200   -0.0032954500    0.0031006800
   0.0061458300   -0.0177506300    0.0277646200
   0.0050348100   -0.0055307100   -0.0088072900
   0.0020425000    0.0007525200    0.0024279700
  -0.0009178700   -0.0000111300   -0.0054194700
   0.0000659900   -0.0012475400    0.0036162300
  -0.0003429600    0.0015015300   -0.0054970000
   0.0029028500   -0.0014384900   -0.0001264600
   0.0003678900   -0.0001060500   -0.0017809600
  -0.0096559400    0.0058794100    0.0337415000
  -0.0044616000    0.0035384800   -0.0078293300
  -0.0042529900   -0.0020283100    0.0089040500
   0.0017450400   -0.0003220800   -0.0040028100
  -0.0004698100    0.0016291900    0.0038932000
  -0.0008364800   -0.0012115100   -0.0024642700
  -0.0019349300    0.0019825100    0.0023540400
  -0.0002168700   -0.0007726000   -0.0018135500
  -0.0088355600    0.0003203200    0.0195015100
   0.0041122100    0.0037524300   -0.0096278800
   0.0015185900   -0.0040791600    0.0031813100
  -0.0048583500   -0.0008093400   -0.0051668600
  -0.0035244000    0.0009336500    0.0027648800
   0.0002237100   -0.0012839400   -0.0035940000
   0.0029212200    0.0011174000    0.0025902700
  -0.0012349900   -0.0004185200   -0.0024359500
   0.0132224500    0.0068831300    0.0068370000
  -0.0042411500    0.0022474000    0.0058148900
  -0.0055149800   -0.0031021600    0.0025485900
   0.0011865200   -0.0001524300    0.0014984800
   0.0002075300   -0.0007340000    0.0000335600
  -0.0003850600   -0.0004107400    0.0013289500
  -0.0000494300    0.0001738400    0.0006091300
  -0.0001444300    0.0005765700    0.0010474300
   0.0068389700   -0.0025485700    0.0113201900
  -0.0020955800    0.0023977900   -0.0008087000
  -0.0010798000   -0.0007216900   -0.0004775600
   0.0114910400    0.0031799600    0.0050244300
   0.0010320700    0.0020422200   -0.0004983700
  -0.0056710500   -0.0101343300    0.0000554200
  -0.0001981500    0.0007054900   -0.0000549800
  -0.0000850300   -0.0005017300   -0.0012157800
  -0.0181021500    0.0150558300   -0.1474527100
  -0.0001927400   -0.0000030000    0.0076703900
  -0.0001348500    0.0005956100   -0.0022031800
   0.0007005900    0.0002482500    0.0023043200
   0.0006607200    0.0000717300   -0.0012147400
   0.0001308600   -0.0002811700    0.0017184500
  -0.0000625500    0.0001069700   -0.0012102000
   0.0001972000    0.0001803300    0.0010428400
  -0.0001612700    0.0022026400   -0.0102653600
   0.0004185800    0.0001617300    0.0025463400
   0.0004324300    0.0002062900   -0.0020443700
   0.0003454700    0.0001463300    0.0012531500
   0.0023716100   -0.0051116400   -0.0102816500
  -0.0004430000    0.0009028500    0.0025496400
  -0.0002162800    0.0003929700   -0.0020430400
  -0.0002291200    0.0003855900    0.0012539900
  -0.0031919900   -0.0040217200    0.0009335400
  -0.0008757800    0.0032346000    0.0014218400
   0.0005330600   -0.0003945400   -0.0003279300
   0.0009978100    0.0010177900    0.0006254300
   0.0012786800    0.0033183500    0.0009462500
   0.0018238100   -0.0027754500    0.0014285800
  -0.0004922500    0.0004223400   -0.0003285800
  -0.0003021100   -0.0001764500    0.0006222200
  -0.0035759500    0.0008427700    0.0317199400
   0.0067413900   -0.0001959000    0.0323556200
   0.0003602400    0.0002319100    0.0003845900
  -0.0002891900    0.0007602700    0.0003752300
  -0.0003035200   -0.0002274000    0.0000668200
   0.0003570800    0.0001923300    0.0000552700
  -0.0001611700    0.0001430100    0.0003823000
  -0.0001826300    0.0001791000    0.0003789900
   0.0133400500   -0.0052674500   -0.0043979000
  -0.0002761500    0.0014884700    0.0036271200
  -0.0105937000    0.0008323600   -0.0043765800
   0.0020280600    0.0002442000    0.0042706100
  -0.0004330600    0.0003831400   -0.0008955500
   0.0003812000    0.0003070300    0.0017024000
  -0.0005988900   -0.0007164700   -0.0008071100
   0.0010450800   -0.0002622100    0.0020032100
  -0.0009681100   -0.0013034200   -0.0047857900
  -0.0012314900    0.0000272000    0.0024067200
   0.0063188000   -0.0015152400   -0.0062218800
  -0.0017459600    0.0004906100    0.0026062100
  -0.0017402700    0.0063866400   -0.0054913000
   0.0004597600   -0.0011626300    0.0005571400
   0.0006282200    0.0005960800   -0.0027333000
  -0.0007238100   -0.0000834500    0.0011374400

49   
  0.0100000000000000   0.0000000000000000   0.0000000000000000
   0.0063591400   -0.0026884500   -0.0028059700
   0.0144151500   -0.0043479000    0.0023110100
  -0.0025661700    0.0002236800    0.0030124500
  -0.0108825300    0.0033756900   -0.0046275800
   0.0021034000    0.0023264000   -0.0005851800
   0.0028988900    0.0012481900    0.0011377000
  -0.0006434400   -0.0004729200    0.0009805500
  -0.0027223500   -0.0034714100    0.0008943300
   0.0186543800   -0.0122874600    0.0062762000
   0.0040895000    0.0003230400    0.0006723400
  -0.0071381400   -0.0018517000    0.0021381400
  -0.0025397900    0.0001625500   -0.0038697200
   0.0037646900   -0.0007830900   -0.0016078300
   0.0019586600   -0.0014772300    0.0013626100
  -0.0040439900    0.0008372100    0.0007896600
  -0.0003845000   -0.0000727400   -0.0015481200
   0.0306957000   -0.0121617700   -0.0106523600
   0.0017651400    0.0007396200    0.0001790200
  -0.0113811600   -0.0049008000   -0.0035748300
  -0.0038560800   -0.0014997500    0.0011837000
   0.0041086000   -0.0024629500    0.0025790900
   0.0006041400   -0.0013367100   -0.0005490800
  -0.0034419600    0.0017603000    0.0001238600
  -0.0020483700   -0.0000957300    0.0002975400
   0.0147524700    0.0004092800    0.0006442100
   0.0010040400   -0.0024273800    0.0002786900
  -0.0084675500    0.0044802400    0.0026401200
  -0.0047882500   -0.0008727700   -0.0025355500
   0.0036805300    0.0012784000   -0.0032847000
   0.0001479000    0.0007354700    0.0009364700
  -0.0043095600   -0.0020941000   -0.0004901600
  -0.0015917800   -0.0005531200   -0.0005589100
   0.0086893500    0.0061720800    0.0114871200
   0.0014050300   -0.0017457900   -0.0026383800
   0.0062546000    0.0035238900   -0.0031075800
  -0.0001554700    0.0002765800    0.0028513400
  -0.0003522700   -0.0006287100    0.0006312600
  -0.0001998600    0.0003649800    0.0003576200
   0.0001230900    0.0002140300    0.0000855100
  -0.0000314400    0.0006677000    0.0011751900
   0.0057528200   -0.0019795500    0.0077370300
  -0.0001460900   -0.0019129000   -0.0024715700
   0.0000353600    0.0010387800   -0.0016254900
   0.0105418200    0.0031224900    0.0038072100
  -0.0009164400    0.0007293700   -0.0004268200
   0.0029543800    0.0061079600   -0.0014310700
   0.0002906100   -0.0001026900   -0.0014037600
   0.0000952400   -0.0014866500    0.0006791300
  -0.1269494200    0.0261365700   -0.0180115500
  -0.0008574200    0.0003161800   -0.0001473600
   0.0058983400   -0.0004159900   -0.0000915400
   0.0014759000    0.0002432700    0.0007428300
  -0.0007807100   -0.0001400600    0.0007052800
  -0.0006592700    0.0003435100    0.0001697500
   0.0014238700    0.0002937400   -0.0000164000
   0.0006469900    0.0000739400    0.0002390700
  -0.0097137200   -0.0025273000   -0.0024366600
  -0.0007608900    0.0003139400    0.0004020300
   0.0033132400    0.0000602900    0.0001708600
   0.0009939900    0.0001244900    0.0001858100
  -0.0097216200    0.0024569000    0.0001259300
  -0.0007603200    0.0006026500   -0.0004628000
   0.0033123100    0.0004944800   -0.0004854700
   0.0009935200    0.0001034500   -0.0003880500
  -0.0048143800   -0.0019320200    0.0012220100
  -0.0029774700    0.0014842800    0.0017796000
   0.0016183500    0.0004578400   -0.0005351100
   0.0023554100    0.0003730400   -0.0003341000
  -0.0048591600   -0.0025781700   -0.0032502400
  -0.0029618400    0.0012922600   -0.0009288100
   0.0016156100    0.0013669300    0.0004909700
   0.0023651100   -0.0008292100    0.0009709600
  -0.0069155700    0.0018167400   -0.0065815800
  -0.0069178000   -0.0013794700    0.0036183300
   0.0030260500   -0.0000579000    0.0003225900
   0.0030272000    0.0009367600   -0.0003159400
  -0.0010044800   -0.0006109700   -0.0003125000
  -0.0010038500    0.0003866500    0.0003428500
   0.0007676100    0.0000270200    0.0002212000
   0.0007683200    0.0005006700    0.0002007800
   0.0397241800   -0.0109542000    0.0166700100
  -0.0003491400    0.0002819000    0.0001111700
   0.0200959400    0.0040010800   -0.0017123700
   0.0005137100    0.0006344800    0.0018946800
  -0.0005217100    0.0006449800    0.0009501100
  -0.0000263700    0.0000450200    0.0007040300
   0.0002038700   -0.0000422700    0.0005719500
   0.0006101600   -0.0002851500    0.0010023800
   0.0054712000    0.0075507000   -0.0041091300
  -0.0003747100    0.0003859800   -0.0000230900
   0.0043992500   -0.0035498200   -0.0016992400
   0.0002984300   -0.0001684800   -0.0001012000
   0.0033754700   -0.0073201900    0.0026616000
  -0.0003533800    0.0001871500   -0.0006472900
  -0.0001398500    0.0021126600   -0.0002676200
   0.0005916200    0.0003379500   -0.0010731500

49   
 -0.0100000000000000   0.0000000000000000  -0.0000000000000000
  -0.0053300200    0.0017631500    0.0039384000
  -0.0135785800    0.0030950600   -0.0007716200
   0.0036241000   -0.0011324100   -0.0018729200
   0.0119149600   -0.0042536400    0.0057112000
  -0.0010405500   -0.0032274900    0.0017206900
  -0.0018746500   -0.0021530800    0.0000283000
   0.0016975000   -0.0004341500    0.0001539700
   0.0037801100    0.0025605000    0.0002260700
  -0.0177653300    0.0118938300   -0.0080576100
  -0.0030571000   -0.0012081300   -0.0017988300
   0.0081863200    0.0009436500   -0.0032368200
   0.0036006000   -0.0010800300    0.0027338800
  -0.0027400000   -0.0001351700    0.0004248400
  -0.0009042300    0.0005704300   -0.0024776500
   0.0050966800   -0.0017329000   -0.0019161100
   0.0014436700   -0.0008272200    0.0004112100
  -0.0306418700    0.0101292900    0.0107183600
  -0.0027877000   -0.0016667200    0.0009628700
   0.0103249500    0.0040117700    0.0047453600
   0.0027847000    0.0005931400   -0.0000624700
  -0.0051135100    0.0015437900   -0.0014754500
  -0.0016516200    0.0004284300    0.0016800400
   0.0023828700   -0.0026802800    0.0010097400
   0.0009848100   -0.0008097200    0.0008323800
  -0.0151289400   -0.0006131100   -0.0010817700
  -0.0020366200    0.0015448500   -0.0014133700
   0.0074134100   -0.0054225100   -0.0037909300
   0.0037141300   -0.0000445300    0.0014090900
  -0.0046640100   -0.0021908900    0.0021803700
  -0.0011958200   -0.0016367100   -0.0020580700
   0.0032273000    0.0012029900   -0.0006497300
   0.0005307300   -0.0003495400   -0.0005675800
  -0.0088756200   -0.0058510800   -0.0102603000
  -0.0015182500    0.0021055500    0.0039716400
  -0.0063872100   -0.0031783700    0.0044590700
   0.0000178900    0.0000920100   -0.0014878600
   0.0002380400    0.0009983400    0.0007125500
   0.0000857300    0.0000028000    0.0009786500
  -0.0002513800    0.0001484600    0.0012602300
  -0.0000929000   -0.0003044900    0.0001718200
  -0.0058714600    0.0023333100   -0.0090374100
   0.0000361200    0.0022912200    0.0011384000
  -0.0001613600   -0.0006749900    0.0002705700
  -0.0106518300   -0.0027716300   -0.0051709700
   0.0007971100   -0.0003684800   -0.0009171100
  -0.0030606500   -0.0057063500    0.0000856300
  -0.0004138000    0.0004651800    0.0000546200
  -0.0002314900    0.0018275000   -0.0020210300
   0.1254637200   -0.0250770600    0.0187046900
   0.0011011100    0.0002266100    0.0004667900
  -0.0056551200    0.0009694000    0.0004034400
  -0.0012347400    0.0003009000   -0.0004185500
   0.0010141800    0.0006906200   -0.0003727200
   0.0008981200    0.0001986500    0.0001513200
  -0.0011816700    0.0002468900    0.0003432000
  -0.0004043300    0.0004662300    0.0000838000
   0.0099555400    0.0028672800    0.0020879800
   0.0009994400    0.0002249000   -0.0007263400
  -0.0030713000    0.0004891600   -0.0004933900
  -0.0007505700    0.0004176400   -0.0005100000
   0.0099476300   -0.0016636800   -0.0004583500
   0.0009999900   -0.0000599300    0.0001340900
  -0.0030721600    0.0000304800    0.0001549400
  -0.0007510400    0.0004377100    0.0000640100
   0.0046128200    0.0024931600   -0.0015552400
   0.0027147400   -0.0009365800   -0.0020919100
  -0.0018553700    0.0000869400    0.0002061500
  -0.0026010100    0.0001741700    0.0000156300
   0.0045682800    0.0031042100    0.0029123500
   0.0027301900   -0.0007528700    0.0005978500
  -0.0018580400   -0.0008305100   -0.0008220100
  -0.0025914700    0.0013511400   -0.0012745500
   0.0066310900   -0.0012786400    0.0069998500
   0.0066288300    0.0019219800   -0.0034099500
  -0.0032691300    0.0006037100   -0.0000079400
  -0.0032680300   -0.0003840100    0.0006577300
   0.0007599400    0.0011536100    0.0006376700
   0.0007605700    0.0001570900   -0.0000254300
  -0.0010077200    0.0005142700    0.0001004000
  -0.0010070500    0.0000391900    0.0001230400
  -0.0388752400    0.0110791300   -0.0150057200
   0.0004591500    0.0000853400    0.0012329000
  -0.0202501000   -0.0037157500    0.0031290100
  -0.0003905700   -0.0002685500   -0.0005548100
   0.0006316000   -0.0002730200    0.0003984000
   0.0001450800    0.0003193300    0.0006388100
  -0.0000728800    0.0004085200    0.0007783200
  -0.0004870500    0.0006467800    0.0003416400
  -0.0053001400   -0.0071098100    0.0027387700
   0.0004881500   -0.0000212200   -0.0013158100
  -0.0042891700    0.0039363700    0.0003446100
  -0.0001695200    0.0005320400   -0.0012414500
  -0.0032361300    0.0076566300   -0.0039773400
   0.0004678900    0.0001838800   -0.0006974500
   0.0002797300   -0.0017580800   -0.0010779500
  -0.0004634700    0.0000241000   -0.0002748700

49   
 -0.0000000000000000  -0.0100000000000000  -0.0000000000000000
   0.0016726900   -0.0029238900    0.0021443600
   0.0019594500   -0.0174359100    0.0011339700
  -0.0010292000   -0.0005938200    0.0034029600
  -0.0020267500   -0.0010569200   -0.0018342700
   0.0012988500    0.0043927100   -0.0010191800
  -0.0038021200    0.0075756900    0.0071272500
   0.0004251900    0.0005330100    0.0001215800
   0.0020504400    0.0037648000    0.0002076200
   0.0065894700   -0.0345153600    0.0093451700
  -0.0000276900   -0.0043471600    0.0003290400
   0.0020238300   -0.0065361300   -0.0030372000
   0.0017399700   -0.0032830200    0.0019556800
   0.0047191500    0.0069902000    0.0048019200
   0.0006136300    0.0027156500   -0.0030722500
  -0.0019714100    0.0030863900    0.0009682700
   0.0002659500    0.0013109600   -0.0014184000
   0.0086717200   -0.0334733200   -0.0064861900
  -0.0012315000   -0.0022615300   -0.0007716100
   0.0006074000   -0.0013640800    0.0023691100
   0.0012361600   -0.0010518900   -0.0010618500
   0.0044664500    0.0080598400   -0.0028718600
  -0.0000195500    0.0016386600    0.0015729400
  -0.0021729700    0.0032355500    0.0001465300
  -0.0009602800    0.0007838400    0.0007224900
   0.0074551000   -0.0230713900    0.0002652300
   0.0009330300   -0.0031838300   -0.0016651900
  -0.0022427100   -0.0057293400    0.0007051900
  -0.0045436900   -0.0039150100   -0.0024589600
  -0.0058519800    0.0074458200   -0.0055353200
  -0.0008748800    0.0022966200    0.0007154100
   0.0017005100    0.0027082900   -0.0001430700
  -0.0004752700    0.0013186300   -0.0002904300
  -0.0020896400    0.0054014600   -0.0024012800
  -0.0022529000    0.0041238900    0.0049966400
   0.0078425200    0.0072570500   -0.0027981500
   0.0003088000    0.0014936200    0.0013848400
  -0.0006462800   -0.0025551600    0.0003100300
   0.0003816700   -0.0017947100   -0.0007615700
  -0.0019731900   -0.0017782100    0.0013234200
  -0.0003160700   -0.0010773600    0.0003503000
   0.0080070200   -0.0031352900    0.0121972500
   0.0016564000    0.0006790600   -0.0023468300
  -0.0005287800    0.0009285900   -0.0003698900
  -0.0113217400   -0.0028953000   -0.0056656500
  -0.0010935400    0.0001498900   -0.0013951400
  -0.0034588900   -0.0059808600    0.0002408000
   0.0000892200   -0.0004138500   -0.0012490800
   0.0015474000    0.0002070800    0.0006683600
  -0.0256771400    0.1672680700   -0.0144959100
   0.0000787300    0.0012661900    0.0004344500
   0.0008167100    0.0020220500   -0.0001596500
   0.0001483900    0.0017584200    0.0001831500
   0.0005373400   -0.0087953100    0.0003564100
   0.0000480900   -0.0009051200    0.0007128000
   0.0000976000   -0.0012491800    0.0003256900
   0.0003164200   -0.0005406900    0.0002522300
  -0.0019285200   -0.0407059100   -0.0056089500
  -0.0002091200    0.0003118200    0.0004738600
  -0.0001103900    0.0001629400   -0.0000392800
   0.0002868400   -0.0000104600   -0.0000480100
   0.0028317400   -0.0416134300    0.0018968200
   0.0000749900    0.0003205300   -0.0002774600
   0.0003368700    0.0001711600   -0.0002229800
   0.0002673600   -0.0000081600   -0.0002893600
  -0.0029645900   -0.0017882300    0.0028778200
   0.0009037800   -0.0005407300   -0.0031949800
   0.0009770900    0.0000665400   -0.0000110800
  -0.0012102500   -0.0001291800   -0.0006130500
  -0.0023363100   -0.0017789700   -0.0044783600
   0.0010919300   -0.0005267300    0.0028044500
   0.0000673400    0.0000711700   -0.0008253500
  -0.0000225900   -0.0001200900    0.0005809000
  -0.0017838100    0.0079884600    0.0006992500
   0.0014162300    0.0079962100   -0.0005070900
   0.0005461100    0.0018866700   -0.0003287200
  -0.0004528600    0.0018856200    0.0001977000
  -0.0000051700   -0.0022035400    0.0002351000
  -0.0010024700   -0.0022040100    0.0006696300
   0.0001109400   -0.0009182000    0.0002518200
  -0.0003641200   -0.0009176000    0.0002905200
   0.0127727000    0.0070387900    0.0072742200
  -0.0004790600    0.0010651100    0.0003774000
  -0.0060434200    0.0046945100   -0.0003193100
  -0.0004812300    0.0013824900    0.0010007100
   0.0001560600   -0.0035923700   -0.0003362300
   0.0002481500   -0.0007206600    0.0004813900
   0.0011162300   -0.0020128600    0.0005970200
   0.0008286700   -0.0010902900    0.0009325500
  -0.0073028200   -0.0023644100    0.0024204500
   0.0001148500    0.0003540200   -0.0013691600
   0.0062461900   -0.0014146500   -0.0034992600
   0.0001086100    0.0005297000    0.0003565500
   0.0038864500   -0.0053406500    0.0005457600
   0.0002406000    0.0000719300   -0.0004775500
  -0.0013775100   -0.0003407300   -0.0010016600
  -0.0002726200   -0.0002041900    0.0000217500

49   
  0.0000000000000000   0.0100000000000000   0.0000000000000000
  -0.0006262200    0.0019737200   -0.0010395500
  -0.0013802900    0.0159309600    0.0007129800
   0.0020718200   -0.0003128000   -0.0022533600
   0.0030984200    0.0001270400    0.0029865200
  -0.0002566900   -0.0052999500    0.0021598400
   0.0049070100   -0.0084933300   -0.0060780700
   0.0006248400   -0.0014331300    0.0010167400
  -0.0010080200   -0.0046613200    0.0009152400
  -0.0064107100    0.0344011100   -0.0117657300
   0.0010424000    0.0034683300   -0.0014467000
  -0.0009812400    0.0056285300    0.0018934700
  -0.0006839900    0.0023859000   -0.0030793700
  -0.0036198500   -0.0078988100   -0.0058726100
   0.0004456400   -0.0036336400    0.0019407500
   0.0030147700   -0.0040031800   -0.0021055600
   0.0007826400   -0.0022237200    0.0002867900
  -0.0087261200    0.0316641500    0.0068831900
   0.0001949400    0.0013146000    0.0019172700
  -0.0017013200    0.0004297700   -0.0012568000
  -0.0022786400    0.0001446600    0.0021941500
  -0.0055782400   -0.0089659700    0.0040530600
  -0.0010357800   -0.0025323100   -0.0004477300
   0.0011322700   -0.0041400100    0.0009834500
  -0.0000837400   -0.0016830600    0.0004088400
  -0.0077815500    0.0227463000   -0.0007246300
  -0.0019616800    0.0023110700    0.0005237600
   0.0011846500    0.0048603600   -0.0018352100
   0.0035025300    0.0030255300    0.0013379500
   0.0047308200   -0.0083627000    0.0043653500
  -0.0001788100   -0.0032068300   -0.0018306500
  -0.0027489600   -0.0036339200   -0.0009963300
  -0.0005731200   -0.0022317400   -0.0008380100
   0.0020115300   -0.0050053600    0.0037926400
   0.0021179200   -0.0037200700   -0.0036189400
  -0.0078951500   -0.0068138500    0.0041220700
  -0.0004335300   -0.0011308100   -0.0000460500
   0.0005195000    0.0029124900    0.0010318000
  -0.0005149700    0.0021674700    0.0021272200
   0.0018752000    0.0021490900    0.0000127000
   0.0001982000    0.0014405600    0.0009972400
  -0.0081756500    0.0035588100   -0.0136386300
  -0.0017821900   -0.0003339600    0.0010073400
   0.0004029500   -0.0005657800   -0.0009812000
   0.0112407200    0.0032954500    0.0043271500
   0.0009677700    0.0002305200    0.0000378000
   0.0033648300    0.0063750300   -0.0015969000
  -0.0002052300    0.0007776200   -0.0000989200
  -0.0016431500    0.0001792100   -0.0020093100
   0.0255364400   -0.1671648900    0.0154702200
   0.0001682500   -0.0007249500   -0.0001113900
  -0.0005687700   -0.0014897800    0.0004931300
   0.0000906200   -0.0012155800    0.0001361900
  -0.0002934300    0.0093483700   -0.0000450600
   0.0001928800    0.0014482200   -0.0003895100
   0.0001444600    0.0017960000   -0.0000003400
  -0.0000759600    0.0010838000    0.0000708100
   0.0021923300    0.0421900700    0.0054054500
   0.0004534700    0.0002229300   -0.0008009800
   0.0003535000    0.0003753800   -0.0002791200
  -0.0000475900    0.0005495000   -0.0002793000
  -0.0025635700    0.0412815700   -0.0021778400
   0.0001639000    0.0002318600   -0.0000462900
  -0.0000921600    0.0003833500   -0.0000964300
  -0.0000259200    0.0005519300   -0.0000373600
   0.0027179300    0.0023155300   -0.0032074100
  -0.0011410700    0.0010696400    0.0028751000
  -0.0012201300    0.0004744700   -0.0003162100
   0.0009699000    0.0006646500    0.0002877700
   0.0020887800    0.0023249500    0.0041364700
  -0.0013289800    0.0010839800   -0.0031161900
  -0.0003035800    0.0004789000    0.0005049000
  -0.0002213000    0.0006740200   -0.0009130700
   0.0015184100   -0.0074461600   -0.0002269000
  -0.0016794400   -0.0074387800    0.0006613800
  -0.0007745100   -0.0013493800    0.0006567400
   0.0002086200   -0.0013503500    0.0001191000
  -0.0002348600    0.0027467500    0.0000795700
   0.0007625000    0.0027467000   -0.0003308600
  -0.0003505800    0.0014625600    0.0000700600
   0.0001230900    0.0014632900    0.0000343400
  -0.0127894900   -0.0065420500   -0.0059782700
   0.0005873400   -0.0006978400    0.0009638100
   0.0062344900   -0.0042804500    0.0016413300
   0.0006079900   -0.0010226200    0.0003552800
  -0.0000192900    0.0039513000    0.0016835100
  -0.0001285700    0.0010830400    0.0008609500
  -0.0010106600    0.0023836400    0.0007459800
  -0.0007122300    0.0014581300    0.0004103700
   0.0074565300    0.0027219400   -0.0037712300
   0.0000031200    0.0000035300    0.0000280500
  -0.0061488100    0.0017782300    0.0021697000
   0.0000178900   -0.0001690600   -0.0017078700
  -0.0037722200    0.0057331800   -0.0019239000
  -0.0001246100    0.0003031000   -0.0008706800
   0.0014796000    0.0007232000   -0.0003405700
   0.0003891700    0.0005721600   -0.0013684600
