96   
18   

1    
  0.0000000000000000   0.0000000000000000  -0.0100000000000000
   0.0100020000    0.0068166300    0.2222459400
  -0.0005413500    0.0003660300   -0.0188139300
   0.0008569800   -0.0009562600    0.0113520600
   0.0006966600   -0.0003169900   -0.0086443200
  -0.0013291500    0.0006367600    0.0101266100
   0.0008956000   -0.0002030800   -0.0071234000
   0.0010076500    0.0008249000    0.0042977500
   0.0004343500   -0.0002061400   -0.0035590500
  -0.0059053000   -0.0370435600   -0.0164934600
  -0.0044332400    0.0183622300   -0.0188346200
   0.0005764100   -0.0035371700    0.0011037100
   0.0004307600    0.0032259100   -0.0028485100
   0.0021741600    0.0267230700   -0.0165692600
  -0.0041680100   -0.0173299200   -0.0188225400
   0.0005414600    0.0022304800    0.0010972500
   0.0021904400   -0.0025044300   -0.0028508300
  -0.0242941400   -0.0011251100   -0.0210699600
   0.0293306800    0.0017394800   -0.0211573300
   0.0337063700    0.0083065500   -0.0183355300
  -0.0203838600   -0.0034806100   -0.0183157000
  -0.0034002800   -0.0009509400   -0.0011457200
   0.0022156100   -0.0001472900   -0.0011280500
   0.0031624400   -0.0013359900    0.0005582000
  -0.0027403600    0.0012055000    0.0005957900
  -0.0016562300   -0.0008803200   -0.0089212800
   0.0039846800    0.0038534200    0.0283127500
   0.0002509800   -0.0014350300   -0.0095664100
  -0.0052642200    0.0123202600    0.0173668100
  -0.0003131700    0.0000817800   -0.0089202000
   0.0073134700   -0.0051843800    0.0282683500
  -0.0001154200    0.0012574200   -0.0095661800
   0.0041830100   -0.0027853100    0.0174698900
   0.0061156000   -0.0064065400   -0.0308484800
   0.0006489800    0.0000171100    0.0096521300
   0.0045095100    0.0008777700   -0.0027525400
  -0.0064030000   -0.0018729100    0.0041023000
  -0.0011828400   -0.0027963200   -0.0016188100
   0.0007406500    0.0037284600    0.0016234800
   0.0006288700   -0.0003048500   -0.0016570600
  -0.0013749600    0.0008678000    0.0011268200
  -0.0046323200    0.0048029600   -0.0086853700
   0.0028297400   -0.0011169500    0.0065432000
  -0.0026070000    0.0005252000   -0.0024949300
   0.0010638400    0.0000482300    0.0026286600
  -0.0058111300    0.0000673600   -0.0247543100
   0.0022807300   -0.0003879300    0.0060910600
  -0.0006918600   -0.0013608400   -0.0035623200
   0.0002971300    0.0003919700    0.0031814300
   0.0032403800    0.0012599300    0.0089022600
  -0.0013218000    0.0002917100   -0.0183227500
  -0.0025409100    0.0024951900    0.0031343800
   0.0050404500   -0.0027299400   -0.0008205300
   0.0010494500   -0.0019173700    0.0027077500
  -0.0006647100    0.0062774100   -0.0026621300
  -0.0005218400   -0.0007690700    0.0010846300
  -0.0004493200   -0.0006824100   -0.0027681700
   0.0018034900    0.0021705400    0.0051417400
  -0.0011292200   -0.0056747900   -0.0039808900
  -0.0010866100    0.0005239100    0.0014531500
   0.0012359900   -0.0018566700   -0.0002239800
   0.0011181700   -0.0011969200    0.0084493200
   0.0075255600   -0.0115192400   -0.0293620800
  -0.0034028500   -0.0028296800    0.0050899800
   0.0025708800    0.0021490700   -0.0027957100
   0.0028314300    0.0046298200   -0.0030715300
  -0.0013910800   -0.0016007400    0.0032411400
   0.0000235400   -0.0007508300   -0.0029081100
   0.0001050100   -0.0006007200    0.0020875200
  -0.0005518500   -0.0009631400   -0.0194714900
  -0.0007410200    0.0007796300    0.0092875500
  -0.0031193300   -0.0015819100   -0.0034997500
   0.0020779600    0.0015662400    0.0048125700
  -0.0101368800   -0.0066738600   -0.0333607600
  -0.0002940000   -0.0016752400    0.0081563400
  -0.0040363200    0.0014859200   -0.0085482900
   0.0007359000   -0.0019495300    0.0043324000
   0.0021443300   -0.0037889100   -0.0035755100
  -0.0010067400    0.0006889200    0.0028063000
  -0.0003424500   -0.0007468100   -0.0020090900
  -0.0001580900   -0.0001655200    0.0021496300
   0.0034065100    0.0013801500    0.0048695600
  -0.0065855900   -0.0013479400   -0.0077628900
   0.0017113800    0.0017314400    0.0098690500
  -0.0217393400    0.0096179300   -0.0224568500
   0.0012319300    0.0005452700    0.0014302900
  -0.0009506300    0.0009105500   -0.0013301500
   0.0010076500    0.0003223800    0.0020451200
  -0.0011695600   -0.0006946500   -0.0040351200
   0.0007595500    0.0006135400    0.0013504400
   0.0001326200   -0.0008362500   -0.0020359700
  -0.0049055700    0.0051289700    0.0049052500
   0.0028210700   -0.0046114000   -0.0001516400
   0.0025779500   -0.0026048600    0.0026122700
  -0.0070092900    0.0049536400    0.0006929000
  -0.0030155700   -0.0045474900    0.0060471000
   0.0072984700    0.0091853400   -0.0001893100

1    
  0.0000000000000000   0.0000000000000000   0.0100000000000000
  -0.0098309300   -0.0077299400   -0.2225087500
   0.0013866800   -0.0004597000    0.0193909100
  -0.0000170900    0.0008778800   -0.0108137800
   0.0001152200    0.0002451900    0.0092143000
   0.0021086400   -0.0006466600   -0.0095548400
  -0.0000867500    0.0001620200    0.0076810100
  -0.0001761100   -0.0008783500   -0.0037514800
   0.0003825300    0.0001502100    0.0041185300
   0.0068387200    0.0373291200    0.0159862900
   0.0052313600   -0.0182928200    0.0182449100
   0.0002296400    0.0034868800   -0.0016758000
   0.0003952700   -0.0032804400    0.0023249200
  -0.0014807900   -0.0270492800    0.0159101700
   0.0050343000    0.0171955600    0.0182567300
   0.0002871000   -0.0023015800   -0.0016823100
  -0.0013700200    0.0024422000    0.0023229400
   0.0237461800    0.0011050400    0.0217135600
  -0.0299466800   -0.0018325000    0.0216262300
  -0.0348247500   -0.0084787800    0.0189738100
   0.0194769100    0.0034671100    0.0189915400
   0.0025908300    0.0009008000    0.0016795200
  -0.0030191600    0.0000947000    0.0016974600
  -0.0039617500    0.0012979100   -0.0000448800
   0.0019240200   -0.0012693100   -0.0000076100
   0.0008756900    0.0008395000    0.0083699200
  -0.0048193400   -0.0039844200   -0.0287922300
  -0.0010950700    0.0014097200    0.0090222100
   0.0045235300   -0.0124936600   -0.0179658100
  -0.0004863500   -0.0001635900    0.0083707900
  -0.0081894500    0.0051659300   -0.0288360000
  -0.0007135400   -0.0013356500    0.0090223900
  -0.0047922000    0.0028129500   -0.0178635900
  -0.0080665400    0.0081714200    0.0324079400
  -0.0010949300    0.0006613800   -0.0102904700
  -0.0050173900   -0.0001793200    0.0021197500
   0.0058783200    0.0025699900   -0.0047536300
   0.0006686400    0.0034521000    0.0010132400
  -0.0012455100   -0.0030222900   -0.0022806300
  -0.0011463600    0.0010122300    0.0010181000
   0.0008610300   -0.0001628300   -0.0017794100
   0.0041341500   -0.0041229400    0.0093878800
  -0.0033343100    0.0018069600   -0.0058931800
   0.0020832000    0.0001784900    0.0031394700
  -0.0015868100    0.0006553000   -0.0019899200
   0.0050737500    0.0001149200    0.0256556200
  -0.0027858600    0.0011167700   -0.0054486400
   0.0001799300    0.0020718300    0.0042132300
  -0.0008154000    0.0003204800   -0.0025454900
  -0.0035052800   -0.0019255100   -0.0093715800
   0.0017980300   -0.0000851000    0.0167759300
   0.0023420700   -0.0031599500   -0.0035928800
  -0.0052943400    0.0020919400    0.0003485500
  -0.0012557500    0.0012600200   -0.0031406800
   0.0004451100   -0.0069258700    0.0022052900
   0.0003053900    0.0001268900   -0.0015310500
   0.0002183500    0.0000243200    0.0022929400
  -0.0020347400   -0.0028406400   -0.0047043600
   0.0009017500    0.0049974600    0.0044264700
   0.0008732900   -0.0011807600   -0.0009925200
  -0.0014693200    0.0012170800    0.0006620300
  -0.0013523300    0.0005810000   -0.0080141100
  -0.0067840400    0.0095704000    0.0284108500
   0.0032023200    0.0022067900   -0.0046417000
  -0.0028062000   -0.0027823800    0.0032192700
  -0.0026322400   -0.0052699000    0.0035384500
   0.0016014900    0.0009447000   -0.0027925600
   0.0001837100    0.0001024200    0.0033815100
   0.0001134800   -0.0000528900   -0.0016464400
   0.0011972200    0.0000038300    0.0202156500
   0.0009487300   -0.0014076500   -0.0088516600
   0.0033098900    0.0009576700    0.0039945000
  -0.0018655400   -0.0022281100   -0.0043815700
   0.0111867600    0.0066606400    0.0334815400
   0.0004908000    0.0010135900   -0.0086125500
   0.0042765500   -0.0021391400    0.0081440500
  -0.0005079800    0.0013052500   -0.0048021700
  -0.0019110800    0.0031379700    0.0031339100
   0.0012229200   -0.0013314600   -0.0032655100
   0.0005424000    0.0000899500    0.0015708100
   0.0003774700   -0.0004793900   -0.0026112400
  -0.0029089500   -0.0006670600   -0.0055180800
   0.0070605600    0.0020629300    0.0070932000
  -0.0011704300   -0.0010391400   -0.0105549900
   0.0213191100   -0.0085304300    0.0215330500
  -0.0007238600    0.0001672800   -0.0020743900
   0.0014596100   -0.0002064900    0.0006787500
  -0.0004939800    0.0003885400   -0.0026844400
   0.0016763000    0.0013741300    0.0033608400
  -0.0002533900    0.0000927000   -0.0006921800
   0.0003822000    0.0015512500    0.0026823100
   0.0054266700   -0.0044475000   -0.0042520700
  -0.0022917900    0.0053349200    0.0007708300
  -0.0020838000    0.0033212500   -0.0019619200
   0.0075395700   -0.0042322700   -0.0000586400
   0.0035211300    0.0053083800   -0.0053767400
  -0.0067003800   -0.0083921800    0.0008103400

1    
  0.0100000000000000   0.0000000000000000   0.0000000000000000
  -0.2268138600    0.0195365600   -0.0091240900
  -0.0097007400    0.0019760000    0.0012346000
   0.0244302800   -0.0002549900   -0.0001328300
   0.0083372200   -0.0011088300   -0.0000164200
  -0.0117275000    0.0004236100    0.0019978200
  -0.0025319400    0.0001108900   -0.0002151600
   0.0086371300   -0.0000301500   -0.0003137500
   0.0036351900   -0.0001828700    0.0002495500
  -0.0306187200   -0.0036981500    0.0015166100
  -0.0188437300    0.0020805000   -0.0048488400
   0.0100301400   -0.0001471500   -0.0001391000
   0.0100024900   -0.0003431500    0.0014829200
  -0.0306261000   -0.0021471800   -0.0066977000
  -0.0188348300   -0.0055513300   -0.0050804400
   0.0100285100   -0.0005486000   -0.0000941400
   0.0099986000    0.0001926000   -0.0002648000
   0.0179826900    0.0022892200    0.0299645700
   0.0179485000    0.0007531100   -0.0238258300
   0.0191372700    0.0041670100   -0.0195782200
   0.0190957500    0.0086714700    0.0344219700
   0.0005507200   -0.0000306500    0.0028924500
   0.0005491600    0.0005070700   -0.0027160700
   0.0002103900   -0.0004466200   -0.0020528800
   0.0002049300   -0.0009724600    0.0038351600
   0.0003322700    0.0026825200   -0.0003646400
   0.0186727400    0.0277621000   -0.0080266900
  -0.0006259100   -0.0027194000   -0.0005799800
   0.0210721400   -0.0338582800   -0.0047636600
   0.0003344800   -0.0027961400    0.0009863700
   0.0186814600   -0.0272853900   -0.0046976200
  -0.0006268900    0.0020233300   -0.0009547700
   0.0211090400    0.0182154900    0.0046324900
   0.0212185000    0.0002939800   -0.0102268700
   0.0092831500    0.0026675300   -0.0085040800
  -0.0094498900   -0.0018240600    0.0004041600
  -0.0072661100   -0.0021249200    0.0028862500
   0.0020196200   -0.0005049100    0.0017167900
   0.0031358500    0.0021099100   -0.0015699100
  -0.0023440400    0.0003021700   -0.0001627000
  -0.0025635700   -0.0002951000    0.0005622600
   0.0070923500    0.0080854100    0.0035102500
   0.0026456700    0.0009204000    0.0023914700
  -0.0066967000   -0.0023918500   -0.0022745700
  -0.0022136800   -0.0002304200   -0.0002386800
   0.0207239000    0.0032428900    0.0036094100
   0.0030172700    0.0001266000    0.0007202700
  -0.0090714600   -0.0003809400   -0.0015739300
  -0.0030230000    0.0000710600   -0.0002077900
   0.0057309300   -0.0014727500   -0.0032803200
   0.0140008700   -0.0018552900    0.0048858200
  -0.0032013800    0.0012263500    0.0012225200
  -0.0114966400    0.0022239900   -0.0018297700
   0.0014652500   -0.0011012100    0.0002264500
   0.0022804000    0.0040192100   -0.0001935500
  -0.0012793300   -0.0002214000   -0.0000985000
  -0.0033580300   -0.0018490000   -0.0011891600
   0.0013227100   -0.0004068300    0.0010920500
   0.0031450300   -0.0044869600    0.0006733500
  -0.0010228800   -0.0000656800    0.0003839800
  -0.0046726200    0.0021618900   -0.0021362900
   0.0034643500    0.0002163800   -0.0042486600
   0.0182861600   -0.0070491500   -0.0061948700
  -0.0031758500   -0.0015294500    0.0016651900
  -0.0077637600   -0.0018109700   -0.0012649200
   0.0042769800   -0.0056049300   -0.0027917600
   0.0007836100   -0.0006684500    0.0009758000
  -0.0036572800    0.0018950400    0.0036545400
  -0.0009533900   -0.0002749300   -0.0004819500
   0.0154861800    0.0069891600   -0.0080988800
   0.0016321100    0.0011271400    0.0048793700
  -0.0078244000   -0.0020206800    0.0022477500
  -0.0041375800   -0.0043352300   -0.0041036000
   0.0313705600    0.0089644900    0.0098327300
   0.0023841800   -0.0010379200    0.0036663800
  -0.0107376100    0.0008265000    0.0034842500
  -0.0032066700    0.0014298800   -0.0024764700
   0.0047197900    0.0046943800   -0.0002777400
   0.0012373500    0.0001850000    0.0000798900
  -0.0028038200   -0.0019700000    0.0011839400
  -0.0014064500   -0.0007597000   -0.0005321200
  -0.0034659200   -0.0010277700   -0.0044623600
  -0.0130023900   -0.0006966600    0.0004974500
   0.0017803300    0.0010363100    0.0041995000
   0.0623477700   -0.0200624000    0.0223146600
  -0.0008217300    0.0011997800   -0.0010111300
  -0.0033648500    0.0042870200    0.0000008900
   0.0012602600   -0.0001875200    0.0005892600
   0.0019889800   -0.0034430200   -0.0010884200
  -0.0017751700    0.0000134100    0.0003041500
  -0.0042676000   -0.0016161100    0.0047947900
   0.0030669200    0.0014130600    0.0008389800
   0.0037532200    0.0072659400   -0.0058313300
  -0.0048036500    0.0044418300   -0.0019432900
  -0.0073869100    0.0032018800    0.0036528600
   0.0017193500   -0.0043977000    0.0044168700
   0.0055438900   -0.0082048400   -0.0079975300

1    
 -0.0100000000000000   0.0000000000000000  -0.0000000000000000
   0.2295862100   -0.0217252800    0.0107829900
   0.0105460500   -0.0020468600   -0.0006940400
  -0.0236163800    0.0001472500    0.0007399800
  -0.0075414400    0.0010406400    0.0005648400
   0.0125627100   -0.0004661700   -0.0014397000
   0.0033535600   -0.0001717000    0.0007667800
  -0.0078416600   -0.0000171600    0.0008699400
  -0.0028298900    0.0001248300    0.0003012700
   0.0314849900    0.0035680000   -0.0021385300
   0.0197373200   -0.0021805600    0.0043532600
  -0.0092427500    0.0001074000   -0.0003934900
  -0.0092078900    0.0003076500   -0.0020770500
   0.0314772200    0.0021808700    0.0060458100
   0.0197467000    0.0055396700    0.0045828700
  -0.0092443600    0.0004724500   -0.0004406200
  -0.0092115900   -0.0002680900   -0.0002999600
  -0.0188100900   -0.0023619300   -0.0293116000
  -0.0188425800   -0.0008505500    0.0242130700
  -0.0199739900   -0.0042479600    0.0202821500
  -0.0200161900   -0.0087756100   -0.0341080700
  -0.0013814400   -0.0000280300   -0.0023422400
  -0.0013829300   -0.0005597200    0.0032749500
  -0.0010015800    0.0003903600    0.0026114900
  -0.0010072000    0.0009183900   -0.0032890800
  -0.0011637400   -0.0027472300   -0.0001915700
  -0.0195250200   -0.0276169400    0.0074771500
  -0.0001706000    0.0026698800    0.0000181900
  -0.0219938000    0.0340656800    0.0042110300
  -0.0011615400    0.0027376400   -0.0015458100
  -0.0195169700    0.0270829200    0.0041070700
  -0.0001716400   -0.0020920500    0.0003912700
  -0.0219563100   -0.0184399700   -0.0051555500
  -0.0219336100    0.0006753800    0.0100717400
  -0.0098411600   -0.0019731600    0.0079154000
   0.0089609400    0.0025229100   -0.0010823000
   0.0067824000    0.0028460200   -0.0035199000
  -0.0025412000    0.0011936900   -0.0023548100
  -0.0036645000   -0.0014111400    0.0009293500
   0.0018440700    0.0004079500   -0.0004879800
   0.0020604100    0.0010069800   -0.0012096900
  -0.0076576000   -0.0074048900   -0.0028951700
  -0.0031702000   -0.0002145600   -0.0017566100
   0.0062004100    0.0030871800    0.0029175200
   0.0017138700    0.0009364200    0.0008948300
  -0.0215859900   -0.0031038000   -0.0028163500
  -0.0035425300    0.0005859200   -0.0000741800
   0.0085920600    0.0011223100    0.0022169200
   0.0025239400    0.0006415300    0.0008587800
  -0.0059543600    0.0008226500    0.0028393900
  -0.0139835600    0.0015050800   -0.0057096600
   0.0029847700   -0.0018750500   -0.0016849000
   0.0112960100   -0.0029033700    0.0014197600
  -0.0016772900    0.0004500500   -0.0006733500
  -0.0024940300   -0.0046899900   -0.0002619100
   0.0010605200   -0.0004230600   -0.0003563200
   0.0031430600    0.0012064200    0.0007335100
  -0.0015383800   -0.0002402400   -0.0006370200
  -0.0033577300    0.0038454600   -0.0002114400
   0.0008037700   -0.0005843700    0.0000685000
   0.0044653900   -0.0028255600    0.0026004200
  -0.0036814200   -0.0008553600    0.0047117700
  -0.0181255100    0.0059258300    0.0060863800
   0.0029623000    0.0008920100   -0.0012183200
   0.0075608100    0.0011954200    0.0017274000
  -0.0040663400    0.0049730300    0.0032289800
  -0.0005606400    0.0000256800   -0.0005240100
   0.0038763600   -0.0025557200   -0.0032124500
   0.0011683000   -0.0003755800    0.0009408800
  -0.0144214500   -0.0082187800    0.0090816900
  -0.0014091200   -0.0017677700   -0.0044436100
   0.0080558300    0.0014038900   -0.0018214400
   0.0043623600    0.0037058100    0.0045715000
  -0.0299275900   -0.0084003300   -0.0092305600
  -0.0021679900    0.0003867000   -0.0041416000
   0.0109649900   -0.0014870300   -0.0039784100
   0.0034308000   -0.0020863600    0.0020395900
  -0.0045034700   -0.0053514400   -0.0001764300
  -0.0010180600   -0.0008338600   -0.0005346600
   0.0030196200    0.0013303100   -0.0016429500
   0.0016256500    0.0001140400    0.0000808900
   0.0039870700    0.0017325000    0.0038156300
   0.0134259800    0.0013392800   -0.0010889400
  -0.0012796000   -0.0003271600   -0.0048462800
  -0.0656922400    0.0226783100   -0.0252814300
   0.0013398400   -0.0004940100    0.0003673800
   0.0038947400   -0.0035943300   -0.0006493100
  -0.0007562100    0.0008989600   -0.0012360500
  -0.0014958600    0.0041574900    0.0004311200
   0.0023031500    0.0006944000    0.0003400900
   0.0047999500    0.0023088100   -0.0041435400
  -0.0025701400   -0.0007020400   -0.0001859200
  -0.0032612000   -0.0065766000    0.0065030600
   0.0053463400   -0.0037416300    0.0025989200
   0.0079411100   -0.0024868200   -0.0030103500
  -0.0012358800    0.0051211300   -0.0037610800
  -0.0050651300    0.0090066500    0.0087007000

1    
 -0.0000000000000000  -0.0100000000000000  -0.0000000000000000
  -0.0206815800    0.2237203700    0.0071934100
  -0.0016207500    0.0089940000    0.0006914500
   0.0006210300    0.0098559600   -0.0006462500
   0.0014909100    0.0028715100   -0.0000051700
  -0.0000004200   -0.0220398900    0.0009008800
   0.0002619500   -0.0062138300    0.0000961500
   0.0004126600   -0.0077518400    0.0011311200
   0.0005621200   -0.0032237700    0.0000982500
   0.0025748900   -0.0234506700   -0.0270382200
   0.0059753500   -0.0117600000    0.0169962200
   0.0009229000   -0.0009447300   -0.0025477900
   0.0001811800   -0.0000989600    0.0022082800
   0.0040580400   -0.0235165300    0.0371500000
  -0.0017280000   -0.0117389700   -0.0186961900
   0.0005352200   -0.0009241100    0.0032498100
   0.0007349700   -0.0000785400   -0.0035439400
   0.0003762000    0.0257449200    0.0020497300
   0.0019073400    0.0257379600   -0.0008182400
   0.0084158500    0.0164894000   -0.0032541400
   0.0038592200    0.0164859800    0.0087688300
   0.0001411700   -0.0082603700    0.0001679500
  -0.0003921800   -0.0082559700   -0.0006623200
  -0.0013751700   -0.0081951000    0.0015396800
  -0.0008350000   -0.0082023100   -0.0010577900
  -0.0031814700   -0.0009521000   -0.0004002200
  -0.0275295300   -0.0212376400    0.0049016400
   0.0016574200   -0.0007020600   -0.0015776000
   0.0178837400   -0.0133534400    0.0024589400
   0.0023214100   -0.0009375400    0.0005877300
   0.0274703900   -0.0213187000   -0.0042274500
  -0.0031157400   -0.0006803300    0.0011526500
  -0.0345655300   -0.0132786700   -0.0127555100
  -0.0041847500   -0.0194563700   -0.0007502700
  -0.0009974600   -0.0034205000   -0.0045727100
   0.0013209700   -0.0027970700    0.0004532100
  -0.0023026300   -0.0008847400   -0.0004276500
   0.0024487200    0.0101144400   -0.0006532900
   0.0011484600    0.0046271100    0.0009972500
   0.0000211700    0.0023076800   -0.0005296400
   0.0002482100    0.0017305000    0.0002868600
  -0.0036909200    0.0144086300    0.0011271900
  -0.0012342300    0.0025621600   -0.0020697600
   0.0041467100    0.0034715100    0.0017498200
   0.0004459400    0.0013330600   -0.0000722600
  -0.0050289900   -0.0308333100    0.0077175800
   0.0003218700   -0.0020934900    0.0023222200
  -0.0058683400   -0.0021527400   -0.0005882500
  -0.0014203500   -0.0007315100    0.0006249100
   0.0021243800   -0.0027733500    0.0056556700
   0.0039012100   -0.0165720900   -0.0068928200
  -0.0007948100   -0.0004574200    0.0010545100
  -0.0039620000   -0.0009040300   -0.0022302800
  -0.0028999900    0.0045428800   -0.0042833400
  -0.0018252700    0.0077441200    0.0014500000
  -0.0000878500    0.0006605600   -0.0010752200
   0.0029241500    0.0039033100    0.0026396300
   0.0009195400    0.0028656600    0.0021771500
   0.0002014300    0.0071493700   -0.0005431500
  -0.0004856800    0.0014537300    0.0005730200
  -0.0013968100    0.0032373200   -0.0007599400
  -0.0008773100   -0.0042510000   -0.0048403400
   0.0123129900   -0.0350664200   -0.0182466000
  -0.0007350500   -0.0031727500    0.0006769400
   0.0012847400   -0.0064344300    0.0014323900
   0.0018283600    0.0076189600    0.0016118900
   0.0012977700    0.0024397200   -0.0006040200
  -0.0015344300    0.0028653000    0.0018023700
   0.0000082300    0.0014616200    0.0002621400
   0.0008176800   -0.0234213400    0.0008493900
  -0.0018817300   -0.0030806500    0.0044602100
   0.0050808800   -0.0056482300   -0.0034223700
  -0.0003113400   -0.0038127600   -0.0001325700
  -0.0103846200   -0.0322765100   -0.0063952200
   0.0013126500   -0.0021184300   -0.0042024000
  -0.0043759200   -0.0012132200    0.0013553600
  -0.0009445100   -0.0009185200   -0.0003583800
  -0.0019131700    0.0082247400   -0.0023132800
  -0.0007775400    0.0017667600    0.0005320300
   0.0023391900    0.0033728300   -0.0026774300
   0.0004675400    0.0009117000    0.0000916300
   0.0001375000   -0.0009971700   -0.0019720400
   0.0056529800   -0.0061728700   -0.0010820400
   0.0001429400   -0.0009021000    0.0021233300
   0.0180170200   -0.0245732700    0.0069237300
  -0.0006976100    0.0018443800   -0.0000201100
  -0.0022552700    0.0057777300    0.0010779700
   0.0002186500    0.0019722900   -0.0003871000
  -0.0000369000    0.0088773800    0.0016390300
   0.0001347700    0.0021494300    0.0008066700
   0.0031042100    0.0035701500   -0.0029383300
  -0.0042577200    0.0041321500    0.0032194500
  -0.0021648300    0.0055925200   -0.0018347200
  -0.0007505600   -0.0014133300   -0.0014969200
  -0.0049933200   -0.0015417700    0.0047682000
   0.0064010300   -0.0045890200   -0.0068033400
   0.0070014400   -0.0027933400    0.0086021600

1    
  0.0000000000000000   0.0100000000000000   0.0000000000000000
   0.0205315500   -0.2229581500   -0.0073270700
   0.0024021600   -0.0089830000   -0.0001346400
   0.0002196700   -0.0098346100    0.0011879000
  -0.0006582300   -0.0029103100    0.0005568800
   0.0008896500    0.0219252700   -0.0003826900
   0.0005445300    0.0061001000    0.0004614500
   0.0003995600    0.0076337100   -0.0005722100
   0.0002545000    0.0031344100    0.0004545600
  -0.0017538400    0.0233195400    0.0267356100
  -0.0051166200    0.0116144600   -0.0175296200
  -0.0000980700    0.0008503200    0.0019844600
   0.0006420900    0.0000147600   -0.0027384500
  -0.0032086200    0.0232547600   -0.0372242200
   0.0025337200    0.0116353800    0.0179581000
   0.0002807700    0.0008710900   -0.0037743500
   0.0000842100    0.0000353900    0.0029627400
  -0.0012277400   -0.0256393000   -0.0015227600
  -0.0027437600   -0.0256456700    0.0014120500
  -0.0090312600   -0.0163739100    0.0036942700
  -0.0045560400   -0.0163776400   -0.0080163500
  -0.0009255100    0.0081274900    0.0004101800
  -0.0003895200    0.0081318800    0.0011893900
   0.0005158800    0.0080820700   -0.0009350300
   0.0000021000    0.0080748500    0.0015759600
   0.0023526300    0.0008723900   -0.0001548300
   0.0268406200    0.0211747700   -0.0054494800
  -0.0024579000    0.0006067900    0.0010155300
  -0.0187726800    0.0130449800   -0.0031405900
  -0.0031087700    0.0008868700   -0.0011322600
  -0.0279100300    0.0210932800    0.0036109500
   0.0022736500    0.0006287700   -0.0016920800
   0.0333605500    0.0131213300    0.0120605900
   0.0033792200    0.0204988200    0.0006096800
   0.0005082900    0.0041205100    0.0038809200
  -0.0018202300    0.0034811700   -0.0010972600
   0.0017788600    0.0015839000   -0.0002211500
  -0.0029263400   -0.0093756000   -0.0000228300
  -0.0016500400   -0.0038922300   -0.0016272600
  -0.0005368800   -0.0015890800   -0.0001193400
  -0.0007638500   -0.0010167800   -0.0009243800
   0.0032943700   -0.0138235200   -0.0005273200
   0.0007221400   -0.0018272900    0.0026967400
  -0.0046365600   -0.0027358500   -0.0010989800
  -0.0009532000   -0.0006134100    0.0007128900
   0.0031888100    0.0291725900   -0.0062601200
  -0.0008289600    0.0027771300   -0.0016558900
   0.0053089000    0.0028318500    0.0012284500
   0.0008967100    0.0014278400    0.0000243200
  -0.0023275600    0.0021232900   -0.0060829400
  -0.0035663500    0.0167622000    0.0055685700
   0.0005610800   -0.0001766500   -0.0014936200
   0.0036648000    0.0002799800    0.0017592100
   0.0026530900   -0.0051462200    0.0037825300
   0.0015759300   -0.0083218400   -0.0018645700
  -0.0001269500   -0.0013052200    0.0006122300
  -0.0031085700   -0.0045232200   -0.0030586700
  -0.0011276500   -0.0034817500   -0.0017086700
  -0.0004475700   -0.0077358900    0.0010294000
   0.0002686100   -0.0020804500   -0.0001195600
   0.0011707300   -0.0038510500    0.0012082000
   0.0006533800    0.0035628100    0.0052519100
  -0.0118302800    0.0338134900    0.0177084700
   0.0005073500    0.0024946800   -0.0002131500
  -0.0015045600    0.0057295500   -0.0009716100
  -0.0016395700   -0.0081888900   -0.0011776900
  -0.0010728400   -0.0030612600    0.0010601900
   0.0017613900   -0.0034753700   -0.0013312300
   0.0002122800   -0.0020880100    0.0001972300
  -0.0002302300    0.0224234700   -0.0001056000
   0.0020858600    0.0024117600   -0.0039936200
  -0.0048153400    0.0049401800    0.0038386900
   0.0005167900    0.0031248900    0.0005722000
   0.0118640100    0.0328174500    0.0069329000
  -0.0010931800    0.0014570600    0.0037153000
   0.0045322900    0.0005794300   -0.0017998800
   0.0011478300    0.0002782900   -0.0001031500
   0.0020967500   -0.0088011500    0.0018322600
   0.0009879400   -0.0024027700   -0.0009759100
  -0.0021009900   -0.0040005400    0.0022037000
  -0.0002462400   -0.0015548600   -0.0005417200
   0.0003675600    0.0016964800    0.0013109100
  -0.0051280500    0.0068638400    0.0004354200
   0.0003692400    0.0016037900   -0.0027223900
  -0.0182727300    0.0256253300   -0.0079405000
   0.0011957000   -0.0011266300   -0.0006294600
   0.0027410900   -0.0050356000   -0.0017157800
   0.0002950200   -0.0012546600   -0.0002655600
   0.0005739500   -0.0081152000   -0.0022443700
   0.0003704100   -0.0014144900   -0.0001565500
  -0.0025828000   -0.0028225900    0.0035687000
   0.0047512100   -0.0033692500   -0.0025774000
   0.0026668500   -0.0048110800    0.0024843100
   0.0012609700    0.0021063200    0.0021380700
   0.0054837800    0.0022284800   -0.0040895100
  -0.0058283400    0.0052389200    0.0073852000
  -0.0064166100    0.0034508000   -0.0078549600

33   
  0.0000000000000000   0.0000000000000000  -0.0100000000000000
   0.0113282400   -0.0012131100   -0.0324788200
   0.0085973300   -0.0042549400    0.0102721500
  -0.0003402600    0.0007327800   -0.0021782100
  -0.0027983500   -0.0001285100    0.0047276600
  -0.0016247600   -0.0003300200   -0.0010512000
   0.0016498200    0.0012902900    0.0022482000
   0.0002433500   -0.0002332500   -0.0010687400
  -0.0004786400    0.0005741900    0.0017384100
   0.0037060500   -0.0068978600   -0.0254742000
   0.0008007400   -0.0020410900    0.0055081800
  -0.0015002000    0.0008853500   -0.0041619800
  -0.0001220800   -0.0003374700    0.0025898700
   0.0036218200   -0.0008811600   -0.0093279900
   0.0024899700    0.0023729800    0.0059622900
  -0.0021943400   -0.0014584800   -0.0031052400
  -0.0001596400    0.0003663700    0.0020382000
   0.0004046800   -0.0007977800   -0.0071507000
  -0.0045725500   -0.0016827200    0.0054874400
   0.0228982200    0.0071902800   -0.0216828400
   0.0041464400    0.0024132900    0.0105256100
  -0.0000719700    0.0013776700   -0.0007324600
  -0.0010976600    0.0002766000    0.0020332900
  -0.0011733800    0.0019226500   -0.0034253000
   0.0005088300   -0.0000931300    0.0026440400
   0.0018729800    0.0017774400    0.0020254000
  -0.0037431600   -0.0044673000    0.0000767800
  -0.0044896900    0.0070416300    0.0054615800
   0.0079529900   -0.0082920700   -0.0008319600
  -0.0003917700   -0.0005095300    0.0007527400
  -0.0048958300    0.0032381200   -0.0026581200
  -0.0009131700   -0.0029297900    0.0043238900
   0.0057698700    0.0021385300   -0.0007491500
  -0.0606731700    0.0118654500    0.1368723400
   0.0007337100   -0.0000869800   -0.0060250300
   0.0006908000    0.0002698100    0.0009601900
   0.0013927200    0.0006130500   -0.0021352100
  -0.0014397600    0.0000379600    0.0018388400
  -0.0002396400   -0.0004557700   -0.0015923900
  -0.0002704500    0.0006606200    0.0004599000
   0.0003330500    0.0001653600   -0.0012230200
   0.0016908600    0.0099346400    0.0014009000
  -0.0020386700   -0.0005357200   -0.0023123200
   0.0007183000    0.0007110100    0.0015486000
  -0.0010984500    0.0002133800   -0.0007822300
  -0.0034070800   -0.0126943500    0.0013950500
  -0.0014826100    0.0019008700   -0.0023102700
   0.0015267900    0.0003795900    0.0015482000
   0.0001786400    0.0009757300   -0.0007840100
  -0.0109406200   -0.0033948400   -0.0063969500
   0.0032139900    0.0040131200   -0.0053829200
   0.0036816600   -0.0037959800   -0.0021078900
  -0.0022901200    0.0003984300   -0.0010591500
  -0.0000675300   -0.0006880300    0.0004147700
   0.0002020700   -0.0017785100   -0.0008841500
   0.0004796200    0.0003345800   -0.0001593800
  -0.0006118400   -0.0006491400   -0.0006047400
  -0.0008889200   -0.0012649500   -0.0005384300
   0.0001369500    0.0003954400    0.0000650400
   0.0012412700   -0.0016632400    0.0007559300
  -0.0008392700    0.0002524000   -0.0003852500
  -0.0019150900    0.0013532900    0.0003512700
   0.0083366700   -0.0133338100   -0.0118753800
   0.0044099700    0.0047015600   -0.0054794600
  -0.0010642000   -0.0006318800    0.0000429300
  -0.0032099800   -0.0015567700    0.0050616200
   0.0000849500   -0.0005177100   -0.0010096600
  -0.0002944700    0.0000047200    0.0022923900
   0.0005063800   -0.0010166700   -0.0015819100
   0.0035336300   -0.0034212900    0.0043826600
  -0.0005351200    0.0003739100   -0.0028723700
   0.0011345600    0.0025097800    0.0057971500
  -0.0004693300   -0.0013665700   -0.0030616100
   0.0159381900    0.0063137900    0.0048549200
  -0.0004495400   -0.0006122700   -0.0031882000
  -0.0022634200   -0.0013053900    0.0048206300
   0.0013248400    0.0000050600   -0.0038288400
   0.0003829700   -0.0013386800    0.0013451100
   0.0001422000   -0.0005159700   -0.0012600300
   0.0000048000   -0.0004005700    0.0012564600
   0.0004399000   -0.0000626200   -0.0015624400
  -0.0000000300    0.0009696400   -0.0001727900
   0.0017218900    0.0002472200   -0.0001628600
   0.0042897900   -0.0015003800   -0.0262592500
  -0.0139806100    0.0026935700   -0.0267277700
   0.0004626600    0.0002758200   -0.0003180200
   0.0008987300   -0.0005114400   -0.0003137600
  -0.0002015600    0.0004995700   -0.0008807300
  -0.0003246700   -0.0000409300   -0.0008741200
   0.0000269900    0.0000529100    0.0008522700
   0.0012539200    0.0005876400   -0.0006965200
   0.0016931100   -0.0070341500   -0.0007744800
   0.0003100300    0.0019748800   -0.0012290300
   0.0009638400    0.0001913700    0.0008536400
   0.0025620700   -0.0001760800   -0.0007013600
  -0.0008399300    0.0101351200   -0.0007657300
  -0.0002302900   -0.0007105600   -0.0012299400

33   
  0.0000000000000000   0.0000000000000000   0.0100000000000000
  -0.0089906500    0.0001593200    0.0307714600
  -0.0078223100    0.0041991400   -0.0096705100
   0.0011461300   -0.0008174300    0.0026941900
   0.0036082800    0.0000780700   -0.0041275700
   0.0024467200    0.0003004100    0.0015808500
  -0.0008490400   -0.0013340700   -0.0016553200
   0.0005689600    0.0001770900    0.0016077400
   0.0012931800   -0.0006367500   -0.0011681100
  -0.0027244700    0.0070612600    0.0249391200
   0.0000061700    0.0019367200   -0.0060308300
   0.0022905300   -0.0009311900    0.0036139900
   0.0009447600    0.0002632700   -0.0031371200
  -0.0027830800    0.0007739500    0.0087452800
  -0.0016581900   -0.0023937000   -0.0064740200
   0.0029981200    0.0013906300    0.0025290700
   0.0009740400   -0.0004187100   -0.0025800800
  -0.0011806900    0.0007190200    0.0077060400
   0.0037051000    0.0016006300   -0.0048998600
  -0.0246584800   -0.0076729900    0.0222991000
  -0.0048996600   -0.0024329700   -0.0098978000
  -0.0007228700   -0.0014162200    0.0012769200
   0.0002810700   -0.0003323300   -0.0014716300
   0.0003459600   -0.0019601200    0.0039711500
  -0.0013169400    0.0000283100   -0.0020854300
  -0.0026693900   -0.0018576700   -0.0025490400
   0.0029209900    0.0043906900   -0.0006744400
   0.0036887700   -0.0071468900   -0.0059629000
  -0.0087447300    0.0081644400    0.0001683000
  -0.0004276400    0.0004537000   -0.0012894300
   0.0040427300   -0.0032687800    0.0020604000
   0.0001118900    0.0028667800   -0.0048338300
  -0.0065652100   -0.0021807500    0.0001733900
   0.0594407600   -0.0097934800   -0.1352926300
  -0.0012271300    0.0008002600    0.0053580400
  -0.0011920200    0.0004450400   -0.0016055700
  -0.0018914200    0.0000983600    0.0014778200
   0.0009266000    0.0006610100   -0.0024773200
  -0.0002710900    0.0011524400    0.0009361200
  -0.0002445000    0.0000466900   -0.0011003700
  -0.0008424600    0.0005398300    0.0005717500
  -0.0021955000   -0.0092252900   -0.0006764100
   0.0015251200    0.0012532500    0.0029415100
  -0.0012213800   -0.0000063300   -0.0008918200
   0.0005835800    0.0004957100    0.0014213600
   0.0028728300    0.0133192300   -0.0006823700
   0.0009643100   -0.0012005400    0.0029435200
  -0.0020269500    0.0003340000   -0.0008920700
  -0.0006869700   -0.0002651000    0.0014194800
   0.0108099200    0.0028069400    0.0059751600
  -0.0033937800   -0.0045996900    0.0048828600
  -0.0038820500    0.0031228300    0.0016297200
   0.0020479900   -0.0010324800    0.0006175000
  -0.0001485400    0.0000324900   -0.0008679400
  -0.0004188400    0.0011094800    0.0004375600
  -0.0006961900   -0.0009761400   -0.0002954000
   0.0003918400   -0.0000019700    0.0001537100
   0.0006253400    0.0005707600    0.0009057300
  -0.0003528600   -0.0010371400    0.0004023600
  -0.0014581100    0.0010138700   -0.0003124600
   0.0006185400   -0.0008970300    0.0008429700
   0.0016976900   -0.0020022400    0.0000907600
  -0.0084351100    0.0124903700    0.0121331100
  -0.0045677000   -0.0052901800    0.0058884300
   0.0008322300   -0.0000206500    0.0004174300
   0.0034245300    0.0009117100   -0.0045957500
   0.0001354200   -0.0001245600    0.0014490900
   0.0005146100   -0.0006557600   -0.0018232400
  -0.0002910200    0.0003729700    0.0020330200
  -0.0033191500    0.0027735900   -0.0038639400
   0.0007588900   -0.0010229900    0.0033045800
  -0.0009082500   -0.0031556100   -0.0053462900
   0.0006702000    0.0006962600    0.0034863500
  -0.0157334000   -0.0069431200   -0.0051364500
   0.0006713500   -0.0000262300    0.0027153500
   0.0025731600    0.0006538800   -0.0052066800
  -0.0011250600   -0.0006389400    0.0033677300
  -0.0001686200    0.0006806800   -0.0017889100
   0.0000767600   -0.0001367000    0.0007977100
   0.0002109400   -0.0002511600   -0.0017002800
  -0.0002210800   -0.0005845600    0.0010989900
   0.0005109300   -0.0002591900   -0.0004760800
  -0.0012010200    0.0004673700   -0.0004662800
  -0.0039257200    0.0022302200    0.0260151700
   0.0141973500   -0.0019333800    0.0255472300
   0.0000435400    0.0004279500   -0.0003340200
  -0.0003816000    0.0012123800   -0.0003298100
   0.0007111500    0.0002053300    0.0002275500
   0.0008400100    0.0007405800    0.0002341500
   0.0004827900    0.0006567300   -0.0002072100
  -0.0007465200    0.0001230900    0.0013502200
  -0.0011431000    0.0077269100    0.0013808400
   0.0001973900   -0.0012445000    0.0018784400
  -0.0004465000    0.0005186200   -0.0002057900
  -0.0020303100    0.0008776100    0.0013453000
   0.0013434500   -0.0094074700    0.0013899000
   0.0007346900    0.0014011400    0.0018774800

33   
  0.0100000000000000   0.0000000000000000   0.0000000000000000
   0.0221353200    0.0035393200   -0.0073313700
   0.0099641200    0.0007190500   -0.0005851300
  -0.0087775300   -0.0015896700   -0.0044508700
  -0.0065930600    0.0020014500    0.0063761300
   0.0027016000   -0.0027014500    0.0011947800
   0.0038030100   -0.0014255300   -0.0007109200
  -0.0016905700   -0.0003126100   -0.0006035100
  -0.0019027100   -0.0005366800    0.0013901900
   0.0217342900    0.0045313200   -0.0056024300
   0.0036911100   -0.0006027000    0.0022446500
  -0.0084016800    0.0055187500   -0.0007151500
  -0.0023698300    0.0011241800    0.0002764100
   0.0077909100    0.0034285700   -0.0046278600
   0.0033124800    0.0009441700    0.0027906000
  -0.0060179600   -0.0043895500   -0.0026113200
  -0.0015574900   -0.0007263500    0.0010423500
  -0.0135958500    0.0053661000   -0.0065578800
  -0.0041150900   -0.0001421800    0.0034305300
   0.0617627400    0.0172389100   -0.0201812700
   0.0010937500   -0.0001583000    0.0016867000
  -0.0040170000   -0.0025230800   -0.0009233900
  -0.0014782200   -0.0009793200    0.0012534700
   0.0013109400   -0.0003201800   -0.0011423200
   0.0005923100   -0.0000680300    0.0010203000
  -0.0054663000   -0.0010418100   -0.0026052700
  -0.0080527300   -0.0052835400    0.0070133600
   0.0010383400    0.0060600800    0.0029887600
   0.0048071700    0.0066920700   -0.0072777000
  -0.0024325200   -0.0001449000   -0.0007854100
  -0.0049185200    0.0028144100   -0.0001459400
   0.0023843200   -0.0045140200    0.0048703600
   0.0030472100   -0.0024418700   -0.0028267800
  -0.1707887600   -0.0490118200    0.0590123300
  -0.0018177400   -0.0002271200   -0.0012920200
   0.0064659100    0.0010445200   -0.0012592300
   0.0019147500    0.0002660000   -0.0019581500
  -0.0018977600    0.0007931000    0.0008528200
  -0.0010220800    0.0000753700   -0.0003377600
   0.0015262000    0.0017124100   -0.0003111000
   0.0008198600    0.0008406900   -0.0009088400
  -0.0066532700    0.0023818900   -0.0027811200
  -0.0025189700   -0.0005292800   -0.0008988900
   0.0035449700    0.0004417400    0.0020946000
   0.0019222400    0.0008764300    0.0007572000
  -0.0066221800   -0.0014300200    0.0022937900
  -0.0025179900    0.0001973000   -0.0014519400
   0.0035370900    0.0013281600    0.0012882500
   0.0019140300    0.0015243500   -0.0005113000
   0.0086916500    0.0017602000    0.0131608800
   0.0013409400    0.0018478200   -0.0043853000
   0.0061731500   -0.0081331300   -0.0056241400
  -0.0001810500   -0.0006943000    0.0009992100
  -0.0004061400    0.0002578600    0.0000374800
  -0.0002573100   -0.0007707100   -0.0005499500
   0.0000846900    0.0015887900   -0.0002112900
  -0.0000729800   -0.0000672100   -0.0003109300
   0.0028911400    0.0030714000    0.0057845900
  -0.0009739400    0.0007093800   -0.0008605500
   0.0000634800   -0.0019096200    0.0002466600
   0.0002492100   -0.0004721100    0.0003661700
  -0.0002056000   -0.0020441100    0.0022553000
   0.0057067800   -0.0083921400   -0.0066409400
   0.0104081700    0.0108683000   -0.0112394400
  -0.0000015300    0.0001382800    0.0012463000
   0.0033866100    0.0034880500   -0.0015441800
  -0.0003041500   -0.0001406800    0.0006185300
  -0.0000871000   -0.0017447300    0.0007869200
   0.0006388900   -0.0006534300   -0.0005521800
   0.0055057500   -0.0077288800   -0.0008050500
  -0.0003248900   -0.0002690500   -0.0010674200
   0.0044359000    0.0058248500    0.0064544600
   0.0003499700   -0.0002737100   -0.0015549800
   0.0397498900    0.0125939400   -0.0137216500
  -0.0002979000   -0.0008559400    0.0001256100
   0.0200991300   -0.0063930300    0.0103292900
   0.0005700000   -0.0008672100   -0.0021916700
  -0.0004744100   -0.0002415200    0.0002570600
   0.0000207000   -0.0001363400   -0.0005451100
   0.0002528500    0.0007322900    0.0004319200
   0.0006581300    0.0004440200   -0.0012081600
   0.0043823300   -0.0004810900    0.0011372000
   0.0043867400   -0.0016080200   -0.0005879900
  -0.0062504600   -0.0025019900   -0.0143985700
  -0.0062690500    0.0019338400    0.0038745000
   0.0014780200    0.0006450400    0.0003155900
   0.0014789600   -0.0003158900   -0.0001150400
  -0.0011319900    0.0016166200   -0.0009075800
  -0.0011275000    0.0013883600   -0.0007735600
   0.0034549100   -0.0000291400   -0.0003777100
   0.0026493000    0.0007303400   -0.0019804800
  -0.0061631700   -0.0027347300    0.0013927300
  -0.0010682200    0.0002859300    0.0008089300
   0.0034554000   -0.0012684000    0.0005535000
   0.0026417200   -0.0001761500   -0.0006754900
  -0.0061269900    0.0099918300   -0.0011091300
  -0.0010689000    0.0006258000    0.0002730000

33   
 -0.0100000000000000   0.0000000000000000  -0.0000000000000000
  -0.0210107400   -0.0040243200    0.0068289800
  -0.0091606500   -0.0007861100    0.0011584200
   0.0096333900    0.0015515400    0.0050763800
   0.0074555800   -0.0020804000   -0.0059057900
  -0.0018593400    0.0026734000   -0.0006563600
  -0.0029971300    0.0013729800    0.0012748100
   0.0024974500    0.0002452300    0.0011715700
   0.0027215100    0.0004755200   -0.0008452900
  -0.0205704000   -0.0036636400    0.0052810500
  -0.0028681200    0.0005483000   -0.0028220100
   0.0092622600   -0.0056587100    0.0001569500
   0.0031772200   -0.0011923900   -0.0008361600
  -0.0069580100   -0.0035566500    0.0041385500
  -0.0025026200   -0.0010113300   -0.0033732400
   0.0068798500    0.0043939500    0.0020785500
   0.0023700100    0.0006729200   -0.0016082700
   0.0128306700   -0.0054146200    0.0070885900
   0.0033388800    0.0000880400   -0.0028846200
  -0.0662700200   -0.0190740500    0.0229014500
  -0.0019667400    0.0000677500   -0.0011954600
   0.0032435000    0.0024733100    0.0014874100
   0.0006830100    0.0009136700   -0.0007026500
  -0.0021745900    0.0002909300    0.0017034800
  -0.0014239000    0.0000086400   -0.0004812300
   0.0046837300    0.0009696300    0.0020560500
   0.0072754700    0.0051933400   -0.0075365500
  -0.0019168500   -0.0061693300   -0.0035478000
  -0.0058021100   -0.0067245100    0.0067193400
   0.0016458300    0.0000911000    0.0002272200
   0.0041496500   -0.0028725500   -0.0003957900
  -0.0032528600    0.0044944900   -0.0054620100
  -0.0039678200    0.0023898700    0.0022857300
   0.1728866000    0.0508399600   -0.0611133000
   0.0013011500    0.0009384300    0.0006687500
  -0.0069993400   -0.0003468100    0.0006237000
  -0.0024370600    0.0004461300    0.0013258700
   0.0013973400   -0.0000918600   -0.0015135000
   0.0005139400    0.0006348400   -0.0003062700
  -0.0020501500   -0.0010181200   -0.0003371200
  -0.0013351700   -0.0001342600    0.0002665500
   0.0061266400   -0.0018259000    0.0034988800
   0.0020196800    0.0012433400    0.0015479700
  -0.0040694100    0.0002866400   -0.0014593100
  -0.0024341300   -0.0001659500   -0.0001083900
   0.0061579400    0.0022801400   -0.0015924300
   0.0020205500    0.0005148600    0.0021116700
  -0.0040770900   -0.0006340900   -0.0006511500
  -0.0024422700   -0.0008301000    0.0011707100
  -0.0088779000   -0.0023488400   -0.0135182000
  -0.0015804400   -0.0025185400    0.0039559600
  -0.0064640100    0.0076049100    0.0052498400
  -0.0000071000    0.0000495800   -0.0014675900
   0.0001836900   -0.0009059100   -0.0004960400
   0.0000280200    0.0001263300    0.0001061700
  -0.0002906800   -0.0022584800   -0.0002447700
  -0.0001345900   -0.0005800700   -0.0001409100
  -0.0031184000   -0.0037475400   -0.0053625900
   0.0007385500   -0.0013502200    0.0013222500
  -0.0002634700    0.0012816700    0.0002088500
  -0.0004546100   -0.0001768300    0.0000902800
  -0.0000260300    0.0013979900   -0.0018038900
  -0.0059130700    0.0077804600    0.0071371900
  -0.0107920300   -0.0116974200    0.0118717500
  -0.0001984900   -0.0007912900   -0.0008073300
  -0.0032227000   -0.0041669200    0.0020538200
   0.0005169300   -0.0005050400   -0.0001643800
   0.0003311000    0.0011118800   -0.0003391500
  -0.0004167500    0.0000096600    0.0010114500
  -0.0052771800    0.0070401500    0.0012265700
   0.0005379900   -0.0003799500    0.0015311300
  -0.0042569000   -0.0065660500   -0.0061069700
  -0.0001187000   -0.0003627500    0.0020392200
  -0.0388286500   -0.0129823300    0.0129735600
   0.0005097700    0.0002114600   -0.0005717000
  -0.0202146000    0.0058872400   -0.0109715000
  -0.0003355700    0.0002241800    0.0017550900
   0.0006785400   -0.0004149000   -0.0007223200
   0.0001919100   -0.0005120100    0.0000944600
  -0.0000246700   -0.0013928400   -0.0008914200
  -0.0004398200   -0.0010950300    0.0007629000
  -0.0039004600    0.0011965700   -0.0017858500
  -0.0038961400    0.0023173900   -0.0000771300
   0.0069085300    0.0032456500    0.0137757200
   0.0068892200   -0.0012163100   -0.0043381800
  -0.0009765800    0.0000609200   -0.0009646800
  -0.0009757000    0.0010262900   -0.0005341600
   0.0016520400   -0.0009249300    0.0002569400
   0.0016567000   -0.0006843800    0.0001390900
  -0.0029716200    0.0007502400    0.0010326700
  -0.0021342700   -0.0000166100    0.0026121200
   0.0067322100    0.0034039800   -0.0007913200
   0.0015877300    0.0004123400   -0.0001560900
  -0.0029711200    0.0019772200    0.0000975700
  -0.0021416200    0.0008849200    0.0013248400
   0.0067686200   -0.0093179300    0.0017271300
   0.0015870000    0.0000888600    0.0003857200

33   
 -0.0000000000000000  -0.0100000000000000  -0.0000000000000000
   0.0007356700   -0.0200662200   -0.0072047300
  -0.0018856700   -0.0038081800   -0.0000336800
   0.0025628200   -0.0031812600    0.0007966000
   0.0028755900   -0.0012502200   -0.0019337100
   0.0012426600    0.0096873800   -0.0028265100
  -0.0013490600    0.0042096900    0.0036249900
   0.0004595100    0.0019166000   -0.0003777200
   0.0010553000    0.0013391700    0.0007867800
  -0.0020757000   -0.0288024900    0.0000998400
   0.0006381400   -0.0024467200    0.0004719000
   0.0011478600   -0.0024994900    0.0014533400
   0.0006884000   -0.0011009900   -0.0003163800
  -0.0073509000    0.0140863200   -0.0047470600
  -0.0001696300    0.0021431700    0.0011776700
   0.0031364100    0.0030504800   -0.0004598300
   0.0009891600    0.0009314600    0.0000277300
  -0.0014086400   -0.0065534100   -0.0014141400
  -0.0017754600   -0.0013678900    0.0012919200
  -0.0220414200   -0.0251545400    0.0095363500
   0.0002619600   -0.0012967500    0.0016442000
   0.0035056700    0.0053522000    0.0008300800
   0.0004358700    0.0014512200    0.0004656700
  -0.0041729300    0.0084308300   -0.0007486500
  -0.0009423900    0.0015823900    0.0002490200
   0.0036724200   -0.0017687600    0.0026740600
   0.0024315000   -0.0018848400   -0.0048678800
  -0.0051532900   -0.0048963700    0.0046192200
  -0.0089784300   -0.0030829300   -0.0090508000
  -0.0007493300    0.0017374100   -0.0005412400
  -0.0023642700    0.0031445100    0.0009318000
   0.0006725900    0.0036950400   -0.0050657800
   0.0065333400    0.0051475100    0.0047018500
   0.0490380300    0.1062971400    0.0101746500
   0.0003220900    0.0010760100   -0.0007646500
  -0.0009449600    0.0014145100   -0.0004155300
  -0.0001641700    0.0010398800   -0.0000661000
  -0.0006969800   -0.0044833800   -0.0006318800
   0.0000247600   -0.0006326500   -0.0011223900
  -0.0016107400   -0.0010807100   -0.0000186300
  -0.0007395400   -0.0002881800   -0.0005090400
   0.0015838200   -0.0182934500    0.0132033700
  -0.0000955100    0.0007721000   -0.0012176500
  -0.0012310700    0.0003288200    0.0002993700
  -0.0014286200    0.0000948100   -0.0002937600
  -0.0023570800   -0.0185486300   -0.0093441700
   0.0006322800    0.0007847900    0.0012169600
  -0.0003276600    0.0003395500   -0.0000365600
  -0.0007678100    0.0001000400    0.0004620200
  -0.0061250600    0.0048248700   -0.0069516000
   0.0018153900    0.0035953000   -0.0022903700
  -0.0034688200    0.0067230100    0.0030546500
  -0.0001965400    0.0009807500    0.0001115100
   0.0007058300   -0.0030459800    0.0006943700
  -0.0002835500   -0.0022919800    0.0003515400
  -0.0001478800   -0.0022755500   -0.0002158900
  -0.0005973100   -0.0015788300   -0.0006245400
  -0.0059690900   -0.0064495300   -0.0099361400
  -0.0006510800   -0.0003683500    0.0020827400
   0.0015387500   -0.0003092200   -0.0004548000
   0.0001743100   -0.0009209000    0.0007484500
   0.0019955400    0.0001864300    0.0024332500
   0.0020098800   -0.0036146200   -0.0024463600
  -0.0030109700   -0.0033688500    0.0031792500
  -0.0009647100    0.0004304900   -0.0006789800
  -0.0073256700   -0.0058239600    0.0063898800
   0.0001109800   -0.0004412500   -0.0010983400
   0.0020317900   -0.0008618600    0.0006349600
   0.0002631700   -0.0007128300   -0.0000366200
   0.0074616100   -0.0028674600   -0.0012610800
   0.0003099600   -0.0001451800    0.0000726800
  -0.0036305000   -0.0019030700   -0.0014631900
  -0.0002399400    0.0000331400    0.0005317200
  -0.0109587300    0.0063797600    0.0052716900
   0.0002041200    0.0005517000   -0.0015334600
   0.0040177900    0.0041281900   -0.0008484400
   0.0005613800    0.0008690600   -0.0002844800
   0.0005753500   -0.0040824700   -0.0004279100
  -0.0000267900   -0.0012191100   -0.0003482700
  -0.0001220000   -0.0025140200    0.0006667800
  -0.0003591500   -0.0015934200    0.0002186000
  -0.0017025000    0.0016889500   -0.0004334900
  -0.0005823500    0.0016901000    0.0002923900
   0.0018405500    0.0067349500    0.0019149200
  -0.0025843400    0.0067515500   -0.0020993700
  -0.0004118700   -0.0008308100   -0.0011796100
   0.0005460600   -0.0008333000   -0.0003999400
   0.0012854400   -0.0032957300   -0.0007064600
   0.0015132000   -0.0033053300   -0.0001861300
  -0.0013575700    0.0006919500    0.0004849800
  -0.0002757900    0.0003624300    0.0008529000
   0.0098291100   -0.0108392900   -0.0093612300
   0.0005198100    0.0005388700    0.0013760000
  -0.0001327800    0.0007019400    0.0006244800
   0.0006208500    0.0003687100    0.0000907400
  -0.0028604400   -0.0109610800    0.0077467600
   0.0001900000    0.0005568700   -0.0012894500

33   
  0.0000000000000000   0.0100000000000000   0.0000000000000000
   0.0003606300    0.0198857500    0.0073529100
   0.0027574300    0.0037326400    0.0006108400
  -0.0017819700    0.0030971500   -0.0002600100
  -0.0020933500    0.0012191100    0.0025090000
  -0.0004538700   -0.0098022000    0.0034223500
   0.0021744400   -0.0043091400   -0.0031255200
   0.0003567100   -0.0019790300    0.0009398700
  -0.0002448800   -0.0014080800   -0.0002432900
   0.0042918100    0.0312014900    0.0000636800
   0.0001804400    0.0024247000   -0.0010334000
  -0.0003529900    0.0024861500   -0.0019787600
   0.0001190300    0.0010584000   -0.0002444200
   0.0081427600   -0.0141450100    0.0041786400
   0.0009668800   -0.0022473100   -0.0017464800
  -0.0023403700   -0.0031571400   -0.0001131800
  -0.0001754400   -0.0010146000   -0.0005791800
   0.0006247900    0.0064835500    0.0019969200
   0.0009824900    0.0013258200   -0.0007544600
   0.0206610100    0.0250412400   -0.0086080700
  -0.0011038300    0.0012096600   -0.0011261600
  -0.0043781500   -0.0054607900   -0.0002870500
  -0.0012599300   -0.0015195700    0.0000880000
   0.0034252100   -0.0085620500    0.0013212000
   0.0001415200   -0.0016441900    0.0003152900
  -0.0045126900    0.0017510100   -0.0032524600
  -0.0032598300    0.0018859100    0.0043179000
   0.0043630900    0.0049317100   -0.0052372100
   0.0082298600    0.0031618500    0.0085253700
  -0.0000709700   -0.0018263000   -0.0000208300
   0.0015582300   -0.0032484100   -0.0014557400
  -0.0014449300   -0.0038062800    0.0045105600
  -0.0073126000   -0.0052555500   -0.0052451900
  -0.0508052400   -0.1082471700   -0.0114814200
  -0.0008446400   -0.0003790200    0.0001226600
   0.0004448300   -0.0007072000   -0.0002401600
  -0.0003461200   -0.0003369200   -0.0005807500
   0.0001859900    0.0052145600   -0.0000088900
  -0.0005358800    0.0013532100    0.0004857500
   0.0011186000    0.0018023000   -0.0006327200
   0.0002337400    0.0010034200   -0.0001347100
  -0.0021276100    0.0193093600   -0.0128121200
  -0.0004143500   -0.0000794600    0.0018843000
   0.0007298000    0.0003661700    0.0003453200
   0.0009240000    0.0006114400    0.0009475600
   0.0018494600    0.0190543400    0.0098184700
  -0.0011415300   -0.0000666600   -0.0005715500
  -0.0001742400    0.0003769600    0.0006811500
   0.0002726400    0.0006168400    0.0001798800
   0.0059021900   -0.0055755800    0.0065055100
  -0.0020337200   -0.0042444700    0.0018339500
   0.0032293200   -0.0073438100   -0.0034924800
  -0.0000126500   -0.0016432600   -0.0005596900
  -0.0009212600    0.0024202600   -0.0011460600
   0.0000775900    0.0016689500   -0.0008236500
  -0.0000807800    0.0016522100   -0.0002305500
   0.0003750100    0.0009386200    0.0001655900
   0.0058382200    0.0059014300    0.0105592900
   0.0004463100   -0.0002866000   -0.0016513900
  -0.0017756000   -0.0003361500    0.0009151900
  -0.0003928600    0.0002701100   -0.0002988000
  -0.0022111200   -0.0008247900   -0.0019721200
  -0.0022998400    0.0030711400    0.0029936600
   0.0028803800    0.0028195800   -0.0028306600
   0.0007477700   -0.0010633200    0.0011319600
   0.0076477600    0.0052503200   -0.0060424900
   0.0001077600   -0.0002097000    0.0015688100
  -0.0018369600    0.0002027100   -0.0001924000
  -0.0000503900    0.0000633500    0.0004925600
  -0.0072066000    0.0022227700    0.0016857300
  -0.0000967500   -0.0004957200    0.0003897800
   0.0038567700    0.0012883900    0.0019395200
   0.0004611500   -0.0006655200   -0.0000759300
   0.0110830100   -0.0071903600   -0.0056897400
   0.0000078400   -0.0012110100    0.0010840300
  -0.0036928600   -0.0048388000    0.0004283900
  -0.0003409400   -0.0015358600   -0.0001651500
  -0.0003435600    0.0034613100   -0.0000240500
   0.0002471600    0.0005846000   -0.0001010000
   0.0003290100    0.0018819500   -0.0011284100
   0.0005731800    0.0009545000   -0.0006705100
   0.0022244200   -0.0009927000   -0.0002134700
   0.0010967100   -0.0009917700   -0.0009365300
  -0.0013079900   -0.0060671900   -0.0027122100
   0.0031655800   -0.0060502600    0.0016314600
   0.0009320300    0.0015520000    0.0005443200
  -0.0000365300    0.0015495900   -0.0002478000
  -0.0007856900    0.0040360100    0.0000749400
  -0.0010267900    0.0040267700   -0.0004802800
   0.0018900500    0.0000022000    0.0001583200
   0.0007872500    0.0003401800   -0.0002006500
  -0.0094813800    0.0117207000    0.0101831300
  -0.0000152900    0.0001543000   -0.0007354600
   0.0006483800    0.0000123800    0.0000209400
  -0.0001249900    0.0003469200    0.0005557400
   0.0032813500    0.0115986600   -0.0070155300
   0.0003184500    0.0001722700    0.0019303000

49   
  0.0000000000000000   0.0000000000000000  -0.0100000000000000
   0.0034865900    0.0058671700    0.0094069600
  -0.0052142700   -0.0066454000   -0.0167158100
  -0.0010484300    0.0012441000    0.0036284900
   0.0020576300   -0.0020342300   -0.0002836400
  -0.0000390500   -0.0040691300    0.0031985300
   0.0003512300    0.0016311000   -0.0021287500
   0.0002780900   -0.0008778200    0.0015803800
   0.0013767400    0.0028234400   -0.0022484300
  -0.0062741600    0.0186517900   -0.0297222600
  -0.0040453600    0.0049849700    0.0079454500
  -0.0010690500   -0.0012298700   -0.0032994500
   0.0018461700   -0.0004791100    0.0045994200
   0.0008311800    0.0007463000   -0.0045040800
   0.0012680000   -0.0019633000    0.0046392800
  -0.0019540700    0.0009519600   -0.0007244800
   0.0005636500   -0.0003769000    0.0009536400
   0.0095387900   -0.0070383900   -0.0334016000
   0.0034693400   -0.0039586900    0.0086533300
   0.0033268800    0.0015482200   -0.0080775300
  -0.0026519300   -0.0001549700    0.0048450000
  -0.0004521000   -0.0020937200   -0.0031043700
  -0.0001019900    0.0007183500    0.0033200700
   0.0010123400   -0.0024772800   -0.0015132500
  -0.0007103100    0.0002826200    0.0026599200
   0.0084780300   -0.0002018200   -0.0198839100
  -0.0050931800   -0.0042815600    0.0088010100
  -0.0024305600    0.0036055700   -0.0040228400
   0.0039360500    0.0003173600    0.0043157000
   0.0026172000   -0.0014335600   -0.0035566500
  -0.0011568700    0.0008023500    0.0027288500
  -0.0038272100   -0.0015953800   -0.0034114200
   0.0003071200   -0.0000616100    0.0015866400
  -0.0136489400   -0.0063996400   -0.0065277900
   0.0039065700   -0.0017071700   -0.0054466200
   0.0051651000    0.0036170600   -0.0021850200
  -0.0014763000    0.0006904200   -0.0011729400
  -0.0005206500    0.0012788300    0.0003213800
   0.0000761500    0.0009372400   -0.0009877900
  -0.0002776800    0.0003598100   -0.0002496200
  -0.0001691600   -0.0000413000   -0.0007058800
  -0.0071355600    0.0030642000   -0.0116906500
   0.0017668600   -0.0018348200    0.0004501000
   0.0007793600    0.0012607300    0.0001452400
  -0.0118093300   -0.0026592500   -0.0053455500
  -0.0013457200   -0.0015202900    0.0001614900
   0.0052861900    0.0105379500   -0.0003946500
  -0.0001168200   -0.0001704600   -0.0002864900
  -0.0002423100    0.0010395800    0.0008497000
   0.0184326100   -0.0154797900    0.1475999600
   0.0001921300   -0.0000507800   -0.0077253000
   0.0001308600   -0.0006505500    0.0021428400
  -0.0006901500   -0.0002985000   -0.0023681500
  -0.0006461800   -0.0001207100    0.0011542200
  -0.0001165900    0.0002272700   -0.0017818100
   0.0000681900   -0.0001609100    0.0011449500
  -0.0001870700   -0.0002318000   -0.0011085300
   0.0001945500   -0.0024640300    0.0102870700
  -0.0004067600   -0.0002006400   -0.0024815300
  -0.0004373400   -0.0002604000    0.0021081200
  -0.0003352900   -0.0001953800   -0.0011870500
  -0.0023823500    0.0053045600    0.0102710300
   0.0004568900   -0.0009653700   -0.0024782800
   0.0002181600   -0.0004405500    0.0021093200
   0.0002376600   -0.0004393100   -0.0011861600
   0.0031987500    0.0039979500   -0.0008613800
   0.0008799100   -0.0032791600   -0.0013810100
  -0.0005509400    0.0003421200    0.0003985900
  -0.0010191000   -0.0010700700   -0.0005656400
  -0.0012683800   -0.0033590200   -0.0008485500
  -0.0018188800    0.0027004000   -0.0013743500
   0.0004773300   -0.0004766900    0.0003981200
   0.0002758000    0.0001309400   -0.0005688900
   0.0036823400   -0.0009189700   -0.0323826300
  -0.0066070600    0.0001369700   -0.0317477000
  -0.0003842600   -0.0002828900   -0.0004423500
   0.0002693600   -0.0008189300   -0.0004517000
   0.0002937400    0.0001794200   -0.0001220400
  -0.0003643300   -0.0002454200   -0.0001336500
   0.0001454800   -0.0001945400   -0.0004444600
   0.0001669500   -0.0002327600   -0.0004477300
  -0.0131507700    0.0058616700    0.0046012600
   0.0006158000   -0.0009574000   -0.0032720900
   0.0109055300   -0.0002723900    0.0046575800
  -0.0017238000    0.0002970000   -0.0039213900
   0.0007407400    0.0001511300    0.0012432900
  -0.0000634300    0.0002315300   -0.0013501700
   0.0009189500    0.0012509500    0.0011543800
  -0.0007309800    0.0007986100   -0.0016530300
   0.0012540400    0.0018113900    0.0044570600
   0.0015619500    0.0005161200   -0.0027734800
  -0.0060471800    0.0020583600    0.0059185300
   0.0020429100    0.0000545300   -0.0029449000
   0.0020529400   -0.0058741100    0.0051650500
  -0.0001289900    0.0016768000   -0.0009049500
  -0.0003027500   -0.0000592500    0.0023795800
   0.0010347400    0.0006171500   -0.0014812200

49   
  0.0000000000000000   0.0000000000000000   0.0100000000000000
  -0.0026336100   -0.0058717100   -0.0088682700
   0.0053774500    0.0058143200    0.0183827000
   0.0018591500   -0.0013039000   -0.0030987600
  -0.0011921100    0.0019549100    0.0008840800
   0.0008610200    0.0039967200   -0.0026503700
   0.0004189800   -0.0016836800    0.0027387000
   0.0005355200    0.0008094900   -0.0010361900
  -0.0005463800   -0.0028746700    0.0028124700
   0.0060131800   -0.0173080500    0.0280405300
   0.0049154700   -0.0051076300   -0.0085193100
   0.0019229500    0.0011737500    0.0027144800
  -0.0010379000    0.0004111600   -0.0051323500
  -0.0000532700   -0.0008260700    0.0039031200
  -0.0004617400    0.0019225300   -0.0052073700
   0.0027824400   -0.0010160000    0.0001614200
   0.0002480700    0.0003157200   -0.0014928800
  -0.0095153100    0.0062834400    0.0334390200
  -0.0043390300    0.0039594000   -0.0081156500
  -0.0041356300   -0.0016065500    0.0086149400
   0.0018642200    0.0001002000   -0.0042903200
  -0.0003510900    0.0020516100    0.0036047600
  -0.0007163700   -0.0007895500   -0.0027524700
  -0.0018149000    0.0024042800    0.0020661900
  -0.0000971300   -0.0003508900   -0.0021018400
  -0.0087071900    0.0007544400    0.0197978300
   0.0042307200    0.0041724600   -0.0093391300
   0.0016383400   -0.0036551800    0.0034713400
  -0.0047388700   -0.0003875200   -0.0048790600
  -0.0034027700    0.0013556300    0.0030531100
   0.0003431100   -0.0008615900   -0.0033053400
   0.0030403600    0.0015384000    0.0028782000
  -0.0011155300    0.0000033200   -0.0021480900
   0.0130296900    0.0070579300    0.0058429800
  -0.0044347600    0.0024178000    0.0048181700
  -0.0057083800   -0.0029287200    0.0015516600
   0.0009906800    0.0000197900    0.0005028700
   0.0000129200   -0.0005615100   -0.0009621700
  -0.0005799100   -0.0002373700    0.0003331800
  -0.0002441700    0.0003459200   -0.0003865300
  -0.0003391400    0.0007489300    0.0000518100
   0.0066430400   -0.0023748200    0.0123154500
  -0.0022922900    0.0025715200    0.0001882700
  -0.0012741100   -0.0005491800    0.0005186400
   0.0113001900    0.0033509100    0.0060218800
   0.0008371100    0.0022141200    0.0004978500
  -0.0058617500   -0.0099560400    0.0010486900
  -0.0003925600    0.0008773600    0.0009407400
  -0.0002798900   -0.0003296400   -0.0002196100
  -0.0183737700    0.0144221400   -0.1477708300
  -0.0004212200   -0.0005969900    0.0072798500
  -0.0003633600    0.0000011500   -0.0025924600
   0.0004720900   -0.0003459700    0.0019158000
   0.0004317300   -0.0005224200   -0.0016036100
  -0.0000981000   -0.0008750500    0.0013296400
  -0.0002915300   -0.0004871400   -0.0015991300
  -0.0000316000   -0.0004138200    0.0006542000
  -0.0003902800    0.0016070600   -0.0098775800
   0.0001889500   -0.0004324600    0.0029350400
   0.0002037900   -0.0003880100   -0.0016561400
   0.0001163100   -0.0004477700    0.0016420900
   0.0021431200   -0.0057029900   -0.0098937200
  -0.0006721800    0.0003082100    0.0029382900
  -0.0004443800   -0.0002013200   -0.0016549300
  -0.0004579600   -0.0002088700    0.0016429700
  -0.0029624400   -0.0046150300    0.0013224100
  -0.0006469200    0.0026404100    0.0018108800
   0.0007618700   -0.0009888600    0.0000611600
   0.0012271300    0.0004240800    0.0010144900
   0.0015065600    0.0027231000    0.0013350800
   0.0020528800   -0.0033694300    0.0018176600
  -0.0002629600   -0.0001716000    0.0000605900
  -0.0000723100   -0.0007712500    0.0010112700
  -0.0033457700    0.0002483000    0.0313175200
   0.0069641700   -0.0007899600    0.0319528500
   0.0005892000   -0.0003624800   -0.0000039300
  -0.0000594700    0.0001658800   -0.0000131800
  -0.0000745000   -0.0008215900   -0.0003218900
   0.0005860600   -0.0004017300   -0.0003333700
   0.0000677300   -0.0004510500   -0.0000064900
   0.0000464600   -0.0004149100   -0.0000097500
   0.0135398200   -0.0050988900   -0.0053908000
  -0.0000815000    0.0016603700    0.0026306100
  -0.0103940900    0.0010042200   -0.0053708700
   0.0022229000    0.0004166600    0.0032742000
  -0.0002386800    0.0005555400   -0.0018916100
   0.0005759800    0.0004792600    0.0007066800
  -0.0004046200   -0.0005437000   -0.0018032400
   0.0012399900   -0.0000900100    0.0010075300
  -0.0007771200   -0.0011342200   -0.0037903700
  -0.0010364300    0.0001999700    0.0034026500
   0.0065143900   -0.0013433700   -0.0052262000
  -0.0015516900    0.0006627900    0.0036020300
  -0.0015452500    0.0065580400   -0.0044933500
   0.0006539500   -0.0009897500    0.0015527700
   0.0008233000    0.0007689800   -0.0017369900
  -0.0005291000    0.0000887000    0.0021327900

49   
  0.0100000000000000   0.0000000000000000   0.0000000000000000
   0.0062348300   -0.0022668300   -0.0030949300
   0.0142857400   -0.0039397900    0.0020448900
  -0.0026866300    0.0006455200    0.0027231300
  -0.0110025400    0.0037967600   -0.0049142000
   0.0019803900    0.0027474800   -0.0008730400
   0.0027770600    0.0016700600    0.0008492400
  -0.0007658100   -0.0000513600    0.0006921600
  -0.0028441300   -0.0030499600    0.0006059200
   0.0185247500   -0.0118437900    0.0065476500
   0.0039664900    0.0007446900    0.0009600500
  -0.0072608300   -0.0014268900    0.0024271900
  -0.0026612100    0.0005846000   -0.0035822300
   0.0036413600   -0.0003617400   -0.0013182600
   0.0018353400   -0.0010548200    0.0016497300
  -0.0041653700    0.0012580200    0.0010781800
  -0.0005063700    0.0003489000   -0.0012601700
   0.0307950800   -0.0117186200   -0.0109197200
   0.0018869000    0.0011612100   -0.0001098800
  -0.0112568700   -0.0044769800   -0.0038592800
  -0.0037326200   -0.0010776700    0.0008940400
   0.0042310400   -0.0020429100    0.0022911800
   0.0007259200   -0.0009146600   -0.0008375100
  -0.0033194800    0.0021821100   -0.0001638800
  -0.0019256500    0.0003257400    0.0000087000
   0.0148846300    0.0008464900    0.0009463300
   0.0011265800   -0.0020031900    0.0005657400
  -0.0083442400    0.0048989100    0.0029275500
  -0.0046652100   -0.0004510100   -0.0022466500
   0.0038019000    0.0016997300   -0.0029952800
   0.0002702000    0.0011563000    0.0012235300
  -0.0041861900   -0.0016719800   -0.0002015400
  -0.0014690800   -0.0001311600   -0.0002709200
   0.0084979100    0.0063464700    0.0104925800
   0.0012103900   -0.0015729000   -0.0036330600
   0.0060593800    0.0036935800   -0.0041022300
  -0.0003487800    0.0004482900    0.0018549700
  -0.0005448900   -0.0004563800   -0.0003643000
  -0.0003934500    0.0005365100   -0.0006381200
  -0.0000702200    0.0003867400   -0.0009108000
  -0.0002248000    0.0008397800    0.0001796900
   0.0055570400   -0.0018059700    0.0087308500
  -0.0003385000   -0.0017421100   -0.0014773000
  -0.0001580700    0.0012103400   -0.0006299800
   0.0103514900    0.0032935000    0.0048028600
  -0.0011092900    0.0009012000    0.0005689800
   0.0027580700    0.0062763800   -0.0004343500
   0.0000971800    0.0000699200   -0.0004078400
  -0.0000977100   -0.0013146400    0.0016745700
  -0.1271347000    0.0255031800   -0.0184428300
  -0.0010861500   -0.0002777200   -0.0005347300
   0.0056661300   -0.0010096300   -0.0004792200
   0.0012465600   -0.0003507200    0.0003553200
  -0.0010095800   -0.0007334600    0.0003165600
  -0.0008877000   -0.0002508200   -0.0002181100
   0.0011946700   -0.0002998900   -0.0004043700
   0.0004176500   -0.0005197800   -0.0001491500
  -0.0099422500   -0.0031206100   -0.0020495700
  -0.0009894400   -0.0002800500    0.0007907200
   0.0030840500   -0.0005332800    0.0005581500
   0.0007647100   -0.0004692400    0.0005739600
  -0.0099504100    0.0018636400    0.0005144100
  -0.0009891900    0.0000087700   -0.0000740500
   0.0030834800   -0.0000988700   -0.0000977000
   0.0007641700   -0.0004900800    0.0000001700
  -0.0045844500   -0.0025259900    0.0016092800
  -0.0027487000    0.0008910100    0.0021681700
   0.0018469700   -0.0001363600   -0.0001468500
   0.0025840100   -0.0002202900    0.0000548600
  -0.0046290800   -0.0031698300   -0.0028616000
  -0.0027333800    0.0006983600   -0.0005410400
   0.0018443300    0.0007727500    0.0008789900
   0.0025936800   -0.0014234300    0.0013596200
  -0.0066844900    0.0012234900   -0.0069636600
  -0.0066869800   -0.0019744300    0.0032287800
   0.0032540400   -0.0006521400   -0.0000666700
   0.0032552000    0.0003422400   -0.0007039400
  -0.0007752500   -0.0012048000   -0.0007004700
  -0.0007745700   -0.0002069900   -0.0000453200
   0.0009964200   -0.0005668400   -0.0001670600
   0.0009970200   -0.0000932400   -0.0001873600
   0.0399067700   -0.0107879400    0.0156740700
  -0.0001554500    0.0004539500   -0.0008840500
   0.0202733100    0.0041706300   -0.0027063900
   0.0007071500    0.0008062000    0.0008990700
  -0.0003285500    0.0008174600   -0.0000459400
   0.0001669200    0.0002171300   -0.0002917100
   0.0003972800    0.0001299700   -0.0004237100
   0.0008034700   -0.0001132900    0.0000066700
   0.0056700200    0.0077270600   -0.0031163900
  -0.0001817600    0.0005581400    0.0009732800
   0.0045947600   -0.0033785400   -0.0007029400
   0.0004915400    0.0000034900    0.0008943700
   0.0035674800   -0.0071460600    0.0036550600
  -0.0001598800    0.0003590000    0.0003485900
   0.0000540000    0.0022838300    0.0007275800
   0.0007844500    0.0005101400   -0.0000770600

49   
 -0.0100000000000000   0.0000000000000000  -0.0000000000000000
  -0.0054476200    0.0021853600    0.0036511000
  -0.0136910500    0.0035311100   -0.0010822800
   0.0035025800   -0.0007102900   -0.0021599400
   0.0117929400   -0.0038306800    0.0054215700
  -0.0011591600   -0.0028049700    0.0014322600
  -0.0019947700   -0.0017310200   -0.0002597400
   0.0015774200   -0.0000119700   -0.0001343000
   0.0036599700    0.0029830300   -0.0000617600
  -0.0178778500    0.0122937400   -0.0077523900
  -0.0031761900   -0.0007858100   -0.0015102500
   0.0080670500    0.0013627500   -0.0029496300
   0.0034800100   -0.0006581400    0.0030228600
  -0.0028584900    0.0002873000    0.0007119700
  -0.0010227900    0.0009919500   -0.0021884000
   0.0049758300   -0.0013097300   -0.0016280200
   0.0013234700   -0.0004052200    0.0006996700
  -0.0305002600    0.0105308400    0.0104100400
  -0.0026675700   -0.0012444300    0.0006752100
   0.0104429600    0.0044317800    0.0044534100
   0.0029034000    0.0010149100   -0.0003492500
  -0.0049944600    0.0019675100   -0.0017638000
  -0.0015314400    0.0008502600    0.0013921900
   0.0025025700   -0.0022583800    0.0007213300
   0.0011040800   -0.0003874400    0.0005445900
  -0.0150191300   -0.0002059200   -0.0008067700
  -0.0019172600    0.0019646100   -0.0011240000
   0.0075325500   -0.0049972800   -0.0035017400
   0.0038332700    0.0003775000    0.0016966500
  -0.0045437800   -0.0017683300    0.0024673600
  -0.0010761400   -0.0012137700   -0.0017688100
   0.0033461200    0.0016244200   -0.0003620100
   0.0006501100    0.0000726200   -0.0002792900
  -0.0090725600   -0.0056811300   -0.0112573800
  -0.0017118700    0.0022766300    0.0029746200
  -0.0065794100   -0.0030037100    0.0034618000
  -0.0001765600    0.0002646000   -0.0024830500
   0.0000430700    0.0011704600   -0.0002833600
  -0.0001089300    0.0001755600   -0.0000171800
  -0.0004464200    0.0003199700    0.0002648700
  -0.0002876000   -0.0001322100   -0.0008240700
  -0.0060636700    0.0025039300   -0.0080395300
  -0.0001597800    0.0024646700    0.0021355700
  -0.0003561300   -0.0005021600    0.0012665300
  -0.0108491000   -0.0025981100   -0.0041749100
   0.0006017600   -0.0001961400    0.0000788900
  -0.0032523800   -0.0055302500    0.0010802700
  -0.0006081600    0.0006368700    0.0010501200
  -0.0004263500    0.0019997400   -0.0010247900
   0.1251911300   -0.0256331900    0.0183577800
   0.0008718500   -0.0003675100    0.0000775500
  -0.0058808800    0.0003746500    0.0000142400
  -0.0014632400   -0.0002933000   -0.0008078100
   0.0007853000    0.0000959900   -0.0007614300
   0.0006687600   -0.0003954500   -0.0002375100
  -0.0014104500   -0.0003474600   -0.0000456400
  -0.0006331400   -0.0001281000   -0.0003050900
   0.0097260000    0.0022725500    0.0024770900
   0.0007701900   -0.0003691700   -0.0003378100
  -0.0033001900   -0.0001053100   -0.0001038000
  -0.0009792800   -0.0001767300   -0.0001211200
   0.0097181300   -0.0022586500   -0.0000694500
   0.0007708100   -0.0006542900    0.0005221100
  -0.0033010600   -0.0005643200    0.0005438500
  -0.0009797200   -0.0001568600    0.0004526400
   0.0048405800    0.0018990800   -0.0011653100
   0.0029441100   -0.0015312200   -0.0017033400
  -0.0016260000   -0.0005070000    0.0005945100
  -0.0023717100   -0.0004206300    0.0004036200
   0.0047961800    0.0025072300    0.0033004200
   0.0029595000   -0.0013470100    0.0009867500
  -0.0016287800   -0.0014242200   -0.0004329700
  -0.0023621000    0.0007570700   -0.0008861900
   0.0068578900   -0.0018729400    0.0066049400
   0.0068556900    0.0013282600   -0.0037973600
  -0.0030390500    0.0000096200   -0.0003959300
  -0.0030381500   -0.0009777500    0.0002689200
   0.0009887600    0.0005589300    0.0002489100
   0.0009893300   -0.0004372900   -0.0004141500
  -0.0007786500   -0.0000799800   -0.0002882400
  -0.0007779300   -0.0005548200   -0.0002657200
  -0.0386700100    0.0112570700   -0.0160011600
   0.0006538700    0.0002575900    0.0002366500
  -0.0200387600   -0.0035413800    0.0021313000
  -0.0001962200   -0.0000959700   -0.0015507700
   0.0008265200   -0.0001013000   -0.0005973400
   0.0003400700    0.0004914200   -0.0003570600
   0.0001216500    0.0005809300   -0.0002177000
  -0.0002925000    0.0008191000   -0.0006542200
  -0.0051109700   -0.0069414000    0.0037372400
   0.0006833000    0.0001510700   -0.0003204000
  -0.0040961800    0.0041091400    0.0013397500
   0.0000250500    0.0007043200   -0.0002451000
  -0.0030400600    0.0078266000   -0.0029792000
   0.0006628500    0.0003560200    0.0002982400
   0.0004740100   -0.0015848900   -0.0000814600
  -0.0002687400    0.0001964500    0.0007204800

49   
 -0.0000000000000000  -0.0100000000000000  -0.0000000000000000
   0.0015500600   -0.0025015400    0.0018568100
   0.0018484100   -0.0169947900    0.0008211100
  -0.0011505000   -0.0001720300    0.0031142100
  -0.0021489000   -0.0006353400   -0.0021226600
   0.0011757500    0.0048126400   -0.0013064300
  -0.0039230700    0.0079959000    0.0068380900
   0.0003029300    0.0009543700   -0.0001671400
   0.0019281400    0.0041870400   -0.0000802100
   0.0064580800   -0.0340736100    0.0096196600
  -0.0001495800   -0.0039243600    0.0006181700
   0.0019036500   -0.0061138100   -0.0027496600
   0.0016177000   -0.0028604600    0.0022444900
   0.0045946700    0.0074102400    0.0050887300
   0.0004919600    0.0031369600   -0.0027830200
  -0.0020931300    0.0035080100    0.0012570400
   0.0001438500    0.0017326400   -0.0011303900
   0.0087723300   -0.0330276700   -0.0067579900
  -0.0011095700   -0.0018395000   -0.0010600400
   0.0007308000   -0.0009418500    0.0020805400
   0.0013581100   -0.0006302800   -0.0013495900
   0.0045879800    0.0084817100   -0.0031603300
   0.0001023900    0.0020600100    0.0012846800
  -0.0020496500    0.0036564300   -0.0001417500
  -0.0008378000    0.0012051400    0.0004344000
   0.0075625900   -0.0226619500    0.0005404700
   0.0010540100   -0.0027608000   -0.0013763700
  -0.0021200300   -0.0053069000    0.0009928100
  -0.0044199900   -0.0034915400   -0.0021698600
  -0.0057281800    0.0078675100   -0.0052459100
  -0.0007527200    0.0027175800    0.0010026600
   0.0018220700    0.0031296100    0.0001450000
  -0.0003528400    0.0017403000   -0.0000023000
  -0.0022867700    0.0055704700   -0.0034004700
  -0.0024454800    0.0042937600    0.0040001700
   0.0076495200    0.0074273600   -0.0037937700
   0.0001154600    0.0016652400    0.0003888400
  -0.0008387900   -0.0023822400   -0.0006850700
   0.0001878500   -0.0016219700   -0.0017571500
  -0.0021672000   -0.0016064900    0.0003279300
  -0.0005094000   -0.0009049500   -0.0006454900
   0.0078087100   -0.0029595800    0.0131872700
   0.0014644100    0.0008505900   -0.0013519900
  -0.0007217600    0.0011002100    0.0006259500
  -0.0115174000   -0.0027224600   -0.0046699100
  -0.0012867400    0.0003212800   -0.0003992500
  -0.0036511200   -0.0058060600    0.0012356600
  -0.0001042500   -0.0002415000   -0.0002532900
   0.0013542900    0.0003787000    0.0016640500
  -0.0258681300    0.1666367900   -0.0148461700
  -0.0001501800    0.0006722900    0.0000463700
   0.0005872100    0.0014284700   -0.0005474800
  -0.0000804700    0.0011638400   -0.0002047400
   0.0003080900   -0.0093895400   -0.0000321900
  -0.0001805300   -0.0014988400    0.0003244600
  -0.0001314200   -0.0018428600   -0.0000624000
   0.0000872900   -0.0011342200   -0.0001361900
  -0.0021577000   -0.0412966300   -0.0052177800
  -0.0004379800   -0.0002821100    0.0008618100
  -0.0003399000   -0.0004313200    0.0003488700
   0.0000577100   -0.0006041500    0.0003400300
   0.0026018800   -0.0422042500    0.0022829900
  -0.0001537400   -0.0002736300    0.0001109600
   0.0001079500   -0.0004231900    0.0001653200
   0.0000385300   -0.0006018800    0.0000989500
  -0.0027332800   -0.0023809200    0.0032655400
   0.0011326300   -0.0011348500   -0.0028067700
   0.0012053800   -0.0005276000    0.0003773500
  -0.0009814900   -0.0007232600   -0.0002254200
  -0.0021077100   -0.0023721000   -0.0040895700
   0.0013212300   -0.0011209700    0.0031929000
   0.0002959600   -0.0005226900   -0.0004373200
   0.0002066400   -0.0007145000    0.0009698700
  -0.0015554900    0.0073919400    0.0003104800
   0.0016457700    0.0073997100   -0.0008946700
   0.0007745700    0.0012928500   -0.0007169500
  -0.0002242100    0.0012916200   -0.0001902300
   0.0002240700   -0.0027971700   -0.0001528700
  -0.0007732200   -0.0027977400    0.0002814000
   0.0003397000   -0.0015119000   -0.0001365600
  -0.0001352400   -0.0015111600   -0.0000977400
   0.0129717700    0.0072056800    0.0062810500
  -0.0002850800    0.0012367600   -0.0006180800
  -0.0058506300    0.0048626400   -0.0013149900
  -0.0002881900    0.0015541900    0.0000042500
   0.0003490600   -0.0034204000   -0.0013319400
   0.0004414700   -0.0005483600   -0.0005143100
   0.0013097000   -0.0018402500   -0.0003986500
   0.0010218000   -0.0009180200   -0.0000634400
  -0.0071139400   -0.0021939100    0.0034180800
   0.0003079800    0.0005263600   -0.0003733000
   0.0064389600   -0.0012423400   -0.0025018300
   0.0003017900    0.0007017600    0.0013514500
   0.0040788600   -0.0051686000    0.0015407900
   0.0004345900    0.0002435200    0.0005183800
  -0.0011833900   -0.0001690600   -0.0000056900
  -0.0000795300   -0.0000319600    0.0010172600

49   
  0.0000000000000000   0.0100000000000000   0.0000000000000000
  -0.0007430500    0.0023952400   -0.0013283600
  -0.0015088300    0.0163348200    0.0004493100
   0.0019533600    0.0001092700   -0.0025407900
   0.0029812100    0.0005489000    0.0026988700
  -0.0003735000   -0.0048759900    0.0018711600
   0.0047888300   -0.0080701500   -0.0063654400
   0.0005074200   -0.0010105500    0.0007291100
  -0.0011254000   -0.0042394700    0.0006269100
  -0.0065180100    0.0348027900   -0.0114633700
   0.0009244300    0.0038894000   -0.0011596800
  -0.0011006200    0.0060500900    0.0021817900
  -0.0008012400    0.0028075400   -0.0027920200
  -0.0037355200   -0.0074750900   -0.0055834800
   0.0003277300   -0.0032105700    0.0022278200
   0.0028971300   -0.0035803500   -0.0018177100
   0.0006651100   -0.0018011500    0.0005744400
  -0.0085876800    0.0320631700    0.0065786100
   0.0003127500    0.0017364000    0.0016293600
  -0.0015853200    0.0008513100   -0.0015441400
  -0.0021606700    0.0005666900    0.0019056300
  -0.0054603900   -0.0085443300    0.0037660800
  -0.0009181200   -0.0021096400   -0.0007354600
   0.0012487000   -0.0037167400    0.0006953500
   0.0000332100   -0.0012607800    0.0001207800
  -0.0076498300    0.0231811500   -0.0004240300
  -0.0018429800    0.0027317600    0.0008112100
   0.0013017000    0.0052818200   -0.0015466300
   0.0036185900    0.0034461500    0.0016248100
   0.0048475400   -0.0079406200    0.0046530600
  -0.0000613900   -0.0027835900   -0.0015422300
  -0.0026313600   -0.0032108900   -0.0007082200
  -0.0004560000   -0.0018091700   -0.0005501800
   0.0018192000   -0.0048293400    0.0027997700
   0.0019201500   -0.0035454300   -0.0046133600
  -0.0080908800   -0.0066393100    0.0031254500
  -0.0006301800   -0.0009583000   -0.0010419000
   0.0003228600    0.0030841300    0.0000351400
  -0.0007107900    0.0023391300    0.0011308600
   0.0016789300    0.0023218200   -0.0009833100
   0.0000016700    0.0016128700    0.0000013400
  -0.0083663500    0.0037273100   -0.0126361100
  -0.0019793600   -0.0001605500    0.0020037900
   0.0002062000   -0.0003931100    0.0000150600
   0.0110457800    0.0034670000    0.0053225900
   0.0007712300    0.0004036700    0.0010334800
   0.0031666900    0.0065441600   -0.0005995900
  -0.0004015700    0.0009499100    0.0008965000
  -0.0018393900    0.0003521100   -0.0010130200
   0.0252677400   -0.1677203100    0.0150413400
  -0.0000608000   -0.0013198800   -0.0005005900
  -0.0007974300   -0.0020846300    0.0001033700
  -0.0001382500   -0.0018102300   -0.0002530700
  -0.0005220300    0.0087531600   -0.0004341500
  -0.0000361300    0.0008536100   -0.0007785700
  -0.0000843700    0.0012011800   -0.0003894600
  -0.0003046800    0.0004894200   -0.0003186000
   0.0019643400    0.0415920700    0.0057924000
   0.0002244400   -0.0003713300   -0.0004113300
   0.0001250000   -0.0002188600    0.0001101900
  -0.0002763000   -0.0000451400    0.0001101600
  -0.0027922700    0.0406834600   -0.0017876700
  -0.0000651100   -0.0003626500    0.0003432700
  -0.0003207300   -0.0002107700    0.0002932200
  -0.0002546300   -0.0000428700    0.0003520400
   0.0029438000    0.0017197300   -0.0028165600
  -0.0009120500    0.0004754300    0.0032638100
  -0.0009905300   -0.0001200400    0.0000731500
   0.0011992800    0.0000706600    0.0006774300
   0.0023179300    0.0017290600    0.0045242000
  -0.0011002200    0.0004894400   -0.0027262500
  -0.0000745900   -0.0001156100    0.0008942500
   0.0000070500    0.0000797000   -0.0005238700
   0.0017477000   -0.0080375200   -0.0006165900
  -0.0014500700   -0.0080298700    0.0002723600
  -0.0005451500   -0.0019442600    0.0002674400
   0.0004378900   -0.0019452900   -0.0002704200
  -0.0000061500    0.0021516500   -0.0003099900
   0.0009908000    0.0021513500   -0.0007202200
  -0.0001214400    0.0008680600   -0.0003192700
   0.0003520100    0.0008686100   -0.0003548300
  -0.0125986000   -0.0063638200   -0.0069764300
   0.0007834900   -0.0005254800   -0.0000323300
   0.0064305500   -0.0041037300    0.0006447400
   0.0008050500   -0.0008503400   -0.0006400500
   0.0001773600    0.0041235900    0.0006874400
   0.0000674200    0.0012556400   -0.0001352300
  -0.0008139400    0.0025557000   -0.0002497800
  -0.0005155500    0.0016304900   -0.0005855100
   0.0076567500    0.0028960400   -0.0027768900
   0.0001990000    0.0001760300    0.0010237600
  -0.0059505200    0.0019499700    0.0031637800
   0.0002144700    0.0000033600   -0.0007110600
  -0.0035746000    0.0059053600   -0.0009271400
   0.0000713900    0.0004758400    0.0001254700
   0.0016750600    0.0008958300    0.0006549700
   0.0005856400    0.0007446800   -0.0003721600
