96   
18   

1    
  0.0100000000000000   0.0000000000000000   0.0000000000000000
  -0.2160249700   -0.0138655100   -0.0142350600
   0.0203713200    0.0021084900    0.0000174500
  -0.0152623900    0.0015092700    0.0021065400
   0.0058071200    0.0019866600   -0.0001839900
  -0.0125976100    0.0002275200    0.0013608600
   0.0051230600    0.0030862800    0.0001506500
  -0.0056573900    0.0018779300   -0.0000066800
   0.0006600500    0.0021559000    0.0003935500
  -0.0341122200    0.0055614300    0.0017894100
   0.0068790900    0.0020049500   -0.0002687700
  -0.0341202200    0.0041846500   -0.0070639600
   0.0068780400    0.0025431000   -0.0003610900
  -0.0220582100   -0.0000913500   -0.0045992500
   0.0068914300    0.0022267500    0.0014495800
  -0.0220499500    0.0075029500   -0.0050133300
   0.0068881700    0.0017997300   -0.0003333900
   0.0207248100   -0.0002364700    0.0286976200
   0.0213425500   -0.0019067200   -0.0186767600
   0.0035647000    0.0020192000    0.0029907800
   0.0032481700    0.0024026500   -0.0019681800
   0.0206936300    0.0014197800   -0.0222013000
   0.0213026200   -0.0063003500    0.0330353200
   0.0035634400    0.0015295300   -0.0026078500
   0.0032422700    0.0028907500    0.0041460200
   0.0033946000   -0.0006445800   -0.0004598100
   0.0023836500    0.0045376900   -0.0007606800
   0.0033968300    0.0047805300    0.0008412900
   0.0023828100    0.0000421200   -0.0010858000
   0.0222213000   -0.0255401200   -0.0084724800
   0.0246604000    0.0356908000   -0.0049331900
   0.0222281900    0.0290808500   -0.0040396800
   0.0246998200   -0.0164012300    0.0048638500
   0.0229519700   -0.0014925900   -0.0052268800
  -0.0058711300    0.0025565700    0.0008812300
   0.0055244300    0.0012802400    0.0024938200
   0.0010987100    0.0004372100    0.0003291300
   0.0123414600   -0.0019403400   -0.0076501300
  -0.0037416300    0.0028608900    0.0032776500
   0.0067053800   -0.0013705400   -0.0011714500
   0.0008735300    0.0010490400    0.0010787700
   0.0106264100   -0.0074692700    0.0030619900
  -0.0032365100    0.0031347100   -0.0027020600
   0.0249256500   -0.0036495300    0.0026610500
  -0.0055343200    0.0012737500   -0.0019811900
   0.0059897800   -0.0001764500    0.0018095800
   0.0012302500    0.0010016500   -0.0007183700
   0.0063796800    0.0005046300    0.0001411700
   0.0004694500    0.0006653500   -0.0006852500
   0.0045029300   -0.0009866500   -0.0024694700
  -0.0042662600   -0.0039456000    0.0021697000
   0.0004998000   -0.0015386700    0.0011696900
  -0.0023733000   -0.0024832700    0.0008805400
   0.0110883600    0.0015921400    0.0096188100
  -0.0122505100   -0.0048321500   -0.0010559900
   0.0011080600   -0.0068412700    0.0010088100
  -0.0044795000   -0.0009257400   -0.0003851300
   0.0001898700   -0.0021565200    0.0000948100
  -0.0021155900   -0.0026495700   -0.0005087600
   0.0021801200   -0.0028766200   -0.0051190000
  -0.0041511100   -0.0013225600    0.0007734700
   0.0021958300    0.0018532900   -0.0003910900
  -0.0059763200   -0.0049533500   -0.0031222800
   0.0177216700    0.0046781100   -0.0070584500
  -0.0088781000   -0.0012132600   -0.0021187600
   0.0053574800    0.0030888600   -0.0039580700
  -0.0026194600   -0.0043401000    0.0026535300
   0.0148184200   -0.0109739800   -0.0116352900
  -0.0067492200   -0.0007222000    0.0012561400
   0.0018488500   -0.0020411200    0.0000646600
  -0.0000062900   -0.0023156500   -0.0014426400
   0.0027243200   -0.0038550200    0.0039424300
  -0.0032352800    0.0014682800   -0.0048815200
   0.0328935700   -0.0122355000    0.0110760400
  -0.0095623300   -0.0032009800    0.0043182200
   0.0059695500   -0.0073652300    0.0008828100
  -0.0019581800   -0.0006180700    0.0021991600
   0.0033242600   -0.0017308400    0.0044636600
  -0.0020472700   -0.0037981000   -0.0013577700
   0.0022659000   -0.0028739900    0.0010154600
  -0.0004156100   -0.0018677500    0.0004002400
  -0.0068878300    0.0016666100   -0.0037782500
  -0.0017993400   -0.0002541700    0.0045795300
  -0.0043882600   -0.0004977800   -0.0004990900
  -0.0022863100    0.0008986100    0.0011123300
  -0.0159866600    0.0011155400    0.0009167700
   0.0532894900    0.0179201600    0.0211192000
  -0.0070515700   -0.0035739300    0.0005366400
  -0.0015182700    0.0043777200   -0.0007098000
  -0.0052411500    0.0006652700   -0.0001539800
  -0.0004847200   -0.0006247500    0.0004435400
  -0.0083649300   -0.0036648900   -0.0022938500
  -0.0017485100    0.0051015400    0.0040119400
  -0.0077778800    0.0022943600    0.0042440300
   0.0002218100   -0.0065646100   -0.0064504200
  -0.0108436700   -0.0025145000    0.0030142800
   0.0018648900    0.0087893700   -0.0087475800

1    
 -0.0100000000000000   0.0000000000000000  -0.0000000000000000
   0.2212102400    0.0184996200    0.0151075100
  -0.0256360100    0.0019937200    0.0008613000
   0.0100197000    0.0025319300   -0.0012688400
  -0.0110863000    0.0020608200    0.0010189700
   0.0073649600    0.0038412800   -0.0005397300
  -0.0104022900    0.0009810000    0.0006772600
   0.0004028900    0.0021817300    0.0008365300
  -0.0059303500    0.0019016200    0.0004359300
   0.0288467200   -0.0014622300   -0.0026492200
  -0.0122202800    0.0020126200   -0.0005057200
   0.0288373700   -0.0002379200    0.0061727600
  -0.0122212700    0.0015082700   -0.0004148800
   0.0168176500    0.0041640200    0.0038544700
  -0.0122263100    0.0017880900   -0.0022807300
   0.0168264800   -0.0035104100    0.0042687900
  -0.0122296200    0.0022510500   -0.0004711500
  -0.0156571900    0.0043093400   -0.0277809900
  -0.0162834700    0.0059873200    0.0196459300
   0.0015003200    0.0020382600   -0.0021624300
   0.0018553600    0.0016529800    0.0028038100
  -0.0156873900    0.0026712800    0.0228886300
  -0.0163229300    0.0103981900   -0.0324236600
   0.0014992300    0.0025234000    0.0034445100
   0.0018492300    0.0011625400   -0.0033209700
   0.0017246800    0.0046850700   -0.0003368600
   0.0027675200   -0.0005105200   -0.0000425200
   0.0017269700   -0.0007457000   -0.0016423200
   0.0027667100    0.0040025700    0.0002811300
  -0.0171076300    0.0293709300    0.0076816700
  -0.0196392900   -0.0319164700    0.0041370700
  -0.0171004800   -0.0248949300    0.0032031900
  -0.0195993400    0.0206010700   -0.0056275100
  -0.0167479100    0.0019667100    0.0059886500
   0.0123214800   -0.0018458300   -0.0005768100
   0.0008955500   -0.0005570800   -0.0021515300
   0.0053419700    0.0002636500   -0.0000004000
  -0.0059532800    0.0026552000    0.0080351800
   0.0101972500   -0.0021695400   -0.0029340900
  -0.0002919400    0.0020818400    0.0015100900
   0.0055640800   -0.0003497800   -0.0007468800
  -0.0043175100    0.0082366200   -0.0034439700
   0.0096115500   -0.0023833000    0.0023466700
  -0.0189644200    0.0050234700   -0.0028433200
   0.0119233100   -0.0005648600    0.0016256700
   0.0003613600    0.0009185900   -0.0021694100
   0.0051422600   -0.0002603400    0.0003750300
  -0.0000287700    0.0002320000   -0.0004923700
   0.0059046500    0.0000697100    0.0003384200
  -0.0068838000   -0.0037191500    0.0039125100
   0.0018919400   -0.0007616700   -0.0007457100
  -0.0028690800   -0.0031657900    0.0002691600
  -0.0000030500   -0.0022278500    0.0005503500
  -0.0132110300   -0.0065450900   -0.0085050500
   0.0098909600    0.0001512400    0.0025278800
  -0.0034791600    0.0021542300    0.0004212100
   0.0021061100   -0.0037864400    0.0018145100
  -0.0026052500   -0.0025893700   -0.0014852900
  -0.0003032500   -0.0020937300   -0.0008839500
  -0.0045973500   -0.0018773200    0.0037354200
   0.0017375700   -0.0034320400   -0.0021710400
  -0.0046082200   -0.0066024400   -0.0009925900
   0.0035697600    0.0002227100    0.0017405200
  -0.0197174700   -0.0089279100    0.0050671100
   0.0064737900   -0.0035623300    0.0007347200
  -0.0031292500   -0.0078531500    0.0025340500
   0.0048569400   -0.0003963900   -0.0040722200
  -0.0117937800    0.0067225500    0.0107041100
   0.0089972000   -0.0040531400   -0.0026897200
   0.0003924800   -0.0027122300   -0.0014747400
   0.0022409800   -0.0024302500    0.0000392700
  -0.0004829000   -0.0009000800   -0.0053678600
   0.0054797800   -0.0062332700    0.0034863600
  -0.0294393300    0.0062919400   -0.0085949500
   0.0117697000   -0.0014910600   -0.0029392200
  -0.0037751500    0.0026672300    0.0005323200
   0.0041501400   -0.0040934100   -0.0007876200
  -0.0011325600   -0.0029709200   -0.0030678500
   0.0042473400   -0.0008997000    0.0027886200
  -0.0000706600   -0.0018300000    0.0003996200
   0.0026117800   -0.0028391700    0.0010174500
   0.0002854400   -0.0009624700    0.0041319800
  -0.0048204500    0.0009531600   -0.0042243500
  -0.0022158100    0.0012004300    0.0008570500
  -0.0043309100   -0.0002014600   -0.0007568900
   0.0093023700   -0.0003585000   -0.0005118100
  -0.0635567500   -0.0189986600   -0.0229806000
   0.0004590900    0.0042889300   -0.0001831300
  -0.0051100200   -0.0036827000    0.0010534400
  -0.0012873200    0.0000781200   -0.0001775200
  -0.0060729700    0.0013644400   -0.0007657600
   0.0018514900    0.0044146500    0.0019732900
  -0.0048203200   -0.0043734500   -0.0043330100
   0.0012545000   -0.0015382100   -0.0045688200
  -0.0067809500    0.0073270400    0.0061456000
   0.0043388900    0.0032513000   -0.0033455900
  -0.0084369300   -0.0081362500    0.0084758800

1    
 -0.0000000000000000   0.0100000000000000   0.0000000000000000
  -0.0160718800   -0.2133320900    0.0078036600
  -0.0025498800   -0.0075408000   -0.0003870600
  -0.0030908000    0.0243942000    0.0010930100
  -0.0026564100    0.0095578800    0.0011963300
  -0.0044389000   -0.0065069300    0.0007389000
  -0.0015576500   -0.0006672200    0.0001197800
  -0.0027737300    0.0079352700    0.0002416000
  -0.0024902000    0.0050211300    0.0002368300
  -0.0004271000    0.0248836300   -0.0270349900
  -0.0021233400    0.0028999500   -0.0025723300
   0.0008840800    0.0249445900    0.0362910400
  -0.0026487000    0.0028806200    0.0029616700
   0.0028837600    0.0131803600    0.0163150800
  -0.0028671600    0.0020243000    0.0020391900
  -0.0047774000    0.0131559400   -0.0182607600
  -0.0024241100    0.0020043900   -0.0035854500
   0.0031862700   -0.0228068800    0.0018812300
   0.0110107100   -0.0141734700   -0.0028139400
   0.0030852100    0.0100891700    0.0001800800
   0.0016862800    0.0100668300    0.0017087600
   0.0048357900   -0.0228025600   -0.0010084900
   0.0065752000   -0.0141750600    0.0084775100
   0.0026000500    0.0100851700   -0.0004802800
   0.0021899000    0.0100743000   -0.0009419900
  -0.0001691800    0.0028552500   -0.0005409300
   0.0045872800    0.0026314100   -0.0017200500
   0.0052789800    0.0028413600    0.0004404000
   0.0000639600    0.0026113900    0.0009052400
  -0.0243273500    0.0226004000    0.0052887100
   0.0210672700    0.0152772300    0.0024406300
   0.0302377200    0.0226713400   -0.0038212900
  -0.0313914800    0.0152007800   -0.0131955700
  -0.0021865500    0.0185508500    0.0026184000
   0.0048465000    0.0033131400    0.0010003300
   0.0060518700   -0.0095070000   -0.0002264000
   0.0035102000   -0.0015605500   -0.0000402300
   0.0023903900    0.0039319100   -0.0038075700
   0.0012179400    0.0015852300    0.0000609900
   0.0046544400   -0.0038126000    0.0014835300
   0.0037562400   -0.0009827500    0.0007640200
  -0.0002780600   -0.0138607400    0.0005980000
   0.0075020600   -0.0027189600    0.0011708900
  -0.0026362800    0.0338439900    0.0084337600
  -0.0022011900    0.0029516700   -0.0009918400
   0.0023573500   -0.0017630100   -0.0023856900
   0.0039085800   -0.0005699200   -0.0005434800
   0.0036840200    0.0026909500    0.0017202000
   0.0020977900    0.0013896900    0.0001162200
   0.0011888600    0.0000542900    0.0065174600
  -0.0018117600   -0.0022764200    0.0019609200
  -0.0041014400   -0.0070586600   -0.0032635100
  -0.0011893800   -0.0032691600   -0.0001121500
   0.0055130000    0.0102460400   -0.0103635600
  -0.0048136400   -0.0016927700   -0.0013278500
  -0.0029560100   -0.0102412200    0.0024526100
   0.0018025500   -0.0063576500    0.0037035100
  -0.0002197700   -0.0053563400    0.0011705800
  -0.0015910400   -0.0040384600   -0.0003828200
  -0.0018910200    0.0011865100   -0.0054487700
  -0.0017711600    0.0002062200   -0.0001824000
  -0.0009370400   -0.0096638300   -0.0015513900
  -0.0025890700   -0.0058607900   -0.0017723600
   0.0102631700    0.0305426700   -0.0173437900
   0.0003479200    0.0035389500    0.0006003100
   0.0029861400   -0.0103593400    0.0006705400
  -0.0004435600   -0.0053573700    0.0007784100
  -0.0005318100    0.0189029900   -0.0022122700
   0.0061137500    0.0024997300   -0.0043136100
   0.0023487900   -0.0050420600   -0.0015718100
   0.0010967300   -0.0040424600   -0.0006849700
  -0.0007765600    0.0002497400    0.0034158100
   0.0006702400    0.0008615600   -0.0009627300
  -0.0096240200    0.0293851300   -0.0057477300
  -0.0033238500   -0.0013667100    0.0022654300
  -0.0008209700   -0.0107331700   -0.0012730500
   0.0034652500   -0.0059569100   -0.0017567300
   0.0021726500   -0.0006449400   -0.0030423100
   0.0001125300   -0.0017423900    0.0006302900
   0.0003275300   -0.0043166900    0.0014694000
   0.0014863500   -0.0034736500    0.0010363600
  -0.0033558100    0.0016616300   -0.0014105500
  -0.0033800000    0.0015886000    0.0025483300
  -0.0042059100   -0.0010908200    0.0004954200
  -0.0033292200   -0.0012374700    0.0001047200
   0.0019449500    0.0066278200   -0.0006946200
   0.0125799800    0.0247426800    0.0070256100
  -0.0058447600   -0.0049624200    0.0016175500
  -0.0036160400   -0.0083718600    0.0022363000
  -0.0033903000   -0.0013434000    0.0002949200
  -0.0077636300   -0.0034541300    0.0027102300
  -0.0041345500    0.0021808800   -0.0018791500
   0.0026658000    0.0051887500   -0.0070038100
  -0.0004604300   -0.0027838200   -0.0033775800
  -0.0057017100   -0.0048728200   -0.0023237500
  -0.0081836900    0.0022576000    0.0041391200
   0.0036094700    0.0036821600    0.0081918000

1    
  0.0000000000000000  -0.0100000000000000  -0.0000000000000000
   0.0154228500    0.2137203200   -0.0078390500
  -0.0026543600    0.0115391100    0.0011980500
  -0.0020582500   -0.0202706500   -0.0003064600
  -0.0025729000   -0.0054290100   -0.0003704600
  -0.0008160100    0.0105158300    0.0000894600
  -0.0036533900    0.0047220000    0.0007024600
  -0.0024607200   -0.0038116500    0.0005852600
  -0.0027351600   -0.0009205700    0.0005852300
  -0.0048421200   -0.0207657200    0.0264715900
  -0.0031486900    0.0011833200    0.0017578700
  -0.0061299200   -0.0207060700   -0.0366332500
  -0.0026319600    0.0011633700   -0.0037400800
  -0.0081211900   -0.0090431300   -0.0171014300
  -0.0024062300    0.0020500800   -0.0028220700
  -0.0005120800   -0.0090685600    0.0172831200
  -0.0028536700    0.0020297100    0.0027549800
   0.0019028400    0.0267267600   -0.0010784000
  -0.0057196000    0.0180866200    0.0035345000
   0.0020599300   -0.0059464700    0.0006640300
   0.0033832100   -0.0059432700   -0.0008354800
   0.0002574800    0.0267307300    0.0018613800
  -0.0013500800    0.0180853200   -0.0074697900
   0.0025495700   -0.0059504200    0.0012754100
   0.0029080000   -0.0059358600    0.0017293000
   0.0053258300    0.0012143800   -0.0002642200
   0.0005952500    0.0014518100    0.0009075900
  -0.0000823500    0.0012001200   -0.0012367800
   0.0050809000    0.0014312700   -0.0016976700
   0.0296196600   -0.0185410700   -0.0060832400
  -0.0159673700   -0.0109817900   -0.0033772200
  -0.0247064900   -0.0184707900    0.0029584200
   0.0361862600   -0.0110609000    0.0122519100
   0.0084005900   -0.0181434000   -0.0018658700
   0.0016322100   -0.0025747400   -0.0006754000
   0.0004470500    0.0101926400    0.0005153100
   0.0029504000    0.0022676900    0.0003597800
   0.0040923700   -0.0032064000    0.0040857900
   0.0052391600   -0.0008614600    0.0002570800
   0.0018201200    0.0045045600   -0.0011460700
   0.0027043000    0.0016950700   -0.0004338900
   0.0067932700    0.0147395700   -0.0010029100
  -0.0010838100    0.0034461900   -0.0015279000
   0.0076244700   -0.0306944400   -0.0079376600
   0.0085531500   -0.0021693600    0.0006252700
   0.0040394500    0.0024919400    0.0020066600
   0.0024926300    0.0013130300    0.0001755700
   0.0027175300   -0.0019140700   -0.0020638100
   0.0042879500   -0.0006249700   -0.0004754800
  -0.0035156900   -0.0047458900   -0.0050719300
  -0.0005425600   -0.0024303200   -0.0005258800
   0.0017324300    0.0023240700    0.0046401300
  -0.0011470400   -0.0014263600    0.0015242700
  -0.0073954400   -0.0156443100    0.0110684300
   0.0023988900   -0.0030222400    0.0027321600
   0.0005863000    0.0054808000   -0.0009926300
  -0.0041116900    0.0016402500   -0.0022486800
  -0.0021534000    0.0005965100   -0.0025597600
  -0.0007899100   -0.0007116600   -0.0010200900
  -0.0004966500   -0.0058818200    0.0040077700
  -0.0006184200   -0.0049108400   -0.0012103500
  -0.0014752400    0.0048753000    0.0001825800
   0.0001981200    0.0010976200    0.0003638100
  -0.0119667500   -0.0347174700    0.0150088000
  -0.0027304600   -0.0082154400   -0.0019938300
  -0.0007449800    0.0055474200   -0.0021081100
   0.0027240300    0.0005886300   -0.0021799600
   0.0031059400   -0.0233231600    0.0010317500
  -0.0037996400   -0.0071810800    0.0028605100
  -0.0000704600    0.0002831500    0.0001551800
   0.0011777000   -0.0007108300   -0.0007288000
   0.0030343100   -0.0049637100   -0.0048232600
   0.0015882100   -0.0055586400   -0.0004688000
   0.0131159700   -0.0352486600    0.0081369000
   0.0054962900   -0.0033348700   -0.0008501900
   0.0030160100    0.0059777100    0.0026536500
  -0.0012161500    0.0012483500    0.0031432100
   0.0000565800   -0.0040330900    0.0044149300
   0.0021031400   -0.0029541700    0.0007677300
   0.0018943300   -0.0003839500   -0.0000545200
   0.0007452000   -0.0012199500    0.0003721500
  -0.0032254800   -0.0009395500    0.0017414400
  -0.0031953500   -0.0008690100   -0.0021633900
  -0.0023821700    0.0017963100   -0.0001539400
  -0.0032442600    0.0019432400    0.0002329400
  -0.0085055700   -0.0058960200    0.0010405000
  -0.0199170200   -0.0243765600   -0.0070508200
  -0.0007564300    0.0056453000   -0.0012646100
  -0.0029336500    0.0090340300   -0.0018498200
  -0.0031249100    0.0020750600   -0.0006311100
   0.0012371200    0.0041582600   -0.0030537100
  -0.0023740700   -0.0014094200    0.0015353800
  -0.0091172800   -0.0043764500    0.0066073500
  -0.0060393900    0.0035021600    0.0030227800
  -0.0008158200    0.0055564800    0.0019878200
   0.0016584400   -0.0014793200   -0.0044485500
  -0.0100432200   -0.0028725200   -0.0084308900

1    
  0.0000000000000000   0.0000000000000000   0.0100000000000000
  -0.0130303000    0.0091554400   -0.2073110500
  -0.0030433400    0.0012496100   -0.0101320100
  -0.0009635200    0.0027082500   -0.0093803300
  -0.0032260200    0.0028136900   -0.0037308100
  -0.0016689400    0.0023727300    0.0184557600
  -0.0028976700    0.0017476300    0.0090990500
  -0.0030572700    0.0018525600    0.0077645000
  -0.0026530800    0.0018569800    0.0042587300
   0.0040407700   -0.0345997100    0.0159083100
  -0.0026692500   -0.0013188200   -0.0018245000
  -0.0049169600    0.0289240600    0.0158363900
  -0.0027499300    0.0042075200   -0.0018296000
   0.0019953600    0.0197475900    0.0176584600
  -0.0027013100    0.0052046100    0.0021833700
   0.0016159800   -0.0146347700    0.0176710000
  -0.0045004000   -0.0003925100    0.0021813500
   0.0252247200    0.0005804300    0.0206829800
  -0.0303178100    0.0100626100    0.0183988300
   0.0055885500    0.0011503300    0.0018807200
  -0.0011671200    0.0006864200    0.0001055700
  -0.0255959400    0.0035295900    0.0206087300
   0.0216785600   -0.0011670900    0.0184120300
  -0.0000119400    0.0017877800    0.0018974300
   0.0049447600    0.0033076800    0.0001429600
   0.0038226900    0.0011896900    0.0080426100
   0.0018671400    0.0007195400    0.0086730900
   0.0025108900    0.0021854500    0.0080420300
   0.0021982900    0.0033600200    0.0086735500
  -0.0010672800    0.0054606700   -0.0284673100
   0.0078478300    0.0148150800   -0.0179486300
  -0.0055409000   -0.0036684000   -0.0285161300
  -0.0018688700   -0.0009140000   -0.0178451100
  -0.0008449600   -0.0043740100    0.0261601700
  -0.0014418500    0.0009844900    0.0024736600
   0.0042836900   -0.0027317700    0.0015239000
   0.0023365200   -0.0002623100    0.0015331400
   0.0023891100    0.0000532000   -0.0092690800
   0.0092190400   -0.0018714900   -0.0041156000
   0.0022170600    0.0036592200   -0.0018235000
   0.0043253400    0.0008678600   -0.0013202400
   0.0076309800    0.0047083600    0.0088812200
   0.0051862000    0.0006016700    0.0024774900
   0.0078167200    0.0025426700    0.0262409500
   0.0037253800   -0.0013122200    0.0037919400
   0.0002853700   -0.0010178300   -0.0061793800
   0.0019031000    0.0000795200   -0.0024647800
   0.0007984500   -0.0002741300   -0.0057402000
   0.0026416500    0.0004151500   -0.0030099400
  -0.0045132900   -0.0007616800   -0.0080568400
   0.0013312900    0.0004656700   -0.0025589800
  -0.0023906100   -0.0038880500   -0.0021745300
  -0.0007168100   -0.0027291600   -0.0005562700
   0.0041470700   -0.0060142700    0.0121278300
  -0.0063426200   -0.0046321800    0.0011939600
  -0.0005880000    0.0043720400    0.0027919900
  -0.0008563100   -0.0027064800    0.0032631200
  -0.0029948700   -0.0000865200   -0.0054790200
  -0.0002051300   -0.0015259300   -0.0019522900
  -0.0022875100   -0.0031704400   -0.0086798400
   0.0019553600   -0.0046357100   -0.0055094000
  -0.0002497300   -0.0073505300    0.0037706000
  -0.0026675300   -0.0039099400   -0.0003190500
  -0.0067227500   -0.0117929700    0.0271281800
  -0.0038421800    0.0000577100    0.0023312300
  -0.0016703900    0.0027665300    0.0023404200
   0.0011894900   -0.0027490500    0.0024196400
   0.0002502700   -0.0036545500    0.0173796600
   0.0043923700   -0.0036300400    0.0029240400
   0.0026149000   -0.0036642000   -0.0036798300
   0.0011347600   -0.0026590600   -0.0025686100
   0.0018767000   -0.0013582200   -0.0095162400
  -0.0009045000   -0.0005686600   -0.0051909800
   0.0128425200   -0.0099915800    0.0353501400
   0.0047768300   -0.0007767100    0.0087385800
  -0.0009241800   -0.0057924000    0.0044012300
   0.0015617300   -0.0027854400    0.0025035900
   0.0014508700   -0.0035036900   -0.0074155000
   0.0005831200   -0.0037823100   -0.0036941400
   0.0021564000   -0.0014041400   -0.0023891000
   0.0014059500   -0.0022055100   -0.0016776500
  -0.0063403000    0.0013402800   -0.0048564400
  -0.0046222300    0.0016595800   -0.0095071400
  -0.0042790200    0.0005180100   -0.0015827900
  -0.0040483400    0.0003302300   -0.0022407900
   0.0029678600   -0.0014645100    0.0073359600
   0.0151473500    0.0080206400    0.0223368500
  -0.0019907000    0.0011185900    0.0011085900
  -0.0018479700   -0.0006861800    0.0040152400
  -0.0038063100    0.0005910600   -0.0011442400
   0.0018459600    0.0051957400   -0.0047090600
  -0.0056949400   -0.0025083700   -0.0024170800
  -0.0000348500   -0.0043905600   -0.0058781100
  -0.0031219700   -0.0007176000    0.0022418700
  -0.0057394300   -0.0046671400    0.0001088700
   0.0039016500    0.0047710700   -0.0005943000
  -0.0102895100    0.0089075400   -0.0002150600

1    
  0.0000000000000000   0.0000000000000000  -0.0100000000000000
   0.0118683500   -0.0069617500    0.2061407200
  -0.0021525700    0.0028389000    0.0109527600
  -0.0042935200    0.0013132100    0.0102327300
  -0.0019774900    0.0012513500    0.0045589600
  -0.0035236900    0.0017280600   -0.0175949700
  -0.0023252300    0.0023349400   -0.0082462600
  -0.0021684400    0.0022006000   -0.0069240000
  -0.0025650700    0.0022099200   -0.0034166800
  -0.0091943800    0.0382979700   -0.0166463700
  -0.0026136900    0.0053570700    0.0010143700
  -0.0004771400   -0.0246066600   -0.0167173000
  -0.0025113600   -0.0001489800    0.0010093000
  -0.0072872500   -0.0158232100   -0.0184902000
  -0.0025612900   -0.0011614500   -0.0029455000
  -0.0068358500    0.0187552000   -0.0184770400
  -0.0007681400    0.0044424300   -0.0029478000
  -0.0198636100    0.0034540800   -0.0197726300
   0.0351464300   -0.0058811800   -0.0174773100
  -0.0004608500    0.0029108600   -0.0010641000
   0.0063033700    0.0033623800    0.0006892600
   0.0308885700    0.0005760700   -0.0198467700
  -0.0166408500    0.0051846300   -0.0174608500
   0.0051446300    0.0022758600   -0.0010470300
   0.0001754900    0.0007678700    0.0007268400
   0.0013860100    0.0028405900   -0.0088301000
   0.0032809500    0.0032963300   -0.0094550400
   0.0026809500    0.0018825200   -0.0088302900
   0.0029634800    0.0007059100   -0.0094548900
   0.0062223500   -0.0013445500    0.0277522000
  -0.0025963300   -0.0106564700    0.0171078900
   0.0106594400    0.0076765900    0.0277015500
   0.0072490300    0.0048760500    0.0172126000
   0.0060630100    0.0041750100   -0.0238849800
   0.0079176000   -0.0002614100   -0.0021246900
   0.0021856200    0.0034979700   -0.0011446500
   0.0041287000    0.0009771100   -0.0011900500
   0.0041429600    0.0006866500    0.0096100400
  -0.0027606100    0.0025973000    0.0044464600
   0.0042605400   -0.0029438200    0.0021485200
   0.0021434500   -0.0001504400    0.0016496100
  -0.0012159700   -0.0039293300   -0.0091711100
   0.0012052000    0.0001538200   -0.0028272000
  -0.0016539900   -0.0012581800   -0.0263456400
   0.0026759100    0.0020596600   -0.0041352400
   0.0061245700    0.0017862200    0.0058358000
   0.0044892600    0.0006764200    0.0021085500
   0.0056106200    0.0010060400    0.0053890000
   0.0037558200    0.0003311900    0.0026526000
   0.0021339000   -0.0039188300    0.0094748500
  -0.0036457200   -0.0051449800    0.0039888600
   0.0000687000   -0.0007993000    0.0036292000
  -0.0016150300   -0.0019724800    0.0019985900
  -0.0059062600    0.0006393400   -0.0116620600
   0.0039714800   -0.0000737800    0.0002228100
  -0.0017477400   -0.0090669400   -0.0013587300
  -0.0014898400   -0.0019804000   -0.0018500200
   0.0006065500   -0.0046264000    0.0040746100
  -0.0021657100   -0.0031987400    0.0005701700
  -0.0001036600   -0.0015908200    0.0072714300
  -0.0043135800   -0.0001209900    0.0041143000
  -0.0021335100    0.0026478600   -0.0051690600
   0.0002753400   -0.0008328300   -0.0010860900
   0.0053024700    0.0082939400   -0.0298943500
   0.0014478800   -0.0048065300   -0.0037484600
   0.0039276500   -0.0075103500   -0.0037304800
   0.0010778900   -0.0019862800   -0.0038052300
   0.0024429800   -0.0007804300   -0.0184589100
  -0.0021419800   -0.0011291500   -0.0042899100
  -0.0003448200   -0.0010651400    0.0022696300
   0.0011431000   -0.0020722900    0.0011510700
   0.0003915800   -0.0033974600    0.0080920300
   0.0031758300   -0.0041540200    0.0037638800
  -0.0097586500    0.0046605900   -0.0333672700
  -0.0025186900   -0.0039113700   -0.0072723800
   0.0031750500    0.0010995700   -0.0029691500
   0.0006551200   -0.0018986000   -0.0010687400
   0.0007650200   -0.0011765200    0.0088296800
   0.0016611800   -0.0009138200    0.0050979900
   0.0000766800   -0.0032937400    0.0038032500
   0.0008312000   -0.0024901200    0.0030879600
  -0.0002430800   -0.0006328100    0.0052104200
  -0.0019207600   -0.0009331600    0.0098267700
  -0.0022938000    0.0001895800    0.0019429600
  -0.0025187400    0.0003788700    0.0026054100
  -0.0095722500    0.0021694400   -0.0069980200
  -0.0226528100   -0.0076883800   -0.0223121200
  -0.0045811000   -0.0004035200   -0.0007548400
  -0.0047251200    0.0014267600   -0.0036857900
  -0.0027014600    0.0001648200    0.0008295700
  -0.0083376500   -0.0044143400    0.0043888300
  -0.0008221300    0.0032548200    0.0020962600
  -0.0064707700    0.0050934900    0.0055725100
  -0.0033775200    0.0014652600   -0.0025679100
  -0.0007455900    0.0054054500   -0.0004610400
  -0.0103845600   -0.0040285500    0.0002572200
   0.0038779100   -0.0082360500   -0.0001308000

33   
  0.0100000000000000   0.0000000000000000   0.0000000000000000
   0.0174320100   -0.0030913100   -0.0035202900
  -0.0116541000    0.0035998400   -0.0042244300
  -0.0002497900    0.0047914000    0.0014626300
  -0.0047048900    0.0022873100   -0.0004678900
   0.0065635300    0.0011565800   -0.0004460900
  -0.0095250800    0.0000020200    0.0063704200
   0.0009150200    0.0034178100   -0.0005960200
  -0.0049225400    0.0025303900    0.0015073400
   0.0195243000   -0.0036056000   -0.0050291100
  -0.0113112900   -0.0033456100   -0.0009417200
   0.0048748200   -0.0015081300   -0.0048072400
  -0.0090065400    0.0062541600   -0.0023979100
   0.0006019800    0.0024724200    0.0019790600
  -0.0053279300    0.0009015800    0.0001383400
   0.0002052900    0.0011549400    0.0024893500
  -0.0045632500    0.0026970600    0.0008708300
  -0.0100269100   -0.0032154700   -0.0058837400
   0.0592569400   -0.0134034800   -0.0174774600
  -0.0011435600    0.0045537900   -0.0008932800
   0.0043623600    0.0023409000   -0.0010383400
  -0.0009766000    0.0020766400    0.0034407800
   0.0040733600    0.0021211700    0.0017181700
   0.0015147800    0.0029299100    0.0013874000
   0.0036049700    0.0020575300    0.0011538600
  -0.0024743400    0.0028898000   -0.0028259700
   0.0041230700   -0.0038649600    0.0028209800
   0.0006555700    0.0021333000   -0.0009464100
   0.0053858500    0.0064837700    0.0046817400
  -0.0049551500    0.0069387700    0.0067649200
   0.0076820900   -0.0048339800   -0.0074761900
  -0.0018746400   -0.0007863300   -0.0002582400
   0.0060662900    0.0044423300   -0.0028834900
  -0.1572593900    0.0507425200    0.0527522600
   0.0097721700   -0.0004056700   -0.0006988300
   0.0015941200   -0.0001581100    0.0013607200
   0.0050990700   -0.0010328100    0.0001678100
   0.0017791400    0.0009145000   -0.0007290500
   0.0053342000    0.0004164500   -0.0013951800
   0.0025142200    0.0005885800    0.0001342000
   0.0043427900   -0.0001704000   -0.0004206000
  -0.0034220100   -0.0017638000   -0.0033930700
   0.0069954000    0.0002657500    0.0015328500
  -0.0033891900    0.0019750300    0.0017963400
   0.0069875300   -0.0006742400    0.0006961500
   0.0010174600    0.0012357900   -0.0013602300
   0.0053844200   -0.0002044700    0.0002476900
   0.0010186800    0.0005481200   -0.0019259600
   0.0053761100   -0.0007863500   -0.0009570400
   0.0075987900   -0.0040146100    0.0133977100
   0.0053502800    0.0055850300   -0.0046907700
  -0.0014506000   -0.0029919900    0.0009629000
  -0.0009465300   -0.0042192800    0.0008029000
   0.0001158100   -0.0042247500   -0.0032321600
  -0.0012020200   -0.0020122400    0.0018661100
  -0.0012791100   -0.0019336600    0.0003336700
  -0.0011192500   -0.0026216500    0.0006241100
   0.0018019100   -0.0056619300    0.0048423800
  -0.0009736800   -0.0007403300   -0.0007274400
  -0.0013519700   -0.0008084600    0.0011817800
   0.0088565600   -0.0126740500   -0.0122196100
  -0.0019997100   -0.0033912000   -0.0018199800
  -0.0008122000   -0.0022278400   -0.0005576700
   0.0046776300    0.0051188200   -0.0070656000
  -0.0010886900   -0.0028490700    0.0003277200
   0.0048620900   -0.0063497200   -0.0027529900
   0.0009862400   -0.0009877000   -0.0002105200
   0.0065391000    0.0047060200   -0.0015765600
   0.0057135300   -0.0085008500    0.0055240000
   0.0007571900   -0.0025558300   -0.0003392600
   0.0016863600   -0.0021072300   -0.0014614300
   0.0007401500   -0.0024244500   -0.0019492800
   0.0014105200   -0.0024425300   -0.0024405500
   0.0384484700   -0.0141601000   -0.0124792100
   0.0200939700    0.0029491500    0.0107285300
   0.0005345000   -0.0024990600    0.0011203400
   0.0013106000   -0.0034551400    0.0013804400
   0.0007079600   -0.0018340800    0.0010719300
   0.0015850600   -0.0018431200   -0.0012082000
   0.0010536600   -0.0025561300    0.0004047300
   0.0017420200   -0.0031421400   -0.0002775300
   0.0008361100    0.0012182400    0.0015622200
  -0.0095533500    0.0030971600   -0.0128692900
  -0.0020201300    0.0000397800    0.0008246100
  -0.0046660500   -0.0009738200   -0.0004269000
   0.0008405600    0.0022559300   -0.0000685400
  -0.0095719400   -0.0012672600    0.0040162200
  -0.0020193700    0.0009935700    0.0003741100
  -0.0046613900   -0.0007491000   -0.0003010100
  -0.0000475100    0.0007750100   -0.0008486300
  -0.0099698700    0.0034672800    0.0009143200
  -0.0000469800    0.0019937200    0.0000706200
  -0.0099286800   -0.0093833800   -0.0017522300
  -0.0009144100   -0.0000034900   -0.0024042900
  -0.0044868500    0.0004054500    0.0002517900
  -0.0009218800    0.0008740100   -0.0011342800
  -0.0044872500    0.0000575700   -0.0002492900

33   
 -0.0100000000000000   0.0000000000000000  -0.0000000000000000
  -0.0222692000    0.0075185300    0.0033302600
   0.0065287800    0.0004108900    0.0050866600
  -0.0048878200   -0.0007885600   -0.0006828300
  -0.0004699600    0.0017531400    0.0012765900
  -0.0117392200    0.0028827600    0.0012581400
   0.0044049900    0.0040482500   -0.0056563000
  -0.0060905700    0.0006089100    0.0013992100
  -0.0002405500    0.0015038200   -0.0007218700
  -0.0243613900    0.0066444700    0.0044445900
   0.0061365500    0.0074322600    0.0001092000
  -0.0100767600    0.0055862800    0.0040410500
   0.0038318400   -0.0023062500    0.0015836400
  -0.0058155700    0.0015315200   -0.0028328100
   0.0000991100    0.0031165300   -0.0009749600
  -0.0054314400    0.0028620000   -0.0033490300
  -0.0006600200    0.0013063200   -0.0017140500
   0.0152507000    0.0072370000    0.0066560600
  -0.0575661500    0.0191043700    0.0203361300
   0.0063588000   -0.0005305300    0.0016979200
   0.0007627000    0.0016620000    0.0018398600
   0.0061880300    0.0019490400   -0.0026550600
   0.0010446900    0.0019397200   -0.0009829600
   0.0036790600    0.0011089700   -0.0005967200
   0.0015525400    0.0019750800   -0.0003753000
   0.0077333300    0.0011328400    0.0019983300
   0.0010431900    0.0079205900   -0.0036613500
   0.0046006000    0.0018703500    0.0001105300
  -0.0002100400   -0.0025135300   -0.0055489800
   0.0102195500   -0.0028989800   -0.0075676100
  -0.0026286800    0.0088186900    0.0066408600
   0.0071491700    0.0047943800   -0.0005610300
  -0.0009446300   -0.0004401200    0.0020622900
   0.1658003300   -0.0498897000   -0.0513575600
  -0.0032684200    0.0010920400    0.0010057900
   0.0049404600    0.0008421200   -0.0010787600
   0.0014122100    0.0017236000    0.0001270900
   0.0047398300   -0.0002399200    0.0010469900
   0.0011795700    0.0002574600    0.0017053000
   0.0040127400    0.0000865400    0.0001655300
   0.0021772000    0.0008494700    0.0007214900
   0.0098599600    0.0026328000    0.0030762900
  -0.0005523700    0.0004293100   -0.0019338000
   0.0098934900   -0.0014093000   -0.0021260100
  -0.0005600100    0.0014029100   -0.0010949400
   0.0054499200   -0.0005274000    0.0009728200
   0.0010716000    0.0009162300   -0.0006354500
   0.0054507200    0.0001622300    0.0015490600
   0.0010633500    0.0015140400    0.0005792000
  -0.0098543000   -0.0007735400   -0.0119153900
  -0.0077108700   -0.0104392000    0.0061650400
  -0.0008378300   -0.0017430300    0.0004269600
  -0.0013249500   -0.0004943600    0.0005889400
  -0.0024193900   -0.0004915200    0.0046480000
  -0.0010533700   -0.0027248200   -0.0004844500
  -0.0010157400   -0.0028057200    0.0010707100
  -0.0011540900   -0.0021133100    0.0007730000
  -0.0041351500    0.0009144900   -0.0063001000
  -0.0013350300   -0.0040519200   -0.0006998000
  -0.0009863100   -0.0039651300   -0.0026137900
  -0.0113361900    0.0080662900    0.0109646100
  -0.0003437500   -0.0013884900    0.0003982700
  -0.0015013600   -0.0025433200   -0.0008699500
  -0.0069965800   -0.0099263100    0.0056782200
  -0.0012188700   -0.0019168400   -0.0017719800
  -0.0025813100    0.0016050600    0.0013626200
   0.0013729500   -0.0038024800   -0.0012407100
  -0.0041939400   -0.0094405100    0.0001002800
  -0.0034230600    0.0038178600   -0.0070756500
   0.0015714600   -0.0022210800   -0.0011057500
   0.0006516300   -0.0026718900    0.0000211200
   0.0015880700   -0.0023487400    0.0005132700
   0.0009363400   -0.0023426900    0.0010236900
  -0.0355109600    0.0091990400    0.0135844200
  -0.0181072400   -0.0078023600   -0.0095252400
   0.0017428600   -0.0022232800    0.0002467100
   0.0009908300   -0.0012635100   -0.0000078100
   0.0015771800   -0.0028998600    0.0003141800
   0.0007220000   -0.0028933800    0.0026042500
   0.0012322800   -0.0021748600    0.0009776100
   0.0005491500   -0.0015861900    0.0016649800
  -0.0073799700   -0.0005504900   -0.0012445300
   0.0031752300   -0.0024532000    0.0132031800
  -0.0045054300    0.0006370200   -0.0005077400
  -0.0018414200    0.0016651100    0.0007415000
  -0.0073759500   -0.0015825200    0.0003694000
   0.0031560500    0.0019354300   -0.0035238700
  -0.0045047700   -0.0003212700   -0.0000575900
  -0.0018367200    0.0014272300    0.0006330900
  -0.0064281600   -0.0000707700    0.0004887000
   0.0035752900   -0.0027121600   -0.0013250400
  -0.0064274600   -0.0012773400   -0.0004340700
   0.0036160700    0.0101331000    0.0013541600
  -0.0055313900    0.0007145800    0.0020222600
  -0.0019546600    0.0003212900   -0.0006127400
  -0.0055384800   -0.0001573700    0.0007693900
  -0.0019549000    0.0006537300   -0.0001058800

33   
 -0.0000000000000000   0.0100000000000000   0.0000000000000000
  -0.0041982200    0.0204452500   -0.0040719100
  -0.0004199400    0.0049911300    0.0009975600
  -0.0016974800   -0.0077891100   -0.0027116000
  -0.0025173100    0.0001222600   -0.0002320800
  -0.0048750200    0.0056109100    0.0000777900
  -0.0001052000    0.0032450000   -0.0018402900
  -0.0043253700   -0.0021044100    0.0036593700
  -0.0019073400    0.0007005700    0.0008874900
  -0.0062321000    0.0330404100   -0.0019297000
  -0.0017223400    0.0045623200    0.0012796000
  -0.0104948000   -0.0122772000   -0.0047456400
   0.0001183600   -0.0010367600   -0.0006516100
  -0.0024934500    0.0043087100    0.0002157100
  -0.0023370100    0.0030230500   -0.0004655800
  -0.0031871300   -0.0000839600    0.0009749900
  -0.0020009100    0.0010929900   -0.0001208800
   0.0018619400    0.0083005400   -0.0014205900
  -0.0161332700    0.0266296300    0.0084256600
   0.0064903500   -0.0032452800    0.0011381200
  -0.0014104300   -0.0066321500   -0.0006640300
   0.0012822600    0.0033274400    0.0013614800
   0.0031776600    0.0032765500    0.0016629100
   0.0034312700    0.0005957000    0.0005470500
   0.0020434400    0.0004455300    0.0003641200
   0.0066403600    0.0037988300    0.0024490400
  -0.0021118100    0.0067605800    0.0042912900
   0.0023176400    0.0003283600   -0.0006375500
   0.0036294700   -0.0017578100   -0.0052256300
   0.0054902400    0.0038627700   -0.0048176100
  -0.0058212400    0.0052317100   -0.0089833800
   0.0007020400   -0.0010977100    0.0006857600
   0.0095774900   -0.0031669900    0.0046204100
   0.0530943500   -0.1079471300    0.0116304800
   0.0025148200   -0.0006208300    0.0000815500
   0.0027574000    0.0052899100   -0.0001837500
   0.0018890500    0.0017649500    0.0004317000
   0.0038298300   -0.0003998700   -0.0002547600
   0.0033376500   -0.0003084000    0.0003840100
   0.0035090500    0.0012918600   -0.0006192500
   0.0027503100    0.0009764700   -0.0000370000
   0.0048990600    0.0195820000    0.0131286600
   0.0021903000    0.0003854700   -0.0002418700
   0.0010263300    0.0198433200   -0.0105853700
   0.0031467000    0.0003749600   -0.0005573200
   0.0034169300   -0.0000458300   -0.0016614400
   0.0020770000    0.0006326900   -0.0008006100
   0.0041064000   -0.0000581900    0.0006789000
   0.0026710100    0.0006277500   -0.0000729500
  -0.0070095300   -0.0075064200   -0.0055730800
  -0.0046622700   -0.0094215700    0.0039672800
  -0.0002671300    0.0002812600    0.0016157500
  -0.0011430400   -0.0004449500    0.0006350200
   0.0005682500   -0.0057244400   -0.0011322800
  -0.0012321500   -0.0036064600    0.0010255200
  -0.0013187800   -0.0004814200    0.0012538500
  -0.0016135800   -0.0011666100    0.0002565200
  -0.0067889200    0.0031964000   -0.0103972600
   0.0004843900   -0.0024931000   -0.0013684800
   0.0007515800   -0.0029909300    0.0012302600
  -0.0041692900    0.0005473400    0.0024240600
  -0.0017358900   -0.0023271200    0.0011631600
  -0.0008736200   -0.0017803300   -0.0001983300
   0.0011273200    0.0008676000   -0.0033844300
  -0.0020379700   -0.0031463300   -0.0016462600
  -0.0065763900    0.0032861900    0.0056878800
   0.0030952700   -0.0019334300   -0.0003176800
   0.0085800700   -0.0000229800   -0.0021316500
  -0.0026080700   -0.0007677600   -0.0024313900
   0.0011650100   -0.0022867900   -0.0019745300
   0.0012915400   -0.0020279400   -0.0009706000
   0.0013506100   -0.0025471300   -0.0009156400
   0.0008196900   -0.0026974200   -0.0004342900
  -0.0089948200   -0.0088280400    0.0061236100
   0.0043493400   -0.0065828800   -0.0000515400
   0.0015455700    0.0014281400    0.0004055700
   0.0008664200   -0.0002304600    0.0015692500
   0.0012681400   -0.0031922200   -0.0005336500
   0.0016281300   -0.0034995300    0.0006303400
   0.0009837400   -0.0015092700    0.0005441400
   0.0006161900   -0.0011273700    0.0011166700
  -0.0051888700   -0.0009798700    0.0000760700
  -0.0016650400   -0.0055962900    0.0022645200
  -0.0039283500    0.0014822800   -0.0006990400
  -0.0021927200    0.0041183600   -0.0002477700
  -0.0041580700   -0.0009807100    0.0007127800
  -0.0060185100   -0.0056132200   -0.0016073700
  -0.0029774700    0.0014846600    0.0000638000
  -0.0019679900    0.0041279000    0.0002628200
  -0.0048665500    0.0000118200   -0.0000335600
   0.0064352500    0.0117929400   -0.0100365900
  -0.0036624300    0.0000023200    0.0001065700
  -0.0063779700    0.0119133700    0.0075568000
  -0.0037572800    0.0003582300    0.0003190900
  -0.0029467000    0.0001910000    0.0008171200
  -0.0028903300    0.0003517800   -0.0004002300
  -0.0032851100    0.0001734100   -0.0017840400

33   
  0.0000000000000000  -0.0100000000000000  -0.0000000000000000
  -0.0006843700   -0.0162968100    0.0044855300
  -0.0047705800   -0.0009459300   -0.0002228400
  -0.0034835100    0.0118601100    0.0035435300
  -0.0026379000    0.0039006900    0.0010325900
  -0.0002276800   -0.0015767900    0.0007359500
  -0.0050833600    0.0007486800    0.0026532000
  -0.0008205200    0.0061630700   -0.0029192800
  -0.0032539900    0.0033290200   -0.0001055600
   0.0024993700   -0.0315196600    0.0018812800
  -0.0035096000   -0.0006091100   -0.0020865100
   0.0052627400    0.0162725200    0.0038963600
  -0.0053474400    0.0050794100   -0.0001988800
  -0.0027139500   -0.0003466600   -0.0010591900
  -0.0028809000    0.0009592000   -0.0003765200
  -0.0020403200    0.0041228400   -0.0018234000
  -0.0032110700    0.0029263300   -0.0007128800
   0.0033453300   -0.0042723000    0.0022388700
   0.0207576000   -0.0225354100   -0.0072543300
  -0.0013640000    0.0073130600   -0.0003590500
   0.0066604000    0.0107235500    0.0014747400
   0.0039205100    0.0006766900   -0.0005860900
   0.0019801400    0.0007696200   -0.0009046400
   0.0017423000    0.0034333600    0.0002439800
   0.0031528000    0.0035763300    0.0004378700
  -0.0014294700    0.0001587600   -0.0033090500
   0.0073721600   -0.0028540900   -0.0051875900
   0.0029143400    0.0036971600   -0.0002065300
   0.0016496400    0.0058053600    0.0043885200
  -0.0002666900    0.0000767500    0.0039869300
   0.0111131000   -0.0013734800    0.0081638700
   0.0045432500    0.0051388000   -0.0014918800
  -0.0043043800    0.0072128800   -0.0054471200
  -0.0491227200    0.1135379400   -0.0092121400
   0.0040296800    0.0012861000    0.0002016000
   0.0037744100   -0.0046458900    0.0004814100
   0.0046622200   -0.0011135000   -0.0001440500
   0.0026922300    0.0010746600    0.0005515100
   0.0031953100    0.0009778400   -0.0000917800
   0.0030239100   -0.0006387700    0.0009209000
   0.0037870200   -0.0003183700    0.0003320400
   0.0015317300   -0.0191883800   -0.0137792900
   0.0042842100    0.0003284800   -0.0001521300
   0.0054394400   -0.0189269100    0.0100133900
   0.0033268800    0.0003178100    0.0001628600
   0.0030478000    0.0007621900    0.0012885000
   0.0043940000    0.0000704600    0.0004158100
   0.0023600300    0.0007499800   -0.0010721200
   0.0038085100    0.0000654600   -0.0003232400
   0.0047337700    0.0028563600    0.0069734500
   0.0023687300    0.0046490100   -0.0025638500
  -0.0020033400   -0.0050482900   -0.0002224500
  -0.0011407400   -0.0043240100    0.0007633400
  -0.0028415400    0.0009827500    0.0025226200
  -0.0010324300   -0.0011262400    0.0003708500
  -0.0009426700   -0.0042883300    0.0001201200
  -0.0006635200   -0.0035860900    0.0011299500
   0.0045566700   -0.0080693700    0.0091246100
  -0.0028168100   -0.0022918800   -0.0000566700
  -0.0030651300   -0.0018001000   -0.0026558000
   0.0019352300   -0.0054182000   -0.0039597300
  -0.0005658000   -0.0024486400   -0.0026175400
  -0.0014417800   -0.0029999500   -0.0012378300
  -0.0035142400   -0.0057445600    0.0020374400
  -0.0002768100   -0.0016514100    0.0002138000
   0.0090235100   -0.0081494100   -0.0072455600
  -0.0007760700   -0.0028408600   -0.0011419000
  -0.0062021200   -0.0047654000    0.0006550600
   0.0049591300   -0.0040519800    0.0010071500
   0.0011765600   -0.0024963700    0.0005422900
   0.0010448600   -0.0027561000   -0.0004758800
   0.0009866800   -0.0022452200   -0.0005243300
   0.0015250700   -0.0021027500   -0.0010128100
   0.0112054600    0.0042351500   -0.0047187600
  -0.0019412400    0.0018938900    0.0014614100
   0.0007677200   -0.0061980500    0.0009713900
   0.0014219300   -0.0045268000   -0.0002010600
   0.0010247100   -0.0015397800    0.0019136600
   0.0006719000   -0.0012261800    0.0007487000
   0.0013175600   -0.0032460400    0.0008359100
   0.0016786300   -0.0036227500    0.0002606000
  -0.0013057700    0.0016534100    0.0002386400
  -0.0048228100    0.0062974100   -0.0020892100
  -0.0025686000   -0.0008325400    0.0010251100
  -0.0043241300   -0.0034876300    0.0005778700
  -0.0023442600    0.0016526900   -0.0003954800
  -0.0004236100    0.0062802000    0.0020866200
  -0.0035299800   -0.0008302700    0.0002502900
  -0.0045625400   -0.0034783200    0.0000320400
  -0.0015503300    0.0007060600   -0.0003389200
  -0.0130381500   -0.0112599600    0.0098409500
  -0.0027718100    0.0006964900   -0.0004774700
  -0.0001521300   -0.0111386500   -0.0078383900
  -0.0026808600    0.0003516600   -0.0006834300
  -0.0034980400    0.0005282100   -0.0011921800
  -0.0035634800    0.0003452200    0.0000308200
  -0.0031559400    0.0005106000    0.0014094100

33   
  0.0000000000000000   0.0000000000000000   0.0100000000000000
  -0.0075523400    0.0046539400    0.0244211100
  -0.0018735100    0.0028433000    0.0026869400
  -0.0002723700    0.0016077600    0.0017276200
  -0.0024347200    0.0017921600    0.0017590800
  -0.0104594200   -0.0019552700   -0.0090113600
   0.0005047100    0.0018908700   -0.0038539700
  -0.0039456800    0.0033008900   -0.0015622800
  -0.0016856200    0.0025937400   -0.0010721200
  -0.0052672800   -0.0062985400    0.0258866800
  -0.0008113700    0.0027998300    0.0035575600
  -0.0058453500    0.0012211000    0.0086035000
  -0.0000838800    0.0006517500    0.0022332900
  -0.0029247800    0.0001264000   -0.0059582500
  -0.0020882700    0.0017083300   -0.0032362100
  -0.0045855600    0.0041751800   -0.0063959200
  -0.0020571900    0.0023532900   -0.0026901000
   0.0019000600    0.0011351600    0.0075704300
  -0.0199047600    0.0092387300    0.0227772700
   0.0022461600    0.0034245900    0.0013319300
   0.0034706000    0.0040249200    0.0042507400
   0.0065262400    0.0004281300   -0.0046127400
  -0.0017754800    0.0043304100   -0.0092269800
   0.0032732200    0.0023161800   -0.0013546400
   0.0016650500    0.0019323000   -0.0020160900
   0.0004773900    0.0037142800   -0.0026505000
   0.0067808300    0.0088244700   -0.0061091400
   0.0026111600    0.0015327400   -0.0013874100
   0.0032124600   -0.0008822100   -0.0049367600
   0.0057779900   -0.0022879100   -0.0008546300
  -0.0059963500   -0.0062777000   -0.0005026500
   0.0069894000    0.0051837100    0.0019738400
  -0.0036872200    0.0041443500   -0.0001337100
   0.0562446800    0.0114278200   -0.1249012300
   0.0024020600    0.0002685200   -0.0011376700
   0.0044664900    0.0000044400   -0.0021294200
   0.0032659500    0.0006198300   -0.0006341700
   0.0023675900   -0.0000739800    0.0055271800
   0.0017032200    0.0005678700    0.0018881700
   0.0032319800   -0.0004332800    0.0014449800
   0.0026772400    0.0001484200    0.0010564500
   0.0012785100    0.0106294600   -0.0008772200
   0.0023447700    0.0006965300   -0.0013794000
   0.0064596200   -0.0130734700   -0.0008842400
   0.0015086900    0.0003766900   -0.0013796400
   0.0049734700   -0.0005454100    0.0023717200
   0.0040029500    0.0002091100    0.0008696600
   0.0043999900    0.0018135800    0.0023738600
   0.0027968200    0.0009417500    0.0008681100
   0.0091081900   -0.0050364100    0.0061409100
  -0.0049961400   -0.0058631600    0.0025516100
  -0.0011966100   -0.0027503500    0.0000396400
  -0.0017812200   -0.0017914900    0.0005970800
  -0.0041603800    0.0013227700    0.0054200000
   0.0009413700   -0.0017442700    0.0015988200
  -0.0014517600   -0.0038313500    0.0014278400
  -0.0006326700   -0.0026708100    0.0011250900
  -0.0004702400   -0.0032274200   -0.0000918300
  -0.0025702400   -0.0037697500   -0.0012190000
   0.0005150800   -0.0008857000   -0.0009194900
  -0.0053868500    0.0020483600    0.0048137200
  -0.0014389000   -0.0017540200   -0.0005582100
  -0.0003744400   -0.0017944900   -0.0000817900
  -0.0097128200   -0.0144932700    0.0105293800
  -0.0002187600   -0.0026367300   -0.0005275800
   0.0047119400   -0.0037578500   -0.0058462100
   0.0015481700   -0.0020705000   -0.0027708100
  -0.0021476100   -0.0053080700   -0.0048121800
   0.0000823100    0.0003878300   -0.0063892300
   0.0012084500   -0.0025745600    0.0004910700
   0.0007903800   -0.0030326900    0.0010662200
   0.0017896700   -0.0017600100    0.0022683800
   0.0017540700   -0.0033472000    0.0023981400
  -0.0142130100    0.0040450300   -0.0038461400
   0.0038767900   -0.0031960600   -0.0039242100
   0.0008119000   -0.0033816400   -0.0009002200
   0.0012647200   -0.0024259500   -0.0007980600
   0.0017000900   -0.0027030700    0.0034704300
  -0.0000931900   -0.0020902400    0.0041109200
   0.0011445200   -0.0025712200    0.0017159400
   0.0007791200   -0.0021167400    0.0020328900
  -0.0030311000    0.0008830600    0.0000418700
  -0.0070865300   -0.0015259300    0.0248996400
  -0.0034678100    0.0002390800    0.0001622100
  -0.0027832100    0.0004472900    0.0007757400
  -0.0046486200    0.0002458300    0.0000508100
   0.0096521300    0.0024840100    0.0244679200
  -0.0039128400   -0.0005282200    0.0001662400
  -0.0026633600   -0.0000780100    0.0007821400
  -0.0029881600    0.0000433800   -0.0006872700
  -0.0047735500   -0.0073541300    0.0010544000
  -0.0039054400    0.0001824400   -0.0006861800
  -0.0021235500    0.0102671400    0.0010637500
  -0.0041929800    0.0005504800    0.0008255700
  -0.0033126200    0.0019219400    0.0014291300
  -0.0054426400   -0.0001619600    0.0008210100
  -0.0028097900   -0.0006601700    0.0014282700

33   
  0.0000000000000000   0.0000000000000000  -0.0100000000000000
   0.0037026500    0.0002223600   -0.0256324000
  -0.0033163400    0.0012109900   -0.0019198200
  -0.0049020800    0.0023928200   -0.0009490700
  -0.0027488100    0.0022351300   -0.0009719800
   0.0052415000    0.0059808300    0.0098587400
  -0.0056915100    0.0021299900    0.0047004800
  -0.0012489800    0.0007139500    0.0024021200
  -0.0034955400    0.0014391100    0.0018896800
   0.0002165000    0.0100633700   -0.0267114400
  -0.0044465100    0.0011951600   -0.0043776500
   0.0006333800    0.0028346600   -0.0094562900
  -0.0051607300    0.0033630800   -0.0030792400
  -0.0023192500    0.0039232300    0.0051636200
  -0.0031401600    0.0023128100    0.0024192900
  -0.0006343000   -0.0002046100    0.0056118800
  -0.0031785500    0.0016465400    0.0018763900
   0.0032974000    0.0029124800   -0.0067711300
   0.0241126900   -0.0047879200   -0.0218673400
   0.0029354400    0.0005854600   -0.0005395100
   0.0016776500   -0.0000177900   -0.0034578400
  -0.0014139900    0.0036232300    0.0054464600
   0.0069978700   -0.0003390800    0.0100990300
   0.0018871900    0.0017102500    0.0021640000
   0.0035038800    0.0021032100    0.0028226500
   0.0047585100    0.0003124300    0.0018547400
  -0.0015502100   -0.0047740300    0.0053333000
   0.0026014900    0.0024710700    0.0005782600
   0.0020168600    0.0048936400    0.0041532100
  -0.0005681600    0.0063118200   -0.0000100900
   0.0112408200    0.0103561700   -0.0004265700
  -0.0018094100   -0.0012040100   -0.0028428600
   0.0089232400   -0.0001545200   -0.0007113900
  -0.0493877400   -0.0105822900    0.1290528400
   0.0041188900    0.0004000200    0.0014420900
   0.0020430200    0.0006797100    0.0024409300
   0.0032414900    0.0000555400    0.0009431400
   0.0041601400    0.0007436700   -0.0052447000
   0.0048198800    0.0001036100   -0.0015957500
   0.0032798400    0.0011184000   -0.0011517600
   0.0038356600    0.0005289700   -0.0007584000
   0.0051698900   -0.0099255700    0.0005752900
   0.0041058500    0.0000180700    0.0010076000
  -0.0000406900    0.0138747300    0.0005687300
   0.0049449000    0.0003289000    0.0010071700
   0.0014677900    0.0012476200   -0.0027707700
   0.0024361800    0.0005012500   -0.0012596800
   0.0020367100   -0.0010945400   -0.0027685500
   0.0036493600   -0.0002328400   -0.0012611500
  -0.0113358700    0.0002473300   -0.0047197600
   0.0027170800    0.0011498200   -0.0011721900
  -0.0010971500   -0.0019791200    0.0013627800
  -0.0005127200   -0.0029510100    0.0008040300
   0.0019010700   -0.0061123100   -0.0040599300
  -0.0032605800   -0.0030054300   -0.0001865900
  -0.0008425100   -0.0008850300   -0.0000202400
  -0.0016651400   -0.0020631900    0.0002788300
  -0.0019107300   -0.0015046800   -0.0014123300
   0.0002335200   -0.0010030700   -0.0002138200
  -0.0028529900   -0.0038882400   -0.0005147400
   0.0031065000   -0.0068760100   -0.0062831400
  -0.0008969300   -0.0030254200   -0.0008510100
  -0.0019668000   -0.0029832800   -0.0013376700
   0.0074957200    0.0099032100   -0.0121375300
  -0.0021325600   -0.0021336600   -0.0008890700
  -0.0023953100   -0.0010227000    0.0044199000
   0.0007734800   -0.0027033500    0.0013467500
   0.0044618700    0.0005307300    0.0034352200
   0.0022441700   -0.0051655200    0.0049436800
   0.0011132300   -0.0022080300   -0.0019438300
   0.0015262700   -0.0017482500   -0.0025080500
   0.0005340200   -0.0030162200   -0.0037278600
   0.0005482000   -0.0014093800   -0.0038647500
   0.0164905700   -0.0088003600    0.0053943400
  -0.0015166100   -0.0015354800    0.0053740300
   0.0014613700   -0.0013422700    0.0022960800
   0.0010096400   -0.0023036200    0.0021939200
   0.0005804500   -0.0020389900   -0.0021031900
   0.0023533000   -0.0026553600   -0.0027326800
   0.0011328200   -0.0021579900   -0.0003386000
   0.0014982900   -0.0026174000   -0.0006568100
  -0.0034995900   -0.0002138100    0.0002817300
   0.0004260500    0.0021799100   -0.0242103300
  -0.0030667300    0.0004370400    0.0001579600
  -0.0037479300    0.0002282300   -0.0004570200
  -0.0018721300    0.0004202100    0.0002905500
  -0.0164547700   -0.0018590900   -0.0246412900
  -0.0026110800    0.0012073200    0.0001619300
  -0.0038623800    0.0007588500   -0.0004505200
  -0.0034767000    0.0006692800    0.0003262200
  -0.0016514800    0.0080819300   -0.0014541700
  -0.0025518700    0.0005299100    0.0003273100
  -0.0043460700   -0.0095677100   -0.0014455700
  -0.0022730000    0.0001612600   -0.0011793100
  -0.0031531200   -0.0012296500   -0.0017874700
  -0.0010004200    0.0008823100   -0.0011836400
  -0.0036581800    0.0013912800   -0.0017883900

49   
  0.0100000000000000   0.0000000000000000   0.0000000000000000
   0.0030607600    0.0044043600   -0.0028809900
  -0.0056965700    0.0014101200    0.0029322800
  -0.0009311900   -0.0008745800   -0.0007871800
  -0.0038042600    0.0020233400    0.0008904200
   0.0094066700    0.0086493600    0.0056468100
  -0.0137007100   -0.0015765400   -0.0047406200
  -0.0003430800    0.0002711600    0.0010383100
  -0.0059095800    0.0050035600    0.0007509800
   0.0159626800    0.0128759100    0.0052686800
  -0.0103244700    0.0035725300    0.0022621900
   0.0007402900    0.0023065600   -0.0013672000
  -0.0074199900    0.0006332900    0.0010745900
   0.0007308500    0.0013259300    0.0006956400
  -0.0055872200    0.0014617400   -0.0035351700
  -0.0012497100    0.0029990600    0.0014094200
  -0.0035496500    0.0016288900   -0.0013818700
   0.0342826300    0.0139994200   -0.0114341900
  -0.0081133300    0.0064550800   -0.0032155300
   0.0074489300    0.0039798000    0.0024489300
  -0.0005051500   -0.0002784900   -0.0000372900
   0.0047948500    0.0010063900    0.0000780800
  -0.0006041600    0.0030498400    0.0009494100
   0.0037226000    0.0028390700   -0.0006237800
   0.0010329100    0.0016845700    0.0001278000
   0.0162025700    0.0035472300   -0.0011450300
  -0.0052936200   -0.0028943600    0.0028818400
   0.0068584600    0.0001815700   -0.0031597300
  -0.0011731700    0.0036196800   -0.0003240100
   0.0041921400    0.0039383300    0.0003661500
  -0.0017877500    0.0025084100   -0.0024121800
   0.0033092200    0.0008315800    0.0011094300
   0.0014516300    0.0020820800   -0.0003769400
   0.0119160800   -0.0054664900    0.0103395500
   0.0097474400   -0.0031222400   -0.0036796400
   0.0029194200    0.0012496400    0.0001234700
   0.0034077500    0.0003841100   -0.0004601300
   0.0044938300    0.0020904400   -0.0028612600
   0.0031402900    0.0002826400    0.0022832700
   0.0030946700    0.0001947400   -0.0001359100
   0.0032378700   -0.0000898600    0.0006907400
   0.0090234400    0.0027279300    0.0084606600
   0.0032510500   -0.0004774900   -0.0011230600
   0.0023611300   -0.0001802900    0.0001098700
   0.0035321600    0.0006881800   -0.0009599500
   0.0030117800    0.0023039400   -0.0018399800
   0.0132884300   -0.0026441200    0.0040762100
   0.0061642100   -0.0052857700   -0.0008815000
   0.0033607400    0.0020654300    0.0012417800
  -0.1182124000   -0.0356304300   -0.0183534200
   0.0044634000   -0.0016190300    0.0005371700
  -0.0020661000   -0.0018299600    0.0012912000
   0.0001841400   -0.0022690000    0.0005709800
  -0.0020985900   -0.0024172300    0.0004481600
   0.0001525000   -0.0023090800    0.0013046200
  -0.0019538400   -0.0024065500    0.0007467600
  -0.0006312400   -0.0021080500    0.0008101200
  -0.0116354300    0.0007306000   -0.0029341600
   0.0020052700   -0.0020635700   -0.0003465300
  -0.0116467600   -0.0045856100   -0.0005503500
   0.0020050200   -0.0025046800   -0.0010533900
  -0.0020744400   -0.0024272700   -0.0000977700
  -0.0003210600   -0.0021514200   -0.0003558800
  -0.0020740000   -0.0027134600   -0.0009661300
  -0.0003213700   -0.0021583800   -0.0009115900
  -0.0038147600   -0.0000074600    0.0007210400
   0.0029364500   -0.0026057100   -0.0010843600
  -0.0038616000    0.0005089800   -0.0038669100
   0.0029336200   -0.0034437000   -0.0000890000
  -0.0015293000   -0.0033363400    0.0010480600
   0.0035049400   -0.0024921200   -0.0008253900
  -0.0015157700   -0.0032352900   -0.0014671400
   0.0035141500   -0.0013858100    0.0004839600
  -0.0056354500   -0.0037811800   -0.0052051600
   0.0042360400   -0.0021432400    0.0007986100
   0.0001922800   -0.0013396400    0.0002349700
   0.0020317400   -0.0020984200    0.0007527300
  -0.0056381900   -0.0006692400    0.0037418100
   0.0042373200   -0.0030947700    0.0002436000
   0.0001927000   -0.0023720400    0.0009236800
   0.0020323300   -0.0025834300    0.0007604400
   0.0340149200    0.0105586000    0.0156953800
   0.0156770600   -0.0027607500   -0.0024712100
  -0.0039089900   -0.0000407800    0.0005187800
  -0.0031336200    0.0006292400    0.0000673000
  -0.0037387900    0.0002291000   -0.0003685700
  -0.0028667400   -0.0001263400    0.0014121400
  -0.0033895500    0.0005192500    0.0001849100
  -0.0027017100    0.0008847100    0.0005509500
   0.0021257400   -0.0070563800   -0.0034740900
   0.0012966600    0.0041456000   -0.0012429200
   0.0004666700    0.0081866500    0.0034110100
  -0.0034494100   -0.0015568500    0.0002298100
  -0.0036931400    0.0001909600    0.0004729900
  -0.0030244500    0.0007263800    0.0004461100
  -0.0036757600    0.0003760600   -0.0001097100
  -0.0027444000    0.0002513500   -0.0005269100

49   
 -0.0100000000000000   0.0000000000000000  -0.0000000000000000
  -0.0083108900   -0.0003162600    0.0037304200
   0.0004756000    0.0026630600   -0.0020790900
  -0.0042850400    0.0049420600    0.0016366000
  -0.0014199800    0.0020494300   -0.0000427600
  -0.0148721200   -0.0042741100   -0.0044395000
   0.0084542900    0.0056206500    0.0055392600
  -0.0049168500    0.0037974700   -0.0001562300
   0.0006903900   -0.0009270900    0.0000824800
  -0.0214548400   -0.0093650000   -0.0067365800
   0.0050414200    0.0004782900   -0.0030159000
  -0.0060498200    0.0017519300    0.0005293200
   0.0021400500    0.0034049000   -0.0018558100
  -0.0060322500    0.0027038600   -0.0014749000
   0.0003154800    0.0025980600    0.0027458000
  -0.0040298200    0.0010497000   -0.0021786000
  -0.0017235200    0.0024137000    0.0005916100
  -0.0280279300   -0.0087740800    0.0111889700
   0.0132357300   -0.0024033800    0.0040927800
  -0.0022777100    0.0001039900   -0.0016370800
   0.0056200500    0.0043645300    0.0008829600
   0.0003553800    0.0030842200    0.0007774600
   0.0057075600    0.0010212500   -0.0001146000
   0.0014039500    0.0012341600    0.0014694700
   0.0040773300    0.0023868200    0.0007159200
  -0.0103849600   -0.0001241300    0.0010085900
   0.0104695800    0.0069798400   -0.0036880600
  -0.0016104800    0.0038744700    0.0024020100
   0.0063202200    0.0004139300   -0.0004716300
   0.0010024500    0.0000895300   -0.0011544800
   0.0069437800    0.0015517300    0.0016320800
   0.0018706700    0.0032121000   -0.0018860300
   0.0037158400    0.0019629400   -0.0004043800
  -0.0055129600    0.0062194600   -0.0101086100
  -0.0032886900    0.0038514700    0.0040284100
   0.0035564400   -0.0005433300    0.0002182800
   0.0030535300    0.0003297300    0.0008037200
   0.0019832300   -0.0013760100    0.0031946000
   0.0033132400    0.0004256000   -0.0019234700
   0.0033822600    0.0005138900    0.0004686100
   0.0032274900    0.0008030600   -0.0003463300
  -0.0026254300   -0.0019703900   -0.0087625600
   0.0031452500    0.0012264900    0.0007729200
   0.0040412800    0.0009328100   -0.0004498500
   0.0028670600    0.0000629600    0.0006147300
   0.0034017900   -0.0015696200    0.0015101400
  -0.0068789000    0.0034040300   -0.0044348500
   0.0002517000    0.0060010700    0.0005409900
   0.0030240100   -0.0012928900   -0.0015795600
   0.1192771300    0.0280839500    0.0183092200
  -0.0068006500   -0.0030901100    0.0008949600
  -0.0002778600   -0.0028772400    0.0001636000
  -0.0025191400   -0.0024286700    0.0008745000
  -0.0002350000   -0.0022828600    0.0009889700
  -0.0024886400   -0.0023921500    0.0001377400
  -0.0003843300   -0.0022929400    0.0006922700
  -0.0017034400   -0.0025893800    0.0006310800
   0.0092641400   -0.0052408900    0.0015178000
  -0.0043836200   -0.0026804300   -0.0010337800
   0.0092521500   -0.0004171100   -0.0008495000
  -0.0043839500   -0.0022158000   -0.0003340900
  -0.0003058400   -0.0023063300   -0.0012849400
  -0.0020550800   -0.0025854300   -0.0010265800
  -0.0003053000   -0.0020232000   -0.0004211300
  -0.0020554100   -0.0025771100   -0.0004708100
   0.0061302800   -0.0047514000   -0.0021267300
  -0.0006589600   -0.0021371600   -0.0003186700
   0.0060835800   -0.0052320300    0.0024550600
  -0.0006618500   -0.0012902300   -0.0013158200
   0.0037844800   -0.0014069900   -0.0024382000
  -0.0012358000   -0.0022523600   -0.0005675100
   0.0037976500   -0.0015021700    0.0000613600
  -0.0012268500   -0.0033358600   -0.0018625700
   0.0078302900   -0.0009117600    0.0067177000
  -0.0020076300   -0.0025561500    0.0006189300
   0.0020356400   -0.0033569000    0.0011932700
   0.0001999700   -0.0025967600    0.0006716600
   0.0078277000   -0.0040253400   -0.0024259200
  -0.0020065400   -0.0016109800    0.0012002500
   0.0020359900   -0.0023254600    0.0004958700
   0.0002006200   -0.0021103900    0.0006660800
  -0.0399193400   -0.0096383400   -0.0150279600
  -0.0224999700    0.0035361900    0.0029058900
  -0.0026764700    0.0007417000   -0.0001496300
  -0.0034289500    0.0000785200    0.0003036700
  -0.0028451900    0.0004774200    0.0007321800
  -0.0037054900    0.0008343800   -0.0010530100
  -0.0031864700    0.0001902500    0.0001778700
  -0.0038702900   -0.0001728000   -0.0001870800
  -0.0085833900    0.0077307900    0.0031322400
  -0.0078148600   -0.0034167700    0.0009148200
  -0.0069525500   -0.0074072400   -0.0036998200
  -0.0030384700    0.0023191000   -0.0005482500
  -0.0028209800    0.0005596800   -0.0007860900
  -0.0034743000    0.0000258700   -0.0007629000
  -0.0028370300    0.0003692600   -0.0002085200
  -0.0037548500    0.0005027100    0.0002052800

49   
 -0.0000000000000000   0.0100000000000000   0.0000000000000000
  -0.0012391300    0.0044633400    0.0019885600
  -0.0042002700    0.0021198400    0.0032351300
  -0.0017942700   -0.0026471800   -0.0011193500
  -0.0027318600    0.0011191700    0.0000454500
   0.0012647000    0.0152397800   -0.0026101600
  -0.0050850300    0.0027197200   -0.0018483800
  -0.0070743700   -0.0058120200    0.0071004300
  -0.0011772700   -0.0019612700    0.0000528200
   0.0037415900    0.0343004400    0.0090421100
  -0.0014601800    0.0079104900   -0.0028239600
   0.0016199900   -0.0052352200    0.0046406400
  -0.0052225200   -0.0014431400    0.0011510600
  -0.0031476500    0.0055517400    0.0004133000
  -0.0015737600    0.0045860400    0.0018770200
  -0.0024103400   -0.0009383900   -0.0026532900
  -0.0029099000    0.0003713000   -0.0012208000
   0.0123542900    0.0348000000   -0.0072786400
   0.0034241200    0.0030401400    0.0019761600
   0.0075772800   -0.0063127100   -0.0030022600
   0.0008564000   -0.0015600100   -0.0000245700
   0.0019774100    0.0037560500   -0.0007352100
   0.0040411000    0.0026497000   -0.0010123100
   0.0031091800    0.0000704800    0.0013623700
   0.0021068000    0.0009129300    0.0005625800
   0.0117963000    0.0228768500    0.0013619600
   0.0009464800    0.0068518800    0.0008657900
  -0.0028878000   -0.0059144900   -0.0055408700
   0.0045883200   -0.0009314900   -0.0000075600
   0.0041046900    0.0046235900   -0.0014075500
  -0.0012289900    0.0052338300   -0.0021720100
   0.0022798400   -0.0006298400    0.0009229600
   0.0025602700    0.0003691600   -0.0000900200
   0.0016582100   -0.0048554300   -0.0024331900
   0.0113084000   -0.0067384200   -0.0033303400
   0.0026325800    0.0030056700   -0.0001986700
   0.0014076600    0.0022744500    0.0007640800
   0.0013886200   -0.0030307800    0.0039175100
   0.0036140100   -0.0009015300    0.0008155400
   0.0036901100    0.0022369800   -0.0012751000
   0.0030071200    0.0015481500   -0.0001145400
   0.0107265900    0.0036348000    0.0119722700
   0.0027575700   -0.0003906000    0.0000680700
   0.0022223600    0.0004099600   -0.0008218700
   0.0033861600    0.0009668700   -0.0007769900
   0.0048023500   -0.0002288800   -0.0016797000
  -0.0071284200    0.0033247300   -0.0046411700
  -0.0000484100    0.0059733100    0.0006754900
   0.0048941700    0.0002446200    0.0012048300
  -0.0313141300   -0.1668103600   -0.0104311800
  -0.0004231700   -0.0039054400    0.0004644700
  -0.0006372500    0.0068976400    0.0009230600
  -0.0010815600   -0.0009447000    0.0008678600
  -0.0012267600   -0.0032510100    0.0009240300
  -0.0011214300   -0.0036692800    0.0007609200
  -0.0012188600   -0.0012902700    0.0012174900
  -0.0009216500   -0.0016137300    0.0007949400
  -0.0032549400    0.0401643400   -0.0076566500
  -0.0013266400   -0.0023021100   -0.0005690400
   0.0018176900    0.0411054300    0.0029165300
  -0.0008727300   -0.0023095700   -0.0007186900
  -0.0015266600   -0.0024223200   -0.0000669500
  -0.0009745400   -0.0021100600   -0.0005753400
  -0.0012446600   -0.0024303200   -0.0008715100
  -0.0009655800   -0.0021120100   -0.0008435500
  -0.0017037500   -0.0002468300    0.0023469100
   0.0022449400   -0.0022308700   -0.0005606500
  -0.0012067000   -0.0002522500   -0.0050977500
   0.0014057500   -0.0022339900   -0.0013120200
   0.0020372400   -0.0017366900   -0.0035600200
   0.0001944700   -0.0020333600   -0.0011103300
   0.0021342500   -0.0017514200    0.0021913000
   0.0012878800   -0.0020418500    0.0000070000
  -0.0005409900   -0.0095306900    0.0010770200
   0.0018955100   -0.0038195800    0.0002610700
   0.0011714700    0.0000563700    0.0007495500
   0.0013850400   -0.0012682900    0.0007660000
   0.0025723100   -0.0095367300    0.0000593200
   0.0009406500   -0.0038181800    0.0007529800
   0.0001393200    0.0000563400    0.0012191300
   0.0008986600   -0.0012689700    0.0008191200
   0.0083354900   -0.0062543600    0.0065984600
  -0.0086121500   -0.0039218000   -0.0006407100
  -0.0031278500    0.0041525300   -0.0008194900
  -0.0021854000    0.0024813800    0.0001372700
  -0.0038125900   -0.0004906500   -0.0001350500
  -0.0037966000   -0.0007976800    0.0004858100
  -0.0030839900    0.0012059700   -0.0000087400
  -0.0024981400    0.0015824500    0.0004484100
  -0.0102997500    0.0027330400    0.0027484800
   0.0029073800    0.0020002300   -0.0029373800
   0.0007334500    0.0060625700    0.0011813900
  -0.0046564800    0.0008027300   -0.0004844500
  -0.0032038700    0.0002099000   -0.0007960200
  -0.0031873600    0.0000624400    0.0007957500
  -0.0030755300    0.0004574700    0.0000122300
  -0.0035242700    0.0007199100    0.0004714400

49   
  0.0000000000000000  -0.0100000000000000  -0.0000000000000000
  -0.0039603300   -0.0003969000   -0.0011562400
  -0.0010053000    0.0019051800   -0.0023626000
  -0.0034099800    0.0066744600    0.0019815500
  -0.0024651500    0.0029011300    0.0008140600
  -0.0068595700   -0.0107085000    0.0040545600
  -0.0000903300    0.0013302700    0.0027219500
   0.0019326100    0.0098466400   -0.0063261300
  -0.0040268900    0.0059760900    0.0007912400
  -0.0098513500   -0.0310147300   -0.0110462900
  -0.0037983900   -0.0039039000    0.0020321100
  -0.0068242300    0.0092413900   -0.0053650200
  -0.0000351800    0.0054553900   -0.0019342200
  -0.0021371200   -0.0015768200   -0.0011745500
  -0.0036716300   -0.0005917800   -0.0026450300
  -0.0028319200    0.0049544800    0.0018777300
  -0.0023427500    0.0036377100    0.0004431600
  -0.0061938200   -0.0298882800    0.0073934100
   0.0016847600    0.0010120800   -0.0011451900
  -0.0024848900    0.0103355300    0.0039012900
   0.0043024400    0.0055841700    0.0008746600
   0.0031879900    0.0003076800    0.0016041600
   0.0011139700    0.0013776800    0.0018681200
   0.0020362100    0.0039428400   -0.0005150100
   0.0030490100    0.0031058700    0.0002905700
  -0.0059327500   -0.0194049100   -0.0015174500
   0.0042480300   -0.0028885300   -0.0016426000
   0.0080244400    0.0099298600    0.0047264300
   0.0006157600    0.0049542300   -0.0007784800
   0.0011206100   -0.0006501700    0.0006230800
   0.0064423100   -0.0012467800    0.0014048900
   0.0029212800    0.0046355000   -0.0016843100
   0.0026457600    0.0036404200   -0.0006850300
   0.0048755100    0.0054967600    0.0028244700
  -0.0047391300    0.0073229900    0.0036578400
   0.0038583100   -0.0023331500    0.0005475500
   0.0051099300   -0.0016143400   -0.0004204700
   0.0050987600    0.0036666000   -0.0035418800
   0.0028786400    0.0015687600   -0.0004704700
   0.0027947900   -0.0015794900    0.0016467700
   0.0034923500   -0.0008807200    0.0004680900
  -0.0043415900   -0.0029881600   -0.0123933800
   0.0036665700    0.0010944600   -0.0004060200
   0.0042018400    0.0002784500    0.0004781200
   0.0030472900   -0.0002625800    0.0004405600
   0.0016222400    0.0009522200    0.0013515000
   0.0135876600   -0.0026514200    0.0043116900
   0.0065045900   -0.0053002700   -0.0010182300
   0.0015596800    0.0004360100   -0.0015327800
   0.0308080900    0.1644900000    0.0097490000
  -0.0018777000   -0.0008304600    0.0009960700
  -0.0016680600   -0.0116528700    0.0005104500
  -0.0012245700   -0.0038042500    0.0005844200
  -0.0010758300   -0.0014927800    0.0005231400
  -0.0011877700   -0.0010758100    0.0006843200
  -0.0010886700   -0.0034560500    0.0002317800
  -0.0013863200   -0.0031322700    0.0006542700
   0.0009300100   -0.0459212400    0.0064443700
  -0.0010208000   -0.0024760600   -0.0007977600
  -0.0041376000   -0.0449795400   -0.0042159400
  -0.0014731400   -0.0024838600   -0.0006492500
  -0.0008198200   -0.0023527800   -0.0013097200
  -0.0013766000   -0.0026694100   -0.0008011400
  -0.0011071600   -0.0023610000   -0.0005024700
  -0.0013829500   -0.0026715900   -0.0005326600
   0.0040020200   -0.0045258900   -0.0037427000
   0.0000569700   -0.0025542700   -0.0008308700
   0.0035023700   -0.0045319700    0.0036870900
   0.0009028000   -0.0025574900   -0.0000732700
   0.0002694100   -0.0030347100    0.0021742000
   0.0021093700   -0.0027453200   -0.0002808100
   0.0001707200   -0.0030495200   -0.0035696200
   0.0010133300   -0.0027541200   -0.0014041100
   0.0027803300    0.0047889200    0.0004885100
   0.0003774500   -0.0009179100    0.0011773200
   0.0010902500   -0.0047987600    0.0006764700
   0.0008772800   -0.0034753000    0.0006666800
  -0.0003313300    0.0047825200    0.0012140400
   0.0013184800   -0.0009166100    0.0006744100
   0.0021221200   -0.0047988400    0.0002307500
   0.0013622600   -0.0034758300    0.0006162900
  -0.0150142200    0.0067984900   -0.0062705600
   0.0021425300    0.0045450700    0.0009944200
  -0.0033978700   -0.0034828400    0.0011952200
  -0.0043721100   -0.0018242100    0.0002346000
  -0.0027418700    0.0011520800    0.0005040800
  -0.0027409600    0.0014657100   -0.0001038000
  -0.0034602900   -0.0005405700    0.0003796900
  -0.0040489900   -0.0009224700   -0.0000769400
   0.0038519100   -0.0020191400   -0.0030607500
  -0.0094054600   -0.0012937800    0.0026439000
  -0.0072159300   -0.0053815700   -0.0015249800
  -0.0018364700   -0.0001147200    0.0001770600
  -0.0032742700    0.0005021300    0.0004887000
  -0.0032819900    0.0006474300   -0.0011127900
  -0.0034052700    0.0002380500   -0.0003254800
  -0.0029547200   -0.0000179600   -0.0007838300

49   
  0.0000000000000000   0.0000000000000000   0.0100000000000000
  -0.0057670900    0.0077779500   -0.0083695100
  -0.0011395300    0.0032540900   -0.0028837000
  -0.0021411600   -0.0019348000   -0.0025025100
  -0.0024311400    0.0011971600   -0.0008799700
   0.0062001300   -0.0084051200    0.0127917400
  -0.0043635100   -0.0000108500    0.0009091400
  -0.0023250600    0.0037305500    0.0025065600
  -0.0036876800    0.0049840900    0.0029644500
   0.0029314200    0.0175322500    0.0275504300
  -0.0011541700    0.0007162500    0.0026132200
  -0.0029198300    0.0028908000    0.0040349900
  -0.0001621600    0.0030849700   -0.0000328700
   0.0018535000    0.0067726400   -0.0083974500
  -0.0040765800    0.0015040100   -0.0052145900
  -0.0033949300    0.0001401200   -0.0051945000
  -0.0027898900    0.0016969200   -0.0016656100
  -0.0068072200   -0.0045816400    0.0345056500
  -0.0010270800    0.0035671000    0.0083993800
   0.0024276000    0.0000382400    0.0040586400
   0.0011111100   -0.0004319400    0.0021878400
  -0.0011943100   -0.0017468300   -0.0077286900
   0.0046844300    0.0019396000   -0.0039940500
   0.0022885800    0.0027788300   -0.0026879700
   0.0029107000    0.0023475900   -0.0019788300
  -0.0082968700    0.0033493800    0.0177603700
   0.0045874300    0.0055962500    0.0031955700
  -0.0006262400    0.0006353900    0.0026485900
   0.0059791600    0.0005340500    0.0027103900
   0.0072345000   -0.0020810200   -0.0092084200
  -0.0015752200    0.0022670600   -0.0048944500
   0.0033731400    0.0028777500   -0.0033978100
   0.0018657900    0.0019918300   -0.0022752900
   0.0158587000   -0.0059026000    0.0055638500
  -0.0021942000    0.0036240100    0.0020168200
   0.0035198200    0.0012625200   -0.0005105700
   0.0033519200    0.0002850800    0.0000499200
  -0.0006990400   -0.0014813600    0.0048963800
   0.0044374200    0.0006744200    0.0010300800
   0.0028854100    0.0009186100    0.0008675700
   0.0031768300   -0.0000887600    0.0005675100
   0.0096216200    0.0030712400    0.0111322400
   0.0021976500    0.0012795300   -0.0000042800
   0.0043492600   -0.0015321600   -0.0000414100
   0.0030841200   -0.0001680600    0.0004379300
   0.0013355600   -0.0016053000   -0.0004002300
   0.0148386600   -0.0028349100    0.0053720100
  -0.0023630300    0.0101708900    0.0004697800
   0.0032469900    0.0010067300   -0.0007047900
  -0.0189734900   -0.0119414900   -0.1337939600
  -0.0013305700   -0.0026294800   -0.0016252300
  -0.0005809600   -0.0021569500   -0.0007630400
  -0.0013012500   -0.0022224100   -0.0007171100
  -0.0014220000   -0.0021635300    0.0079618600
  -0.0005633500   -0.0023271900    0.0027846600
  -0.0011180800   -0.0018713000    0.0022468600
  -0.0010578500   -0.0022948300    0.0015966900
  -0.0012920500   -0.0058390100   -0.0109859400
  -0.0008051000   -0.0023498900   -0.0025817400
   0.0010546800    0.0045370500   -0.0109991100
  -0.0015043700   -0.0025019100   -0.0025802800
  -0.0008842500   -0.0022073200    0.0019532500
  -0.0009367900   -0.0022316100    0.0006817700
  -0.0017490100   -0.0030013800    0.0019560400
  -0.0014933300   -0.0024976200    0.0006824400
  -0.0019913100    0.0019902800    0.0003427000
   0.0017693100   -0.0017670800   -0.0008831300
   0.0025937500   -0.0054356700    0.0003555300
   0.0007747200   -0.0025209700   -0.0008837000
   0.0004019400   -0.0052727300    0.0009547700
   0.0023286600   -0.0030929400    0.0000696100
   0.0029092100    0.0004913600    0.0009609100
   0.0010238500   -0.0019744200    0.0000665200
  -0.0018838700   -0.0029293200    0.0306925800
   0.0016211700   -0.0023243700    0.0009083200
   0.0009363100   -0.0018711700    0.0005963100
   0.0010998200   -0.0022619900    0.0009166100
   0.0071720700   -0.0020670400    0.0312818600
   0.0010555400   -0.0028177700    0.0008994200
   0.0016304300   -0.0023266400    0.0005843400
   0.0011065400   -0.0023128000    0.0009133000
   0.0097326800    0.0057428500   -0.0045275800
  -0.0133734600   -0.0004188900   -0.0045205100
  -0.0036891900    0.0000643700   -0.0014396800
  -0.0039394700    0.0012320100   -0.0013374700
  -0.0036151900   -0.0008746000    0.0029488400
  -0.0013469800    0.0002848300    0.0035806400
  -0.0029599300    0.0001995100    0.0011883400
  -0.0022769900    0.0007744400    0.0015047300
  -0.0040946400    0.0017626600   -0.0042967500
   0.0030396300    0.0020676900   -0.0058248900
  -0.0052960400   -0.0061002800   -0.0053027700
  -0.0027172800   -0.0000601700   -0.0022430200
  -0.0044621500    0.0005443400    0.0028074400
  -0.0049791900    0.0000586600    0.0029541200
  -0.0028469800    0.0016210200    0.0010353000
  -0.0039806400    0.0006011300    0.0016065700

49   
  0.0000000000000000   0.0000000000000000  -0.0100000000000000
   0.0006100900   -0.0037940900    0.0091859800
  -0.0040581000    0.0007840100    0.0036890600
  -0.0030454100    0.0059846000    0.0033268800
  -0.0027651100    0.0028496900    0.0016997600
  -0.0119231900    0.0130393900   -0.0109776100
  -0.0007830900    0.0040653100   -0.0000361200
  -0.0029167700    0.0003015900   -0.0016192500
  -0.0014916400   -0.0009511400   -0.0021225700
  -0.0092512500   -0.0148472800   -0.0294417300
  -0.0040541000    0.0032955200   -0.0034401600
  -0.0023655500    0.0011431300   -0.0048784300
  -0.0050720000    0.0009348500   -0.0007739700
  -0.0070479400   -0.0026972900    0.0075786700
  -0.0011799600    0.0025179600    0.0044339800
  -0.0018622300    0.0038561200    0.0043848500
  -0.0024617500    0.0023197800    0.0008822900
   0.0128028100    0.0093113500   -0.0341813500
   0.0061823700    0.0004682300   -0.0075853400
   0.0027294400    0.0039812100   -0.0032861900
   0.0040498300    0.0044843100   -0.0013588800
   0.0062889800    0.0057269100    0.0085410400
   0.0004901700    0.0020933800    0.0048229200
   0.0028563500    0.0012716800    0.0035301300
   0.0022448700    0.0016996000    0.0028124000
   0.0140479800    0.0000896500   -0.0180463600
   0.0006375400   -0.0015912200   -0.0039924700
   0.0058614200    0.0033994200   -0.0033966100
  -0.0007502800    0.0034780700   -0.0034884700
  -0.0020791500    0.0061431700    0.0084249600
   0.0067878800    0.0017589400    0.0040860300
   0.0018298300    0.0011368200    0.0025776600
   0.0033438300    0.0020218600    0.0014699200
  -0.0094564700    0.0066295100   -0.0052635200
   0.0086583400   -0.0029205000   -0.0016730000
   0.0029811900   -0.0005896400    0.0008460400
   0.0031353200    0.0003993200    0.0002905800
   0.0071782100    0.0021592800   -0.0045486800
   0.0020839000    0.0000060000   -0.0007218300
   0.0036199500   -0.0002287300   -0.0005468500
   0.0033232600    0.0007704700   -0.0002451200
  -0.0031712200   -0.0023342900   -0.0114984700
   0.0042480900   -0.0005639200   -0.0003327300
   0.0020820200    0.0022646700   -0.0003006000
   0.0033473200    0.0008877700   -0.0007847000
   0.0050822500    0.0022970400    0.0000376100
  -0.0083933400    0.0035654900   -0.0056917700
   0.0087306600   -0.0093330600   -0.0008177200
   0.0031700400   -0.0002887200    0.0003333800
   0.0190652700    0.0083385500    0.1348044300
  -0.0009919500   -0.0020989000    0.0030577800
  -0.0017234200   -0.0025763100    0.0021998100
  -0.0010126800   -0.0025067800    0.0021455900
  -0.0008957800   -0.0025655600   -0.0065271900
  -0.0017450400   -0.0024046800   -0.0013534800
  -0.0011873600   -0.0028579900   -0.0008166500
  -0.0012516800   -0.0024364300   -0.0001681500
  -0.0010300100    0.0012935300    0.0095189600
  -0.0015611500   -0.0024164600    0.0011844600
  -0.0034343400   -0.0095588500    0.0095054600
  -0.0008546600   -0.0022700500    0.0011859700
  -0.0014666000   -0.0025732400   -0.0033483200
  -0.0014147700   -0.0025393700   -0.0020750700
  -0.0005988900   -0.0017555100   -0.0033454200
  -0.0008598300   -0.0022688600   -0.0020743200
   0.0043158700   -0.0067916200   -0.0017484200
   0.0005281800   -0.0030029400   -0.0005219300
  -0.0002685500    0.0006568800   -0.0017353100
   0.0015258300   -0.0022476400   -0.0005224900
   0.0019159400    0.0004913200   -0.0023883500
  -0.0000317400   -0.0016788300   -0.0014853400
  -0.0005908100   -0.0052399700   -0.0023821600
   0.0012670500   -0.0028010600   -0.0014884800
   0.0042487000   -0.0017763500   -0.0298473200
   0.0006274800   -0.0024037700    0.0005120300
   0.0013270700   -0.0028606800    0.0008266100
   0.0011573400   -0.0024657900    0.0004996200
  -0.0047885100   -0.0026569300   -0.0292586600
   0.0011983700   -0.0019023800    0.0005035900
   0.0006355000   -0.0024004000    0.0008147600
   0.0011506700   -0.0024130200    0.0004963400
  -0.0163771800   -0.0051129700    0.0047455600
   0.0068297500    0.0010799700    0.0048107100
  -0.0028647600    0.0006159500    0.0017901500
  -0.0026003200   -0.0005518200    0.0016878900
  -0.0029065100    0.0015587800   -0.0025911300
  -0.0052086400    0.0003888900   -0.0032287800
  -0.0035821600    0.0004772800   -0.0008326700
  -0.0042688600   -0.0000953700   -0.0011512500
  -0.0024210600   -0.0010070100    0.0039835100
  -0.0095622400   -0.0013548400    0.0055408900
  -0.0011831600    0.0068483100    0.0049964700
  -0.0037496100    0.0007804500    0.0019074400
  -0.0020020900    0.0001694000   -0.0031554200
  -0.0015171800    0.0006536800   -0.0032751300
  -0.0036161700   -0.0008796300   -0.0013662200
  -0.0025007400    0.0001228200   -0.0019340100
